1.944000e-01
3.469262e+02
4.568747e+01
1.599213e+02
5.198711e+00
1.055675e+02
1.813921e+00
5.644454e-04
2.611659e-03
1.057656e-03
2.541717e+00
5.425025e+03
4.196782e+00
1.304079e-03
4.328474e-03
5.420788e-02
3.875942e-02
9.525988e+04
1.219031e-03
7.623121e+01
2.406502e-01
2.487213e+05
4.692862e-01
1.155931e+00
1.336299e-02
2.878552e-02
5.653203e+00
1.717786e+03
3.941172e+00
1.788504e+01
6.606848e-02
2.355733e+03
9.526111e+00
2.810920e+01
3.928755e+00
1.728283e+02
1.345333e+00
9.699943e-04
2.355080e-03
1.149548e-04
7.963034e+01
2.142939e+05
6.425917e-05
1.049631e+02
5.469979e-01
2.468280e-01
9.228883e-02
4.082530e-02
1.607623e-01
6.750638e+02
5.438444e-02
7.594375e+02
3.669425e-01
1.298864e-02
9.533242e-04
1.027939e+02
7.476542e-02
8.764752e+00
1.123076e+02
8.667213e+01
1.036033e-01
1.217483e+01
1.334402e+01
9.248513e-02
1.589796e+00
1.199968e-04
8.684557e-04
1.201420e-03
2.420597e-05
1.008892e-02
5.108954e-03
1.339564e-04
9.363983e-02
1.659384e+00
1.872288e+02
