1.638657e-01
2.026915e+02
2.567033e+01
2.365459e+01
6.138772e+01
9.994622e+00
2.966414e+00
5.804699e-04
1.247091e-01
3.913873e-03
2.632821e+01
2.574421e+05
5.238475e+00
1.575245e-03
4.191540e-01
1.646394e-02
1.444609e-01
3.142476e+06
3.343366e-02
1.929758e+02
9.773217e-03
1.259187e+05
4.371554e+00
1.799074e+00
1.212365e-03
1.621956e-01
3.948821e+01
1.946564e+04
4.134159e+02
6.622976e+00
2.419621e-01
5.649148e+04
2.994095e+01
1.561961e+01
1.376037e-01
7.369935e+02
1.913797e+00
4.239673e-04
3.871429e-03
1.715533e-04
1.782516e+00
9.256243e+04
1.299818e-04
4.945882e+02
3.200830e-02
9.017206e-04
7.918209e-01
2.859988e-01
9.980254e-03
5.001269e+04
1.269361e+00
4.561447e+02
4.678439e-01
1.040125e+00
3.630675e-03
3.194646e+02
6.846603e-02
7.111919e-02
2.748519e+00
4.660198e-01
1.169693e-02
1.865222e+01
1.462085e-01
6.075758e-02
1.650427e+00
2.566347e-04
5.665506e-03
1.050301e-01
8.644713e-05
1.386427e-01
1.057877e+00
4.695184e-05
1.622441e-03
1.493484e+00
1.977364e+02
