3.444296e-01
5.268809e+02
2.291677e+01
3.417124e+01
2.577157e+01
9.358755e+01
2.106771e+00
4.638894e-05
2.758099e-03
1.943067e-03
4.105960e+00
1.065280e+04
8.697430e-01
2.469795e-03
2.353173e-02
5.290330e-02
4.437896e-02
1.964887e+05
4.788728e-03
6.273440e+02
2.824985e-01
4.620855e+04
1.016479e+01
5.931514e-01
2.600550e-02
4.086059e-02
4.557619e+01
4.974017e+02
1.101531e+01
1.709960e+01
1.793012e-01
8.589934e+03
9.032603e+00
7.109822e+01
3.657612e-01
5.038043e+02
1.777758e+00
5.326210e-03
6.762472e-04
1.100588e-04
4.842975e+00
5.800025e+03
2.146772e-03
4.013677e+02
2.015200e+00
8.759074e-02
1.339951e+00
1.341373e-01
1.204912e+00
1.188973e+03
1.085702e-01
3.847629e+02
1.928666e-01
1.969711e-02
3.264094e-03
1.874125e+01
2.736242e-01
4.598615e-01
1.470487e+00
2.953402e+01
2.087331e-02
4.260773e+00
3.933699e-01
1.694343e+00
1.986300e+00
5.078892e-05
1.090516e-03
1.235880e-03
3.939231e-05
4.426710e-02
1.507305e-01
1.125615e-04
9.475896e-03
1.472111e+00
1.197016e+02
