1.015253e-01
2.891918e+02
2.410013e+01
9.157846e+01
2.793380e+02
6.680541e+02
1.844752e+00
8.375928e-05
2.239755e-03
9.250041e-04
2.368318e+01
1.016962e+04
1.249558e+01
2.979719e-03
1.735340e-02
5.590552e-02
3.013145e-02
2.009573e+06
1.383923e-02
1.060834e+03
1.669409e-01
3.516717e+04
6.204516e+00
2.675119e+00
1.164769e-02
3.572256e-01
2.447798e+02
4.773961e+03
3.042806e+00
1.149271e+01
1.304183e+00
2.118648e+05
1.003809e+01
9.944540e+00
7.734170e-01
2.320034e+02
2.203961e+00
7.429799e-04
2.720256e-03
3.727260e-04
1.698872e+01
5.953908e+04
1.215681e-03
1.637539e+03
8.119256e-01
4.911934e-01
1.952326e+00
7.861960e-01
5.706224e-01
6.363562e+03
2.072895e-01
1.337835e+03
2.748459e-01
6.971503e-02
1.276980e-03
3.908752e+01
9.968254e-01
1.186281e+00
3.639289e+00
5.628050e+01
3.935797e-02
5.423848e+01
7.728614e-01
1.853482e-01
1.980281e+00
7.211306e-04
7.001534e-04
1.207539e-02
6.127377e-05
8.442646e-02
3.701601e-01
2.548354e-04
1.985419e-02
1.843168e+00
3.800370e+02
