2.186094e-01
1.241423e+03
1.918909e+01
8.564749e+00
2.084642e+00
5.459970e+01
1.444797e+00
2.309195e-04
1.197338e-03
9.640637e-03
1.149656e+01
9.391504e+03
1.026380e+01
8.120929e-04
1.444030e-01
4.933205e-02
6.470544e-02
9.967792e+05
1.315941e-02
8.377865e+02
1.701318e+00
8.777579e+04
3.217382e+01
3.130349e-01
2.439933e-02
5.606058e-01
4.674750e+01
2.287275e+03
8.128012e+00
5.069195e+00
5.233833e-01
2.834225e+04
7.417733e+00
2.603409e+01
4.867447e-01
3.093364e+01
1.750792e+00
1.358297e-03
1.104409e-03
1.311397e-05
1.488047e+01
7.141072e+04
1.608787e-03
4.888138e+01
7.175509e-01
9.811914e-01
2.495790e-01
7.815964e-02
6.542353e-01
3.377615e+03
6.141178e-01
2.061522e+02
3.232507e+00
2.412710e-02
1.330475e-03
1.720306e+01
2.702004e+00
1.128210e+00
9.448444e+00
3.216854e+01
5.581052e-02
1.315689e+02
5.621355e-01
1.124062e+00
1.958877e+00
9.684713e-05
2.783123e-04
7.661611e-03
2.739866e-04
8.436668e-02
1.647580e-01
1.164321e-05
6.372837e-02
1.320447e+00
2.039115e+02
