5.545699e-02
4.428564e+02
2.766702e+01
3.545439e+02
4.942723e+01
1.066969e+03
1.825875e+00
3.900461e-04
4.026160e-03
6.585312e-04
2.043676e+00
2.564309e+03
6.381979e+00
1.982542e-02
9.968533e-03
3.466110e-03
1.266221e-02
6.714963e+05
1.024927e-01
5.307546e+02
2.126504e-01
1.392377e+05
1.560935e+00
1.072053e-01
1.150376e+00
1.609033e-01
5.552506e+01
5.600654e+03
7.054184e+00
1.631109e+00
5.164903e-01
4.138756e+03
1.314826e+01
6.404330e+00
1.071861e+00
1.343996e+03
2.119127e+00
2.142148e-03
8.218718e-04
3.265385e-05
4.779123e+00
2.107749e+05
1.575448e-03
1.222170e+03
7.797803e+00
1.761076e+00
2.627922e+00
7.595322e-01
2.483146e+00
2.565359e+03
2.653391e-01
7.760989e+01
3.771299e-03
1.168710e-02
3.795385e-03
2.877033e+02
4.101330e-01
2.213977e+00
3.624735e+01
1.587022e+03
1.004722e-01
1.659434e+01
5.904503e+00
1.305385e-01
2.011414e+00
1.061482e-03
1.138043e-02
1.123913e-02
7.507719e-05
4.470059e-02
2.294613e-01
1.000500e-04
2.040083e-01
2.735370e+00
2.937303e+02
