1.034378e-01
6.048885e+00
2.977776e-01
1.737237e+03
1.437249e+02
3.211416e+02
2.747641e+00
2.945532e-04
8.778969e-03
6.574899e-05
1.599302e-01
1.433272e+06
1.229293e-01
4.056367e-03
4.791413e-02
1.751516e-03
8.469792e-02
2.613143e+05
1.868387e-03
8.721980e+01
7.754290e-02
2.377328e+04
1.082154e+00
3.739215e-02
1.571278e-01
6.022730e-01
1.088521e+01
1.259921e+03
3.387936e+00
4.263379e-01
1.106809e+01
5.846911e+04
2.265725e+01
3.886733e+01
2.635270e-01
7.800318e+01
1.150520e+00
1.509877e-03
4.595996e-03
2.379148e-05
2.546182e-01
2.863453e+05
2.751203e-05
4.473821e+01
1.184752e+01
8.194909e-01
1.109049e-02
9.061882e-01
4.473306e-02
6.634409e+04
3.105223e-03
6.662943e+02
9.149206e-04
6.904555e-02
2.536138e-03
1.263921e+01
4.693922e-01
7.814033e+00
4.098975e+00
1.539355e+02
7.243511e-02
1.547537e+01
5.692502e+01
8.133696e-03
2.434745e+00
7.380661e-03
3.549884e-02
6.049154e-02
4.819178e-06
5.153283e-04
1.114333e+00
1.090862e-06
1.375965e-01
2.022515e+00
1.972067e+02
