1.763084e+01
2.989363e+04
3.561860e+00
9.123681e+00
1.320276e+01
5.238207e+02
1.000000e+00
2.421049e-04
2.672369e-04
2.322907e-02
1.735683e+02
5.330437e+04
1.595468e+02
3.320781e-04
1.219761e-03
8.158552e-01
5.587923e-03
8.435351e+06
2.679121e-01
8.432366e+01
1.397708e-01
1.455442e+04
2.456284e+01
1.250687e+01
1.077891e-02
3.363992e-02
1.818676e+01
7.183441e+03
1.163643e+02
1.499181e-01
5.185298e+01
2.131269e+06
1.465858e+00
6.367716e+01
2.900336e-02
2.297281e+03
1.000000e+00
4.590910e-04
6.012340e-02
1.205012e-04
2.411672e+02
7.220395e+04
2.041641e-03
8.789792e+03
1.062802e-01
3.439385e-01
9.960622e+00
9.835502e-03
6.970664e+01
3.992061e+05
9.419712e-01
1.075057e+03
4.357096e-03
4.585337e-01
1.302681e-02
8.049180e+00
2.331686e+01
3.465245e-01
2.417845e+00
1.846418e+02
5.251045e-04
4.316736e-01
3.110404e+01
1.787773e-02
3.704341e+00
2.214735e-02
1.512378e-04
2.749950e-02
1.563306e-03
1.199818e-01
3.969506e+01
6.568955e-06
1.580783e-01
2.166160e+00
9.204595e+01
