1.248061e-01
2.008679e+03
1.495565e+01
8.081454e+00
2.172604e+00
7.995500e+01
1.519795e+00
1.653722e-04
1.314860e-03
8.040535e-03
2.114271e+01
1.060447e+04
7.055675e+00
8.062923e-04
9.547475e-02
4.013816e-02
1.159892e-01
1.215046e+06
7.776555e-03
5.868316e+02
8.757168e-01
3.672858e+04
3.532136e+01
3.301630e-01
1.932206e-02
6.048951e-01
3.053714e+01
2.039935e+03
8.326379e+00
7.664646e+00
4.599642e-01
1.543787e+04
8.343431e+00
1.661728e+01
5.134121e-01
3.514064e+01
1.796167e+00
1.506567e-03
7.253762e-04
2.960502e-05
1.311362e+01
3.570830e+04
1.367637e-03
9.882776e+01
6.242408e-01
6.602623e-01
5.016241e-01
1.243928e-01
1.937035e-01
2.423189e+03
4.987138e-01
1.446233e+02
4.317518e+00
1.624207e-02
1.603077e-03
1.235694e+01
1.771723e+00
5.211908e-01
1.024151e+01
9.733623e+00
4.153874e-02
7.986505e+01
7.139301e-01
4.824145e-01
1.885518e+00
8.692294e-05
4.898473e-04
5.267626e-03
2.812145e-04
4.347095e-02
1.813523e-01
6.734718e-06
7.141677e-02
1.317316e+00
3.624508e+02
