1.721136e-01
4.399102e+02
2.673759e+01
1.343151e+01
4.824065e+00
5.931017e+01
1.610090e+00
3.105999e-04
1.558537e-03
5.929916e-03
2.111527e+01
1.772690e+04
7.741389e+00
1.706835e-03
6.992028e-02
9.210415e-02
1.132522e-01
1.397454e+06
1.295688e-02
1.412838e+03
9.770686e-01
1.256700e+05
4.892328e+01
3.205277e-01
3.959588e-02
5.024801e-01
2.407560e+01
2.207397e+03
1.763287e+01
2.263360e+01
8.777574e-01
1.520989e+04
2.750993e+00
3.437034e+01
5.776929e-01
9.282989e+01
1.726905e+00
1.885249e-03
5.171264e-04
2.730160e-05
4.958766e+00
3.818670e+04
1.532515e-03
9.931146e+01
5.546824e-01
3.828403e-01
5.641315e-01
1.762429e-01
5.352176e-01
4.919354e+03
3.167337e-01
2.612940e+02
7.397024e+00
2.249763e-02
1.093642e-03
9.258224e+00
7.479006e-01
4.267946e-01
3.772228e+00
8.367099e+00
2.746124e-02
2.156474e+01
6.117748e-01
4.266806e-01
1.869703e+00
1.124951e-04
4.455559e-04
4.346685e-03
2.668614e-04
2.691068e-02
4.062544e-01
9.146078e-06
7.979607e-02
1.545401e+00
2.155819e+02
