7.526418e-02
1.750772e+03
3.617503e+01
2.994074e-01
1.415992e+01
2.803664e+03
1.343435e+00
7.144920e-04
1.328218e-04
1.245747e-01
5.636949e-02
4.574293e+03
6.625853e+01
3.151798e-03
7.625855e-03
2.962793e-03
1.348781e+00
7.594526e+04
8.792331e-03
5.623909e+01
1.248140e-01
1.846862e+04
1.832855e+00
1.725265e+00
5.338720e-04
7.685465e+00
8.860070e+02
9.060205e+03
9.834397e+00
2.168428e+02
3.159264e+00
1.611716e+03
1.625192e+00
4.488356e-01
1.592709e+00
7.371150e+02
1.630422e+00
3.026325e-04
5.987422e-03
3.491501e-05
8.844266e+00
5.436224e+05
7.386808e-05
5.059055e+03
1.745848e-02
2.715434e-02
1.820492e+01
4.791244e+00
3.237226e+00
1.589653e+04
3.383443e-03
1.583359e+04
1.004863e-02
5.116820e+00
1.500258e-02
5.933420e-01
3.703068e+00
2.555308e+00
2.423036e+01
8.594792e+01
1.094015e+00
2.642720e+02
6.808517e-01
3.965321e+00
1.007961e+00
2.026785e-03
2.299982e-04
5.461988e-04
1.796235e-04
5.357889e-02
1.537425e-01
2.167010e-04
2.826788e-03
1.782713e+00
8.864888e+02
