5.019022e-02
2.814962e+02
1.552239e+02
2.009337e+02
2.298924e+03
5.419496e+01
2.513367e+00
4.707850e-05
1.799305e-02
1.200972e-03
5.103414e+00
5.279240e+04
2.594078e+00
9.072002e-05
6.512141e-02
8.542251e-02
7.686960e-01
1.190613e+07
2.421406e-03
1.679742e+01
4.297453e-01
2.639297e+04
2.374088e+01
2.732734e-01
1.584070e-01
9.410638e-02
5.692673e+00
4.135180e+03
2.159630e+01
1.511446e+02
6.457621e-01
2.737034e+03
2.820588e+00
4.063620e+01
9.254386e-02
1.674060e+03
2.097254e+00
2.312838e-03
1.276502e-02
3.752672e-03
5.598436e+01
9.773331e+04
4.247804e-03
3.773850e+02
8.311692e-01
8.170665e-04
8.739081e-01
7.226499e-01
8.141083e-02
9.489893e+02
3.020112e-02
8.502829e+02
3.110508e-01
2.573914e-02
1.179116e-01
5.163133e+02
9.339287e-01
2.003711e-01
1.416938e+02
7.578432e+01
6.136321e-03
1.350804e+01
1.047409e+00
5.176238e-02
1.595640e+00
7.626918e-04
2.129908e-03
1.105782e-04
1.112866e-05
2.189340e-01
2.965381e-01
4.156925e-05
6.121047e-02
2.263845e+00
5.362009e+02
