3.955121e-01
1.564149e+01
2.374790e+01
1.362516e+01
1.406665e+01
1.272124e+01
2.282710e+00
1.173981e-04
3.244963e-03
1.189364e-03
6.279882e+00
1.404420e+05
5.036489e-01
1.244395e-04
1.971535e-01
6.984591e-03
2.431917e-02
8.544690e+05
8.268253e-03
1.794914e+02
1.728572e-02
6.949579e+04
1.450143e+00
8.262693e-01
1.169240e-03
1.141337e-02
8.103389e+00
2.296341e+03
5.406699e+01
2.869299e+00
1.635361e-01
4.795862e+04
7.167338e+00
6.957294e+00
6.359590e-02
2.445392e+02
1.757004e+00
8.446762e-04
1.163185e-03
6.247958e-05
6.891475e-01
1.183141e+04
7.129206e-05
8.441808e+01
8.342996e-02
2.705080e-03
3.281124e-01
5.284060e-02
6.141850e-02
2.263012e+03
5.684568e-02
6.359343e+02
4.130717e-01
2.595762e-01
3.050865e-03
7.535974e+01
3.496517e-02
5.155984e-02
7.824225e-01
4.154279e-01
4.184005e-03
2.068107e+00
1.264975e-01
4.835391e-02
1.334276e+00
1.442169e-04
5.126015e-03
1.231243e-02
2.624839e-05
2.972569e-02
5.728824e-01
3.317613e-05
9.495668e-04
1.746587e+00
6.341325e+01
