9.871635e+00
1.203851e+04
3.563153e-01
1.533253e+02
6.813417e+01
1.101923e+02
1.835631e+00
2.946618e-04
2.398311e-03
7.384969e-05
2.759597e+01
6.668814e+02
1.917400e+01
4.785933e-05
2.110860e-03
3.553563e+00
2.351260e-03
2.376362e+04
1.492434e-04
7.055910e+01
2.870419e-02
1.976101e+06
1.209112e+01
1.083412e-01
2.700681e-01
1.565723e-01
3.218453e-01
3.857851e+03
5.977787e+00
6.454161e+00
2.533485e-01
3.260782e+02
8.449508e-01
8.155632e+01
1.879553e+00
3.790448e+02
2.051962e+00
2.174308e-02
5.472156e-04
4.488798e-03
4.351464e-01
3.388559e+02
5.474139e-02
1.835045e+02
1.487436e+02
1.800923e+00
4.102865e-01
2.825365e+00
1.066021e+00
1.528168e+02
2.044178e-03
3.224770e+03
8.568210e-02
1.284197e-01
1.071196e-01
1.485109e+01
3.868907e+01
3.777815e-01
4.161635e+01
1.182684e+02
1.263387e-01
5.208598e+01
6.737848e+01
2.386878e-02
2.113971e+00
6.631079e-05
3.432802e-03
1.241114e-04
1.448919e-04
5.959304e-02
8.271051e-02
9.105820e-05
8.549528e-01
3.750161e+00
7.568699e+01
