1.842157e-01
3.237439e+02
1.340163e+01
5.564977e+00
9.179382e+00
2.918684e+01
2.114394e+00
1.417080e-04
3.466165e-03
2.553241e-03
6.161470e+00
4.414555e+04
3.551934e-01
3.735982e-04
1.062537e-02
6.986118e-03
5.284081e-02
5.015845e+05
4.731090e-03
3.663005e+02
4.113067e-01
1.190602e+05
4.761835e+00
3.333459e-01
2.791111e-02
3.248773e-01
1.943515e+01
2.132963e+03
1.956762e+01
2.117564e+01
1.390508e+00
1.031639e+04
4.965117e+00
5.080553e+00
1.287441e+00
4.674922e+01
1.845907e+00
1.124538e-02
6.226690e-04
4.764411e-05
3.425319e+00
5.276542e+03
6.590334e-04
9.070884e+02
3.715734e-01
4.835695e-02
4.576848e-01
8.709463e-02
4.978525e-01
8.005530e+02
8.330557e-02
1.565637e+02
1.102563e-01
7.705406e-03
5.508726e-03
5.689493e+00
1.772268e-01
4.820295e-02
1.843195e-01
1.860366e+01
5.311582e-03
1.368493e+01
1.496525e+00
1.307268e-01
1.211105e+00
2.911425e-04
4.313901e-04
5.319526e-03
9.574023e-05
1.083270e-03
4.527265e-01
7.982734e-06
1.070981e-02
1.702931e+00
1.338494e+02
