3.169263e-01
5.415860e+02
2.304287e+01
1.769114e+02
2.774456e+02
2.606872e+02
1.689223e+00
3.992167e-05
1.079710e-02
6.723216e-03
7.539524e+00
3.419771e+03
4.344928e+00
6.136753e-02
3.891413e-03
1.353703e-01
1.074796e-02
4.364569e+06
3.711330e-02
1.708190e+04
1.629632e-01
9.224056e+03
9.707558e+00
6.000696e-01
1.264065e-02
3.334836e-01
3.330658e+02
1.953884e+02
1.968491e+01
3.609503e+01
7.068835e-01
3.099286e+04
1.213339e+01
3.084234e+02
2.611127e-01
7.797568e+02
1.588959e+00
2.293769e-02
9.189148e-04
4.253757e-04
1.297768e+00
8.794292e+03
2.398412e-04
4.920573e+02
8.131012e-01
9.299377e-03
9.421407e+00
5.849327e-02
1.787475e+00
3.051658e+04
1.728305e-01
7.821466e+01
6.590192e-02
1.113304e+00
1.194294e-03
1.191236e+01
1.862454e-01
5.137850e-01
1.813825e+00
9.917685e+00
8.468220e-03
3.389557e+00
3.697967e+00
4.133430e+00
3.065719e+00
1.581320e-05
7.024887e-04
1.357654e-02
3.508344e-05
3.298559e-01
9.566549e-02
2.158993e-05
4.297608e-02
1.704214e+00
1.222766e+02
