3.428484e-03
4.158301e+03
3.682352e+01
1.341980e+03
4.864119e-01
7.988026e+01
1.950502e+00
4.044074e-04
7.350579e-03
2.049525e-04
5.636949e+02
3.148336e+04
1.089347e+02
2.962015e-02
1.604515e-03
2.446363e-02
2.397480e-03
1.493706e+07
7.742191e-04
7.424683e+00
1.320906e-02
3.074665e+04
8.456040e+02
1.211348e-01
7.766381e-01
4.775261e+00
4.609706e+02
2.985056e+01
7.179120e+01
8.134634e+02
2.749467e-02
2.778338e+03
8.954184e-01
1.504397e-01
5.680410e+01
3.629482e+01
1.584564e+00
1.442337e-03
2.281873e-03
6.961121e-05
3.646808e-01
8.562744e+05
8.293432e-06
1.397308e+04
9.911682e+01
7.037924e+00
8.197000e-01
3.380157e-01
1.714711e+00
1.860975e+05
1.245852e+00
8.679485e+03
3.712248e+00
4.285469e-02
7.708945e-05
3.572274e+00
4.255887e+00
3.144705e+01
1.560768e+00
4.708951e+02
2.285309e-02
9.544308e+02
3.182712e+01
4.899975e-02
2.461446e+00
5.388455e-04
1.806912e-04
8.669719e-02
1.105059e-04
4.628284e-02
1.084102e+01
2.285284e-05
3.996902e-04
1.160610e+00
8.821136e+03
