2.427892e-01
5.183908e+02
1.404813e+01
2.413616e+01
2.262395e+01
3.344656e+01
1.913510e+00
1.287694e-04
3.106579e-03
1.747307e-03
2.985561e+00
5.820089e+04
8.136850e-01
1.283975e-03
8.680773e-03
6.342648e-03
4.539499e-01
1.445521e+06
3.581705e-03
1.904042e+03
5.836318e-02
3.736645e+04
5.682964e+00
1.916732e+00
7.073019e-03
6.684222e-01
8.361197e+00
5.228149e+02
1.538990e+01
9.108917e+00
4.879120e+00
5.325796e+04
4.452961e+00
7.911242e+00
1.221380e+00
1.733645e+02
1.429965e+00
2.013881e-03
2.961780e-03
3.203725e-05
3.868256e+00
8.162911e+03
1.513582e-03
9.819909e+02
4.147649e-01
1.025834e-02
3.747063e-01
1.887494e+00
9.155310e-02
8.626126e+03
5.730651e-02
1.336936e+03
7.658809e-02
1.941874e-01
1.127321e-03
8.759849e+00
5.916300e-01
1.080473e-01
2.217007e+00
1.462995e+01
6.801227e-03
1.087450e+01
4.782196e+00
1.588047e-01
1.200093e+00
7.948008e-04
2.800018e-03
1.415891e-03
1.114042e-05
2.864086e-03
2.676277e-01
1.047115e-05
1.267218e-02
1.600893e+00
1.596010e+02
