5.041666e-01
7.246973e+01
4.426005e+01
4.603858e+01
2.916337e+01
2.242209e+01
2.948092e+00
3.738661e-04
3.699326e-02
3.444930e-03
1.557746e+01
4.642340e+05
2.235135e+00
5.033154e-04
8.866038e-01
1.049230e-02
4.533083e-02
2.164338e+06
7.133923e-02
3.650452e+02
1.240721e-02
2.770485e+05
3.837347e+00
1.907778e+00
9.240883e-04
5.128458e-02
1.420442e+01
6.472610e+03
2.156070e+02
5.329003e+00
1.909352e-01
1.260868e+05
4.299185e+01
2.013236e+01
6.336894e-02
3.001265e+02
1.951055e+00
5.732376e-04
3.114135e-03
2.879224e-04
2.777989e+00
9.475407e+04
2.206765e-04
2.988217e+02
1.308035e-01
3.027519e-03
1.076692e+00
2.612347e-01
4.636440e-02
1.056336e+04
3.182491e-01
1.151091e+03
6.425236e-01
7.761051e-01
7.654132e-03
1.135980e+03
1.260030e-01
3.230974e-01
1.272809e+00
1.093970e+00
1.043350e-02
1.104766e+01
2.344185e-01
1.554968e-01
1.568232e+00
8.575362e-04
8.587337e-03
4.405623e-02
2.926659e-05
9.506834e-02
9.673730e-01
6.914611e-05
2.989254e-03
1.629748e+00
1.329674e+02
