4.385850e-01
6.897005e+02
1.133375e+01
2.814477e+01
2.217269e+01
5.291901e+01
1.928075e+00
9.511518e-05
2.954832e-03
2.288045e-03
4.398581e+00
5.269883e+04
6.735195e-01
9.497818e-04
1.622683e-02
6.446372e-03
2.451885e-01
1.368255e+06
6.585819e-03
2.050389e+03
3.398621e-02
1.979857e+04
5.663349e+00
1.220767e+00
4.103317e-03
6.585452e-01
6.925355e+00
7.014811e+02
6.585999e+00
6.130144e+00
3.669406e+00
4.340431e+04
3.434387e+00
5.295307e+00
8.595439e-01
3.434007e+02
1.505096e+00
1.391807e-03
3.161374e-03
5.713463e-05
4.433799e+00
9.733732e+03
7.055967e-04
9.780658e+02
3.652305e-01
1.107455e-02
3.542066e-01
1.736100e+00
2.374525e-01
9.540463e+03
8.614326e-02
4.423727e+02
7.648428e-02
2.891917e-01
1.324471e-03
1.211316e+01
8.713611e-01
6.592352e-02
1.436227e+00
3.500867e+01
7.419255e-03
1.661931e+01
5.552483e+00
1.152353e-01
1.223323e+00
6.089485e-04
2.501903e-03
1.713478e-03
1.174087e-05
5.254425e-03
3.437584e-01
7.148394e-06
1.349486e-02
1.552978e+00
1.342050e+02
