2.474422e-02
5.830833e+03
2.453381e+01
1.622384e+03
3.817096e+00
1.687273e+03
1.212935e+00
6.097201e-05
7.732618e-03
1.486243e-02
2.265062e+01
4.564112e+05
1.725227e-01
6.850461e-05
2.334753e+00
2.943811e-01
1.458327e-01
3.555493e+06
7.586477e-03
2.693531e+03
5.688934e-03
3.427400e+04
1.158573e+01
6.455158e-01
7.158444e-02
1.841668e-01
6.456855e+01
2.501844e+03
1.186208e-01
4.810873e+00
2.233114e-02
2.100713e+06
5.154843e+01
4.363364e+00
1.529309e-02
4.066189e+03
1.169153e+00
2.638074e-03
1.315272e-03
2.115560e-04
7.039738e+02
4.377322e+04
1.654693e-02
1.212720e+03
1.551875e+01
9.499769e-04
3.184240e-02
1.061868e+00
3.390781e-01
6.418865e+02
1.662650e+00
2.643983e+01
3.222897e-02
1.073561e+00
6.023643e-04
2.352403e+00
4.930642e-01
5.045514e-02
5.402857e-01
1.333776e+00
3.846234e-03
7.565233e+01
1.049023e+01
1.313791e-01
2.010600e+00
2.682920e-04
6.517347e-02
2.699161e-04
3.590162e-07
6.654536e-02
6.255486e+00
4.206996e-04
5.521305e-03
1.104698e+00
1.512254e+03
