2.031441e-01
1.235494e+03
1.150476e+01
1.877704e+01
1.200215e+02
1.197169e+02
1.954958e+00
2.278607e-05
5.763037e-03
3.213095e-03
7.701677e+00
2.617515e+04
1.343107e+00
2.692715e-04
2.291859e-02
1.100052e-01
7.478290e-02
1.755378e+05
1.760365e-03
3.346098e+01
6.909195e-02
7.666303e+04
1.057703e+01
3.150267e-01
1.822983e-02
3.797596e-02
2.202728e+01
9.976983e+01
9.960920e-01
4.839259e+00
2.079858e-01
7.301995e+03
4.501120e+00
2.205834e+01
8.278064e-02
5.889320e+01
2.044126e+00
7.484334e-03
7.204030e-04
5.991646e-05
3.244362e+00
3.312979e+03
2.523466e-03
1.348476e+02
5.169655e-01
4.892127e-02
8.671659e-02
1.041625e-02
1.704219e+00
3.347346e+03
4.569375e-03
8.655094e+02
2.806825e-01
1.190370e-02
8.427405e-04
8.702856e-01
2.363672e-01
1.394000e-01
8.380971e-01
9.923028e+00
5.252889e-03
5.417597e+00
9.113222e-02
7.296730e-01
2.088206e+00
6.510550e-04
1.256952e-03
3.730658e-04
1.385727e-05
4.823518e-03
8.965068e-02
2.446156e-05
3.586598e-03
1.494787e+00
1.603761e+02
