2.629728e-02
1.147417e+03
3.370735e+01
2.643596e+01
1.257292e+01
6.914462e+01
1.504188e+00
1.226433e-04
1.854341e-03
1.050743e-02
6.395504e+00
1.158535e+04
9.778619e-01
1.454884e-03
7.437467e-02
1.568000e-02
1.325629e-02
8.187493e+04
6.713658e-03
1.073866e+03
1.088111e-01
1.273413e+05
1.529926e+01
6.411043e-01
8.358961e-02
2.551398e-01
1.228493e+00
1.326245e+02
6.552025e+00
7.339366e+00
6.469452e-01
1.221752e+04
5.822664e+00
1.960129e+01
2.434045e+01
1.213770e+01
1.182578e+00
8.658469e-04
1.943883e-02
1.041868e-04
6.023312e+00
6.106302e+04
5.913229e-04
6.458415e+02
5.515429e-01
4.481632e-02
2.463841e+00
4.791468e-02
4.941088e-01
3.223873e+04
4.822678e-01
1.567919e+03
1.145169e-02
3.465962e-01
1.660536e-02
4.476955e+01
5.298204e-01
1.961836e+00
5.251626e-01
3.277684e+02
1.186151e-02
2.975954e+01
2.767350e-02
6.906772e-01
1.696280e+00
3.115048e-05
9.531501e-04
7.727562e-05
3.496676e-05
1.928089e-02
1.374600e-02
2.280666e-05
6.092665e-03
1.798621e+00
1.576900e+03
