1.924260e+00
3.058225e+03
2.151692e+01
7.728985e-01
2.924109e+03
3.489659e+00
1.472724e+00
3.536771e-03
2.215296e-04
1.754194e-04
7.129860e+00
2.348538e+03
5.066557e+00
2.969251e-02
4.803388e-02
1.007062e-01
1.790941e+00
7.355987e+03
5.096938e-02
1.545833e+01
1.329666e+01
1.374582e+06
5.616123e-01
5.142468e-01
3.290767e-01
2.387430e+00
4.012064e+01
4.415834e+00
3.840612e+00
3.298565e+02
1.835467e+01
6.291199e+04
2.206984e-01
5.184272e-01
1.092251e+00
1.731382e+01
1.663951e+00
2.837359e-02
8.861226e-04
2.056143e-04
1.014600e+01
4.522204e+02
8.593520e-05
1.667752e+04
5.721663e-01
3.082215e-01
4.134538e+00
1.410843e+00
9.099687e+01
2.891098e+04
6.886859e-03
1.534502e+02
1.161131e-02
1.434968e-03
1.680813e-05
1.580784e+03
9.467622e-01
2.427954e+01
2.453457e-01
3.298189e+00
2.811233e-01
4.164568e+00
3.975154e-02
2.329919e-01
1.000000e+00
2.410811e-05
4.045390e-03
2.448164e-05
2.357810e-05
1.898060e-02
4.258903e+00
6.665751e-05
2.239387e-02
1.286972e+00
7.902908e+00
