5.992702e-01
5.805249e+03
1.236995e+01
8.596927e+01
2.369718e+01
4.711562e+02
2.117985e+00
9.155351e-05
1.081921e-02
1.268336e-03
1.538447e+00
2.580163e+04
1.316687e+01
1.028927e-03
5.926615e-02
2.178433e-01
8.538899e-02
5.498330e+05
2.946442e-03
6.758245e+03
2.844202e-01
3.054540e+05
3.451944e+01
2.056248e+00
2.270363e-03
8.518660e-01
1.800950e+01
4.435302e+02
6.882739e-01
7.872466e+00
2.814866e-01
5.410614e+03
1.246020e+01
9.274411e-01
8.264767e-02
2.940243e+01
1.612897e+00
1.221869e-03
6.974037e-03
1.070783e-04
1.116912e+00
3.415853e+03
5.431868e-04
4.171692e+02
9.247073e+01
1.811013e-02
1.022371e+00
6.272419e-01
1.128867e+00
4.429655e+02
2.266255e-01
1.530737e+03
1.634113e-01
3.425306e-01
4.049769e-03
8.378340e+00
9.035168e-01
1.260782e+00
1.388177e+00
4.010442e+01
8.457873e-02
8.494323e+00
5.460128e+00
7.766320e-01
1.490285e+00
1.802952e-04
1.463314e-03
6.639100e-04
1.362887e-05
6.925166e-02
1.984275e+00
1.111155e-05
2.883296e-02
1.780878e+00
1.743119e+02
