7.797479e-02
7.569862e+00
2.017496e+00
2.116072e+01
7.431049e+01
1.376331e+02
2.262617e+00
2.380711e-04
2.086965e-03
1.951500e-02
3.040645e+02
1.036847e+06
2.569000e+01
2.503993e-03
7.065726e-03
1.714504e-01
2.170027e-03
6.207547e+05
8.315828e-03
2.022127e+01
6.895192e-01
1.760611e+06
2.304542e-01
1.604808e+00
5.240687e-04
2.350131e-01
9.697171e-01
3.973055e+03
1.124191e-01
3.194466e+00
6.533897e+00
2.334340e+04
1.701971e+01
4.769172e-01
3.928767e-01
8.210128e+03
3.369624e+00
7.772829e-04
6.095667e-04
7.044988e-04
4.072354e+00
1.320818e+03
2.712301e-03
6.160771e+01
1.116643e+02
7.722209e-02
1.567234e+01
8.709062e-02
2.241956e+01
2.038986e+05
1.654373e-02
5.283677e+02
8.273583e-03
4.479854e-01
4.301684e-05
1.198842e+00
2.115940e+01
1.717758e-02
1.199160e+00
3.769933e+01
2.920606e-04
7.564224e+01
3.395430e-01
9.184848e-01
1.913552e+00
3.977455e-06
8.470517e-05
1.639143e-03
2.595140e-05
1.518169e-01
1.542797e+01
2.972758e-05
1.121431e-02
2.247946e+00
1.617791e+02
