6.955593e-03
3.695722e+02
3.681506e+01
1.251719e+01
2.122806e+03
2.109114e+01
2.713694e+00
1.957758e-03
2.656803e-03
1.343367e-02
2.777774e+01
2.103449e+03
5.266186e+00
1.470508e-02
6.304169e-01
3.807160e-03
3.372279e-01
2.326692e+04
5.213449e-02
1.924827e+02
3.005834e+00
6.818489e+04
8.922524e-01
3.487453e+01
7.634018e-02
2.973757e-01
1.844629e+02
4.595198e+01
4.194703e+02
3.841454e+01
8.725058e-02
3.028164e+03
4.696499e-01
5.438282e-01
1.815172e+01
3.698827e+00
1.169751e+00
6.285800e-03
2.478135e-02
1.475691e-05
2.923798e-01
4.230631e+02
2.295033e-05
8.820661e+00
2.163778e-01
4.475419e-03
6.548355e-03
2.471622e-02
8.601624e+01
2.333235e+02
2.252592e-02
1.376999e+04
1.008830e-01
7.063497e-01
2.682724e-02
2.105395e-01
1.325331e-01
2.453897e+01
3.765217e-01
6.182475e+02
4.331033e-04
3.972686e-01
2.767331e+00
1.866318e+01
1.159856e+00
2.485834e-03
4.217380e-05
5.745514e-04
7.551072e-07
2.150206e-03
9.118090e-03
2.438999e-04
3.650792e-01
3.869132e+00
4.655400e+01
