2.019297e-01
7.143873e+02
1.667034e+01
6.656321e+00
2.577330e+02
5.568876e+02
1.768676e+00
8.247076e-05
5.511481e-03
2.369233e-03
1.431456e+00
2.189004e+04
5.015533e+00
5.913180e-03
4.286418e-01
1.571567e-01
1.674298e-01
3.855172e+05
9.508269e-03
2.816574e+02
9.836267e-03
6.075584e+04
7.394510e-01
1.573732e+00
1.036993e-01
5.246380e-01
9.697395e+01
5.302111e+02
4.660382e+00
6.206998e-01
1.143622e+00
1.654971e+04
2.718764e+01
2.541347e+01
8.834817e-02
1.421608e+02
2.120471e+00
4.596317e-04
2.253812e-03
1.362000e-03
3.871958e+00
1.751217e+04
1.767071e-03
2.696885e+02
2.653523e+00
2.429815e-01
3.583707e-01
3.419149e-02
2.029020e+00
4.894645e+03
1.596939e-01
7.013455e+02
1.423030e-02
4.785732e-02
1.139582e-03
2.623708e+00
3.950993e-02
3.472874e-01
5.316755e+00
1.204321e+01
1.070762e-02
4.249403e+01
1.062348e-01
1.638712e+01
1.669128e+00
2.505221e-05
4.325860e-03
3.912277e-02
8.839658e-05
2.278680e-02
4.616000e-01
6.793414e-06
9.609037e-04
1.867337e+00
2.628251e+02
