8.747122e-02
4.914311e+02
4.183710e+01
4.817598e+01
1.008807e+02
9.991474e+01
1.892069e+00
1.055194e-04
1.852252e-02
7.495200e-03
6.661638e+00
2.231973e+04
2.982096e-01
7.064506e-04
3.101709e-02
1.873566e-01
1.024263e-01
4.606765e+05
7.290065e-03
1.658018e+02
1.232076e+00
9.255388e+05
3.607686e+00
6.055281e-01
1.055972e-01
4.154269e-01
7.679401e+01
2.963155e+02
4.134419e+00
2.154418e+01
7.967332e-01
9.377465e+03
3.958333e+01
8.647111e+01
9.212678e-01
1.056990e+02
1.485720e+00
2.184646e-02
7.016686e-04
6.397444e-05
7.148864e+00
1.204560e+04
1.004175e-03
1.918931e+02
8.374503e+00
4.274155e-02
8.264260e-02
1.868612e-01
2.186651e+00
2.199039e+03
7.001724e-02
3.969532e+02
4.248363e-02
8.687627e-02
1.254797e-03
2.318859e+01
3.086320e+00
3.096649e+00
4.110956e+00
1.004731e+02
1.268690e-02
5.268543e+00
1.889997e+00
2.195567e-01
1.450597e+00
2.562450e-04
6.254303e-04
8.056435e-03
3.918827e-05
1.072285e-03
6.278980e-01
7.459698e-05
3.466139e-02
2.046315e+00
3.494833e+02
