1.067847e-01
3.989073e+02
4.181793e+01
8.706933e+01
1.043782e+02
2.457149e+02
1.791745e+00
1.075009e-04
1.757540e-02
9.771290e-03
6.765979e+00
2.736034e+04
2.459779e-01
1.160836e-03
3.629209e-02
2.492531e-01
1.012560e-01
5.701983e+05
7.207719e-03
1.575463e+02
8.004472e-01
4.629209e+05
5.228960e+00
4.784584e-01
1.023797e-01
3.528498e-01
6.860175e+01
2.169804e+02
5.502443e+00
2.799402e+01
6.023194e-01
2.009977e+04
4.635804e+01
1.351928e+02
8.330618e-01
1.622124e+02
1.444759e+00
1.753562e-02
8.320060e-04
1.050974e-04
1.346168e+01
1.793892e+04
2.972937e-03
1.812402e+02
8.461261e+00
5.128588e-02
1.005859e-01
2.231332e-01
2.667040e+00
4.323653e+03
7.070322e-02
5.733249e+02
3.109740e-02
1.190115e-01
1.234720e-03
2.222759e+01
3.015064e+00
2.293746e+00
4.919983e+00
9.974022e+01
1.480762e-02
5.426367e+00
1.383891e+00
2.601860e-01
1.431857e+00
2.102140e-04
1.272841e-03
5.248186e-03
3.583722e-05
9.459588e-04
4.308662e-01
4.784143e-05
2.243810e-02
1.889818e+00
3.084971e+02
