4.921849e-02
6.241188e+03
2.800428e+01
2.538902e+03
2.858757e+00
2.808279e+03
1.327211e+00
1.004354e-04
5.970270e-03
9.386564e-03
2.294377e+01
3.566197e+05
1.420341e-01
3.234060e-04
2.425206e+00
2.662019e-01
1.365734e-01
4.686843e+06
3.031175e-03
9.081141e+02
9.328838e-03
4.915138e+04
2.059960e+01
2.687967e+00
6.103890e-02
2.259798e-01
8.674615e+01
5.454765e+03
1.657219e-01
1.058761e+01
1.455483e-02
1.491110e+06
7.532100e+01
2.332314e+00
2.590054e-02
1.774380e+03
1.200717e+00
3.540729e-03
1.925051e-03
2.133450e-04
7.822425e+02
3.405248e+04
2.443633e-02
2.270068e+03
3.094304e+01
1.866113e-03
1.675939e-02
4.437714e-01
4.968241e-01
2.349975e+03
1.865166e+00
2.647993e+01
2.061288e-02
1.079525e+00
1.546719e-03
3.782572e+00
8.616600e-01
1.861265e-01
2.954654e-01
1.791352e+00
2.193812e-03
1.710004e+02
1.858113e+01
9.164569e-02
2.207769e+00
5.318311e-04
1.225236e-01
2.499809e-04
4.432091e-07
8.304742e-02
7.729931e+00
4.140201e-04
1.567442e-02
1.175161e+00
6.645928e+02
