6.662451e-02
5.321045e+02
4.670041e+01
5.574485e+01
1.473839e+02
1.423403e+02
1.873070e+00
1.219641e-04
1.545948e-02
8.780586e-03
9.189038e+00
2.672793e+04
3.412288e-01
6.400359e-04
6.109088e-02
1.617435e-01
1.103833e-01
5.402155e+05
7.186001e-03
1.815126e+02
1.944939e+00
8.373675e+05
4.174116e+00
8.723912e-01
1.029921e-01
6.134522e-01
9.830901e+01
2.539581e+02
5.776298e+00
2.679567e+01
6.581167e-01
6.703935e+03
7.103845e+01
1.639367e+02
1.499559e+00
7.892859e+01
1.600885e+00
2.398439e-02
1.005539e-03
8.523031e-05
9.964289e+00
1.282346e+04
1.185733e-03
2.752821e+02
1.223999e+01
6.276491e-02
6.474712e-02
1.221777e-01
2.339962e+00
4.782052e+03
1.303141e-01
3.653451e+02
4.469839e-02
8.480453e-02
1.599056e-03
1.737944e+01
1.773787e+00
3.375992e+00
3.601439e+00
8.829471e+01
9.847586e-03
6.574482e+00
9.183760e-01
4.089501e-01
1.492064e+00
2.566311e-04
5.655787e-04
1.521558e-02
6.247441e-05
1.130641e-03
6.923251e-01
5.578070e-05
2.935798e-02
2.012050e+00
4.517576e+02
