3.297836e-01
1.079456e+01
1.299660e+00
1.152020e+01
6.275202e-01
1.537854e+01
1.289259e+00
7.758363e-06
3.185629e-03
2.828273e-02
1.937038e+02
3.367667e+03
3.566419e+01
1.172165e-05
2.449962e-03
7.046790e-04
6.881926e-01
7.355987e+07
1.980306e-01
1.885204e+03
1.214748e-01
5.504397e+03
3.843891e+01
1.214000e-01
1.939196e-02
2.480372e+00
1.923118e+03
1.154141e+04
1.421725e+02
4.005498e+01
9.534386e-02
2.480555e+03
7.220906e+00
3.716996e+00
1.743765e+00
1.754608e+01
2.815790e+00
8.845254e-04
6.012340e-02
5.445369e-06
2.282407e+01
2.180135e+05
4.142131e-05
3.678258e+02
5.846532e-01
3.745110e-03
1.326487e-01
4.854132e-01
3.635998e-01
3.083916e+05
2.263016e-03
2.580818e+02
3.334888e-01
5.116820e+00
5.665816e-02
2.700331e+02
6.371707e+00
5.623937e+00
3.012214e+00
7.898762e+02
5.737839e-02
6.734518e+01
5.236516e-02
1.362134e+01
2.767473e+00
1.255803e-05
9.059555e-03
4.393434e-02
1.799164e-06
3.443281e-03
8.812194e-02
6.295222e-05
3.209728e-04
3.852531e+00
7.324641e+01
