4.456467e-01
1.139848e+03
1.992544e+01
1.027623e+02
8.568050e+00
2.650785e+02
2.907569e+00
2.579160e-04
6.185791e-02
9.486219e-03
1.010973e+01
4.469720e+05
5.309007e+01
1.030218e-04
5.555604e-02
5.058483e-02
8.720789e-01
1.213039e+05
1.220214e-02
6.978690e+01
5.005438e-01
2.258366e+05
5.852877e+00
2.311369e+00
1.006463e-02
1.581844e-01
1.645579e+02
7.987718e+02
4.746148e+00
3.991291e+01
4.936926e-01
2.213852e+05
1.607980e+02
1.350966e+02
8.962579e+00
1.740279e+03
1.753193e+00
1.209064e-03
9.303898e-03
6.802110e-04
1.437602e+01
8.724541e+04
7.731560e-04
3.702119e+02
2.266057e-01
2.648218e-02
5.050863e-01
8.849194e-02
1.955116e+00
3.008935e+03
3.752771e-01
1.534380e+03
9.752286e-02
2.600297e-01
4.233444e-03
6.806285e+01
1.723813e+00
1.415575e-01
3.964907e+00
7.414594e+01
2.007734e-01
3.726077e+00
5.857978e+00
6.921238e+00
1.642187e+00
1.006971e-03
6.243221e-03
5.657437e-03
1.227917e-05
4.308400e-03
4.616027e-01
5.292169e-05
3.549788e-02
1.412789e+00
2.553093e+02
