1.359063e-01
7.139615e+02
2.641227e+01
1.136640e+01
3.387874e+02
4.016483e+02
1.830892e+00
1.210095e-04
3.443207e-03
2.497504e-03
1.343340e+00
1.038921e+04
2.347767e+00
5.674547e-03
1.162658e-01
1.640479e-01
1.505984e-01
7.035593e+05
6.240513e-03
2.249844e+02
1.543283e-02
3.256487e+04
7.652717e-01
8.458275e-01
1.809719e-01
6.629320e-01
2.101651e+02
6.133203e+02
1.260540e+01
9.704926e-01
1.358483e+00
1.865423e+04
2.127965e+01
4.955541e+01
9.622565e-02
8.566019e+01
1.968384e+00
9.872908e-04
2.011546e-03
1.138291e-03
3.594310e+00
3.408322e+04
2.968505e-03
1.652521e+02
2.123872e+00
3.710307e-01
3.680997e-01
2.778469e-02
3.225262e+00
6.793832e+03
1.099651e-01
7.508891e+02
1.822896e-02
6.222723e-02
1.170390e-03
5.383442e+00
6.406871e-02
1.026425e+00
5.239648e+00
1.428639e+01
2.578088e-02
3.960963e+01
1.202718e-01
2.831123e+01
1.653041e+00
1.822452e-05
1.254494e-02
3.696304e-02
5.525290e-05
2.113919e-02
2.577847e-01
8.104386e-06
6.857499e-04
1.985859e+00
1.838222e+02
