8.095798e-01
4.371551e+03
1.590573e+01
7.158529e+01
4.598705e+01
3.376817e+02
1.943256e+00
6.981617e-05
1.247568e-02
4.449903e-03
1.552247e+01
1.736219e+05
5.812845e+00
1.546366e-03
1.698522e-01
7.821807e-01
3.012410e-01
6.321372e+06
1.377084e-02
1.402016e+02
7.420254e-01
2.779465e+05
8.343496e+00
5.142811e-01
1.445584e-02
4.314137e-02
2.736044e+01
3.523067e+02
9.999171e-01
1.833493e+01
1.020734e-01
4.580888e+05
1.623055e+02
1.030271e+01
1.300559e-01
7.665850e+02
2.026914e+00
1.705699e-02
6.410269e-04
4.206381e-04
1.421499e+00
1.863342e+04
4.228273e-04
4.977897e+02
4.929638e+00
5.225763e-02
1.427799e+00
2.165217e+00
6.455831e-01
2.368543e+03
4.623031e-02
4.208187e+02
1.102634e-02
1.677120e+00
3.348347e-04
2.500249e+00
3.282013e-01
2.927018e-02
3.948216e+00
4.910236e+00
3.057938e-02
1.816700e+01
9.124579e-01
2.368636e-01
1.632712e+00
3.124381e-04
1.822549e-03
5.129238e-03
2.482026e-05
2.224154e-01
7.373426e-01
1.118296e-04
1.201150e-02
1.567716e+00
2.534631e+02
