2.952499e-01
5.336618e+02
2.944306e+01
3.944723e+01
1.342349e+02
7.900743e+01
1.859640e+00
2.141982e-04
2.912839e-03
1.006067e-03
8.710922e-01
6.070419e+05
7.362237e-01
3.208768e-03
1.468702e-02
2.914447e-01
1.225650e-01
5.943956e+05
1.591075e-03
6.077555e+02
7.887377e-02
1.013333e+04
1.451358e+01
2.109089e+00
8.104726e-03
1.720696e-01
1.125208e+02
8.817816e+02
3.849440e+00
1.663527e+00
2.863100e-01
2.461386e+03
3.398896e+00
1.286017e+00
8.314628e-01
1.397468e+02
1.388067e+00
8.029461e-03
8.167164e-04
5.160918e-06
1.276440e+01
1.535494e+04
2.032439e-03
1.433869e+02
6.095151e-01
2.730172e-02
2.238906e-01
4.571447e-02
1.292032e+00
3.363839e+04
1.407044e-01
1.325653e+02
1.151993e-01
1.472334e-01
3.671637e-04
6.765173e+01
5.181690e-01
1.081888e+00
8.679776e-01
3.152462e+00
2.098269e-02
1.063110e+01
4.951350e+00
6.895840e-02
1.586286e+00
9.850678e-04
5.285161e-04
4.983889e-03
3.421089e-06
1.008656e-02
2.449895e-01
1.421658e-04
6.578689e-03
1.773864e+00
1.627681e+02
