4.159105e+00
1.825860e+04
1.661078e+01
2.763441e+03
5.984512e+00
5.835655e+03
2.636741e+00
5.762679e-03
1.130415e-04
1.322359e-03
1.460038e+00
7.933488e+04
5.971589e-01
1.198661e-04
3.707988e-01
2.184117e-03
9.293814e-01
9.573371e+06
8.314693e-02
6.641946e+00
5.923133e-03
2.064161e+05
1.947979e+02
6.865349e+01
5.136850e-04
5.636018e-02
6.046859e+01
1.108517e+01
6.819378e-01
1.560983e+01
2.480214e+00
4.891029e+02
1.253054e+03
6.450184e-01
1.298781e+01
1.456176e+03
1.926197e+00
7.122729e-04
1.161675e-02
8.487270e-06
4.864250e+01
1.251964e+04
2.754467e-05
5.616156e+01
1.075660e+00
1.830343e+00
2.735481e+00
1.673109e+00
6.402691e+00
6.804354e+04
4.490191e-01
2.410932e+03
1.699578e-02
7.417689e-02
7.642487e-02
2.001892e+00
4.312704e-02
8.507909e-01
1.440891e-01
1.760330e+01
2.076302e-03
5.968052e+00
7.210820e+01
1.953428e+00
1.421116e+00
4.615808e-03
8.977903e-04
4.287528e-03
5.721092e-06
7.432485e-01
3.303980e+00
4.700141e-04
1.120775e-03
1.131861e+00
1.120054e+02
