2.036656e+00
4.236534e+03
2.034188e+01
8.556428e+00
5.064463e+01
7.449121e+01
2.240707e+00
2.148376e-05
6.403202e-02
1.676676e-02
8.250098e+00
1.823503e+04
5.992406e-01
2.449597e-04
1.001105e+00
3.645561e-02
5.686491e-03
3.290567e+05
1.238107e-02
3.837335e+01
4.064923e+01
1.983053e+05
1.756539e+02
4.609849e+00
1.458844e-02
1.154095e+00
1.627689e+02
4.146456e+02
1.176163e+01
6.290054e+00
6.251538e-01
6.664822e+04
2.384614e+00
2.766959e+02
1.037032e-01
1.284973e+03
1.446609e+00
5.906355e-03
1.307690e-03
2.638491e-04
4.003361e-01
9.493369e+04
2.846908e-02
3.618058e+02
2.390695e+00
4.670641e-01
3.591934e+00
8.817778e+00
1.446459e+01
2.657601e+04
6.199438e-02
1.478187e+03
2.629178e+00
5.323946e-04
1.568074e-03
7.140410e+00
1.596769e-01
1.251186e+00
2.224139e+01
2.512036e+00
2.450272e-03
6.211391e-01
4.007164e+00
1.399401e+00
2.218008e+00
4.205840e-04
2.049788e-03
1.779274e-04
1.304901e-04
2.147089e-04
1.138004e-02
7.987782e-06
4.938476e-01
1.162350e+00
1.489738e+02
