7.665274e-02
9.181942e+01
1.491288e+00
4.253146e+01
1.478422e+02
1.134688e+01
3.383842e+00
3.702343e-03
1.029128e-04
3.946820e-05
2.511560e+00
7.409826e+05
3.582248e+01
1.014827e-02
4.802409e-01
4.597210e-03
1.342024e-01
5.987844e+07
3.194859e-02
7.239089e+00
2.542603e-01
1.617016e+05
1.335243e-01
2.373882e-01
8.236726e-03
3.956573e-03
1.114432e+02
3.097388e+03
6.086140e+01
1.989276e+00
7.074943e-02
4.967275e+04
5.226761e-01
1.211624e+02
9.128672e-03
2.748898e+01
1.782170e+00
6.037979e-04
5.635370e-03
5.725678e-05
1.561307e+00
1.556737e+02
1.529117e-05
2.084421e+01
1.662630e+01
3.136978e-03
5.760159e-01
2.413783e-03
7.816333e-02
4.318177e+04
1.534849e+00
9.005028e+03
3.244964e-02
5.658979e-04
2.191997e-04
4.117728e+01
5.336736e+00
1.220873e+00
5.870652e+00
5.841164e+02
8.612072e-04
1.004196e+02
3.079813e+00
1.703122e-02
1.181238e+00
1.827068e-02
2.222568e-03
1.142094e-04
3.067965e-04
3.165790e-02
9.531857e-01
6.384175e-07
7.219245e-03
3.108106e+00
3.924195e+01
