1.775550e+00
8.685661e+03
2.503257e+01
7.029445e+01
8.578768e+02
1.064640e+02
2.059920e+00
2.164190e-04
1.330721e-01
8.413431e-04
2.290630e+00
4.761484e+04
1.326030e+00
5.033990e-03
2.355479e-01
3.293055e-01
2.727500e-01
7.746368e+06
7.499088e-03
5.124668e+02
1.102321e-01
7.485599e+05
1.277571e+00
1.050472e+00
1.144117e-01
9.152359e-02
3.606812e+01
2.246352e+02
3.693453e+00
1.174455e+00
8.723249e-01
1.577256e+03
1.257348e+00
1.248293e+02
1.151469e+00
3.986389e+02
1.651342e+00
9.804964e-03
1.534713e-03
2.924173e-05
1.169410e+02
4.470541e+05
7.993760e-04
7.986978e+02
7.168617e-02
2.166384e-02
2.162538e-01
2.790664e-01
2.616191e+00
1.729221e+04
1.421474e-02
6.683834e+02
2.221999e-02
1.302075e+00
1.023312e-04
1.361809e+02
3.807706e-01
2.032048e-01
9.936955e+00
2.937720e+01
4.379563e-02
1.100049e+01
7.365151e-01
9.115489e-01
2.329888e+00
5.553083e-04
8.904559e-04
2.056224e-03
3.293007e-05
1.008546e-01
8.082594e-01
2.330984e-04
6.665001e-02
2.600659e+00
1.382352e+02
