9.109550e+00
6.160086e+01
3.508736e+01
3.628587e+01
1.367935e+02
5.117555e+00
1.358085e+00
3.280557e-05
2.751170e-02
9.823812e-02
3.431467e+02
9.881688e+04
5.676544e+01
2.223359e-03
9.734355e-04
6.167729e-01
1.053822e+00
1.519216e+07
5.842359e-02
4.603422e+02
3.422953e+00
1.445508e+06
3.439394e+02
8.404098e-01
1.935483e-01
2.888322e-02
3.275261e+00
4.302886e+02
7.938848e+01
4.668657e+00
1.595553e+00
1.533888e+03
1.739989e+02
5.670825e+01
1.717560e+01
6.004000e+02
2.051465e+00
2.947471e-04
4.802435e-02
8.948967e-04
2.371203e+00
4.675677e+02
4.957047e-03
2.342743e+04
8.457715e+01
1.773128e-02
4.872393e+01
4.297916e-01
2.966294e+00
1.458191e+02
1.279439e+00
8.887543e+04
1.818555e-02
2.025908e+00
3.618371e-02
2.959702e+00
2.198776e+01
5.877342e-02
5.493029e+01
4.187151e+01
6.882741e-02
3.186734e+00
7.899076e-01
3.172806e+01
2.056672e+00
4.264605e-04
3.198769e-02
5.988044e-02
2.233464e-05
4.802266e-04
8.695424e-01
1.852714e-05
1.752468e-04
1.026651e+00
3.726894e+00
