2.962562e-01
6.027085e+02
3.239907e+01
5.090210e+01
1.474985e+02
1.066870e+02
1.631797e+00
2.273997e-04
3.436336e-03
1.098442e-03
1.027006e+00
1.327569e+06
7.373360e-01
6.576007e-03
2.035436e-02
2.727166e-01
1.196686e-01
4.732375e+05
1.431949e-03
1.344660e+03
8.385362e-02
1.704956e+04
1.007085e+01
1.183384e+00
1.545094e-02
1.093165e-01
8.725462e+01
1.004947e+03
3.901076e+00
1.821496e+00
3.122305e-01
2.949404e+03
3.776355e+00
1.840588e+00
1.060491e+00
9.532726e+01
1.414608e+00
8.269019e-03
1.056027e-03
8.754510e-06
1.268612e+01
1.537902e+04
3.824352e-03
7.294859e+01
7.194004e-01
1.159293e-02
1.952941e-01
2.071712e-02
1.192311e+00
3.762532e+04
1.774974e-01
2.200515e+02
1.757262e-01
1.706119e-01
2.470197e-04
6.107499e+01
4.023317e-01
1.303376e+00
1.673728e+00
2.354890e+00
3.016840e-02
1.787735e+01
3.169633e+00
1.081166e-01
1.493818e+00
7.120580e-04
3.303397e-04
8.491230e-03
2.510670e-06
1.127779e-02
2.259022e-01
1.499045e-04
1.194111e-02
1.906529e+00
1.546577e+02
