1.897767e+00
4.175175e+03
1.954066e+01
8.057414e+00
5.386088e+01
6.569432e+01
2.249604e+00
2.146851e-05
8.099975e-02
1.999393e-02
9.043417e+00
1.354800e+04
4.429833e-01
2.675400e-04
9.732115e-01
3.722896e-02
6.504910e-03
2.424217e+05
1.119835e-02
4.400764e+01
3.434265e+01
2.028741e+05
1.467699e+02
4.121351e+00
1.590103e-02
9.923066e-01
1.109785e+02
4.320478e+02
1.098789e+01
5.775660e+00
6.757766e-01
6.957503e+04
2.567551e+00
2.745294e+02
7.231003e-02
1.249546e+03
1.418361e+00
5.002702e-03
1.259224e-03
3.432122e-04
3.577991e-01
7.609247e+04
2.619656e-02
4.569954e+02
3.114699e+00
3.547134e-01
2.766744e+00
7.276055e+00
1.317425e+01
2.154140e+04
9.381894e-02
1.544044e+03
2.299506e+00
8.071654e-04
1.460742e-03
6.840758e+00
1.137614e-01
1.135375e+00
2.372125e+01
2.527727e+00
2.176094e-03
6.059016e-01
4.478835e+00
1.123410e+00
2.195254e+00
3.158736e-04
1.571220e-03
1.263579e-04
1.178615e-04
2.405332e-04
1.050087e-02
7.114796e-06
4.742162e-01
1.180082e+00
1.554286e+02
