1.534549e-02
2.983561e+03
1.974358e+02
9.353230e+02
7.727909e+01
5.254310e+00
2.861566e+00
4.078421e-03
7.875765e-01
1.487898e-02
9.547454e-01
2.612496e+04
9.409627e+00
4.409857e-04
2.426976e+00
4.935231e-03
1.787867e+00
8.177908e+03
5.299319e-02
2.778343e+01
5.503461e-03
2.459991e+03
1.677576e+01
2.251513e-02
6.535057e-03
1.667367e+00
2.382702e+02
3.908771e+02
6.550886e+01
8.055052e+00
4.992532e+00
8.649192e+03
7.903707e+01
6.677208e+02
6.552142e+01
9.271214e+00
1.790957e+00
1.094262e-02
6.228565e-04
7.650000e-07
1.914562e-01
5.170820e+05
2.066172e-05
5.118022e+04
4.023883e-02
9.299959e-02
1.100860e+00
4.877820e-01
1.117855e+01
1.840909e+03
5.992730e+00
1.906770e+02
7.834431e+00
1.758573e-01
7.337617e-02
4.177029e+02
1.467068e-02
2.194618e+00
5.980145e-01
6.158080e+01
9.551944e-02
6.504611e+01
2.049440e+00
2.921656e+00
1.553575e+00
3.111094e-03
1.003558e-02
2.622666e-02
3.421275e-05
1.989880e+00
2.334063e-01
1.050443e-04
9.237744e-02
3.521506e+00
4.519732e+02
