1.294281e-01
5.631212e+02
3.798980e+01
8.519693e+01
5.104496e+01
5.339369e+01
2.741030e+00
2.073649e-03
3.480575e-04
6.673385e-05
1.039355e+02
3.223040e+04
1.604276e-01
4.823535e-03
2.065880e-01
9.840623e-01
4.730423e-01
1.665686e+07
1.556066e-03
3.115640e+02
3.496369e+00
3.964800e+05
1.517717e+01
1.264282e+00
6.264354e-02
3.556137e-02
1.232627e+01
6.693179e+00
2.231868e+01
1.253173e+02
5.467934e-03
2.865436e+03
2.010973e+02
5.890400e+02
5.467462e+01
1.074348e+04
2.873011e+00
1.636524e-03
6.923658e-04
2.035749e-04
5.161706e-01
1.602704e+02
4.584282e-03
6.903563e+03
1.221098e+02
1.390614e+00
3.681515e-01
1.483634e-02
4.726104e-02
8.226394e+01
1.038413e+00
1.630975e+04
2.296893e-02
9.034047e-04
2.217081e-03
1.959942e+02
6.394636e+00
1.419540e-01
1.715412e-01
5.343335e+02
4.996604e-04
7.086447e-01
1.952117e-01
5.720333e+00
2.394338e+00
7.051288e-05
8.226099e-03
4.374132e-04
1.172217e-03
4.872294e-01
1.703054e+01
5.858002e-04
2.487418e-04
3.611304e+00
4.524189e+02
