1.643243e+00
4.347912e+03
1.857124e+01
8.463944e+00
4.290661e+01
7.983950e+01
2.311885e+00
2.246593e-05
4.997628e-02
1.665962e-02
6.177188e+00
2.831061e+04
4.761628e-01
2.602146e-04
8.744645e-01
2.808555e-02
5.545752e-03
3.109160e+05
1.170927e-02
3.904753e+01
3.632555e+01
2.539704e+05
1.610136e+02
4.768525e+00
1.176267e-02
9.483872e-01
1.763228e+02
3.317833e+02
1.123132e+01
7.306844e+00
5.295357e-01
5.671474e+04
2.648534e+00
2.685339e+02
1.398860e-01
1.578849e+03
1.508600e+00
5.393819e-03
1.732426e-03
2.333577e-04
4.366707e-01
1.025699e+05
2.408990e-02
3.366269e+02
2.308575e+00
4.576386e-01
3.346179e+00
5.473044e+00
1.218083e+01
3.216408e+04
5.093128e-02
1.335326e+03
2.708253e+00
5.925172e-04
1.747253e-03
6.569712e+00
1.900638e-01
9.242084e-01
1.446497e+01
2.541194e+00
2.592777e-03
5.457220e-01
2.733388e+00
1.517251e+00
2.212516e+00
3.197727e-04
2.289026e-03
2.188804e-04
1.378991e-04
2.919289e-04
1.195410e-02
6.240423e-06
4.624745e-01
1.117030e+00
1.697123e+02
