9.464650e-01
2.231803e+03
2.404520e+01
1.639958e+02
2.970112e+02
3.532539e+02
1.485411e+00
1.070298e-04
3.202201e-03
5.170334e-04
7.239663e-01
5.719215e+04
2.038986e-01
1.698212e-03
2.369994e-03
8.941996e-03
1.062814e-02
2.465056e+06
1.457667e-04
5.575079e+02
1.686639e+00
1.496091e+05
2.666069e+01
5.992888e-01
1.377637e-02
2.921387e-01
7.866852e+00
7.405919e+02
6.091929e+00
9.857866e+00
1.152699e-02
1.456875e+04
4.327915e+01
2.005637e+01
6.886781e-01
1.627559e+02
2.725367e+00
1.146840e-03
1.293284e-03
1.081724e-03
9.257775e-01
3.328525e+04
8.784539e-05
1.557862e+03
3.237634e-01
9.559142e-01
2.293158e+00
4.857256e-01
7.287578e+00
1.618693e+03
4.948608e-03
2.827625e+02
2.757060e-02
1.050213e-01
1.513007e-04
1.279155e+00
3.481036e+00
2.718270e-01
1.580438e+00
5.710241e+01
2.285030e-02
2.355362e+01
3.901144e-02
5.793592e+00
1.739112e+00
3.057845e-06
8.813662e-05
3.631488e-04
5.134414e-05
3.443168e-03
3.831349e-01
5.417632e-06
5.603865e-03
1.301237e+00
1.223275e+02
