2.549907e+00
1.023643e+04
1.793263e+01
8.136197e+02
4.580738e+00
6.544688e+03
2.330373e+00
3.526525e-03
9.674215e-05
1.675467e-03
1.247375e+00
1.306140e+05
7.208589e-01
1.475253e-04
1.086061e-01
3.732341e-03
1.487479e+00
6.726851e+06
3.913876e-02
5.634383e+00
1.050665e-02
4.607169e+05
2.534065e+02
3.794396e+01
4.151306e-04
4.707969e-02
3.354878e+01
4.981109e+00
4.810428e-01
1.602904e+01
1.608484e+00
6.947852e+02
6.894002e+02
2.815954e-01
1.358017e+01
2.374583e+02
2.221084e+00
6.245294e-04
9.677566e-03
1.372059e-05
1.144101e+01
6.712375e+03
2.325986e-05
8.754832e+01
1.105305e+00
3.371854e+00
2.909871e+00
5.620696e-01
1.134275e+01
5.004395e+04
2.076820e-01
1.728686e+03
1.880561e-02
4.033077e-02
4.930718e-02
1.210370e+00
3.862569e-02
1.356791e+00
1.008128e-01
2.199595e+01
3.134416e-03
6.718948e+00
2.926947e+01
1.833017e+00
1.293640e+00
9.016103e-03
8.870335e-04
6.281176e-03
1.357036e-06
5.232176e-01
2.751467e+00
8.704780e-04
1.600729e-03
1.053595e+00
1.296366e+02
