4.921908e-01
3.070415e+04
6.162551e+01
1.096654e+01
4.070447e+00
4.868281e+01
1.939903e+00
2.974031e-05
2.962787e-03
1.128957e-01
5.636949e+02
8.891613e+04
2.311427e+00
1.068936e-03
5.416670e-01
5.902904e-03
2.852758e-03
3.531342e+05
4.635873e-02
9.783179e+01
6.715208e-01
2.691222e+04
1.161527e+01
1.879817e+01
1.499905e-03
1.298040e+01
1.923118e+03
1.610006e+03
1.596218e+01
3.605640e-01
1.050489e-01
1.048962e+03
2.102189e-01
8.564973e+02
4.963198e-02
8.841734e+02
1.000000e+00
8.862913e-03
1.300147e-02
1.062983e-05
1.886816e+00
1.693798e+05
1.827645e-02
2.753711e+03
8.241180e-02
2.891181e-02
1.332524e-01
2.088636e-01
1.274259e+00
1.108354e+03
4.725684e+00
4.102121e+03
7.834431e+00
9.912296e-03
3.590821e-03
3.580688e+02
6.860205e-03
1.057859e+00
4.673406e+01
3.271213e-01
7.516484e-02
2.464138e+00
2.912662e+00
1.110283e+00
3.394138e+00
3.521855e-03
1.428796e-02
1.654417e-04
2.732377e-05
3.962940e-04
3.969506e-03
1.642296e-06
4.158438e-02
1.239663e+00
4.135578e+03
