2.713118e-01
5.624935e+02
1.309982e+01
1.288233e+02
9.011188e+02
5.176409e+02
2.345692e+00
3.374740e-05
1.015938e-02
4.864358e-04
6.359260e+00
4.816807e+03
6.736768e-01
2.746702e-04
3.374874e-02
1.090298e-01
3.835457e-01
1.000139e+06
1.294684e-03
8.867669e+01
1.211109e-01
1.803016e+04
2.509600e+00
4.420071e-01
7.695267e-03
1.940584e-01
4.364173e+00
3.266545e+01
7.278237e+00
6.343920e+00
2.581477e-01
7.617728e+04
2.332351e+01
1.591646e+00
6.688876e-02
1.171902e+02
1.127328e+00
1.454193e-03
1.802620e-03
3.019215e-05
4.341557e+00
1.632230e+04
1.810908e-04
6.022905e+03
3.480978e-01
2.750470e-02
3.606537e-01
3.851806e-02
3.822157e+00
3.542689e+04
2.156670e-01
4.081424e+02
2.928390e-01
4.420896e-02
4.108674e-04
3.515300e+00
4.380308e-01
2.161124e+00
1.449922e+00
7.564792e+00
2.365876e-03
3.338985e+00
6.791883e+00
2.880753e-01
1.362711e+00
1.087557e-03
1.097681e-03
1.724912e-03
1.586709e-05
2.340670e-03
9.391609e-02
4.880991e-05
2.884952e-02
1.616639e+00
1.680850e+02
