3.185637e-01
1.031669e+03
2.162296e+01
2.583416e+02
1.163859e+03
5.628279e+02
2.251267e+00
6.732938e-05
1.983585e-02
6.653057e-04
1.259930e+01
2.760529e+03
1.173360e+00
4.409288e-04
2.728331e-02
7.797900e-02
4.996971e-01
6.704702e+05
1.284821e-03
5.313618e+01
1.783038e-01
3.433236e+04
2.165357e+00
3.608027e-01
7.578547e-03
2.173386e-01
3.970606e+00
2.780534e+01
1.115636e+01
7.071381e+00
2.648627e-01
8.112901e+04
3.272061e+01
2.792544e+00
1.403817e-01
1.847244e+02
1.198213e+00
1.803717e-03
1.895509e-03
4.886852e-05
3.231518e+00
1.050943e+04
1.260044e-04
8.816464e+03
4.514195e-01
5.627482e-02
3.488540e-01
3.525112e-02
4.841710e+00
2.091666e+04
2.062509e-01
5.268662e+02
2.607280e-01
6.876774e-02
4.248185e-04
2.808906e+00
5.152810e-01
1.420828e+00
2.405835e+00
1.140090e+01
2.827364e-03
4.475096e+00
7.419223e+00
3.124048e-01
1.342112e+00
1.140993e-03
1.900056e-03
1.113001e-03
2.049434e-05
2.919934e-03
1.618800e-01
3.349196e-05
3.561752e-02
1.627375e+00
1.965898e+02
