3.707301e-01
6.844846e+02
4.098485e+01
5.486300e+01
8.601928e+01
1.134452e+02
1.346577e+00
2.701763e-04
3.462813e-03
2.953863e-03
1.091597e+00
1.945144e+06
8.003617e-01
1.238993e-02
2.292960e-02
4.270227e-01
9.123509e-02
4.211953e+05
1.822708e-03
1.600274e+03
8.279608e-02
1.494175e+04
4.526226e+00
1.062050e+00
9.770641e-03
8.105774e-02
3.032901e+01
1.012041e+03
3.104793e+00
2.734058e+00
4.503872e-01
1.646623e+03
4.757629e+00
1.600976e+00
1.365741e+00
4.400459e+01
1.455798e+00
1.360340e-02
9.780156e-04
9.348645e-06
1.175139e+01
1.356648e+04
2.513065e-03
6.352804e+01
4.072622e-01
5.753792e-03
1.053045e-01
1.853642e-02
9.207965e-01
2.400622e+04
2.862668e-01
3.269716e+02
1.678955e-01
2.363344e-01
1.283440e-04
5.226318e+01
2.161585e-01
1.029761e+00
1.083283e+00
2.714862e+00
4.468958e-02
2.178212e+01
4.623326e+00
1.672474e-01
1.323467e+00
4.517558e-04
9.993408e-05
5.731658e-03
1.306397e-06
1.499181e-02
1.522378e-01
1.111415e-04
1.981159e-02
1.901722e+00
1.401159e+02
