5.719075e-02
1.016066e+03
3.081295e+01
5.482824e+01
4.239290e+01
3.920302e+01
2.629756e+00
3.024907e-03
6.709210e-04
4.266203e-05
6.169845e+01
2.331953e+04
6.224150e-01
2.857807e-03
1.571327e-01
4.222299e-01
6.177799e-01
1.553604e+07
1.453509e-03
4.937803e+02
3.401438e+00
4.011364e+05
1.773642e+01
1.158459e+00
4.142685e-02
5.561551e-02
8.359798e+00
1.462686e+01
6.624064e+01
1.636871e+02
5.518316e-03
8.081797e+03
8.331891e+01
3.922536e+02
4.950793e+01
1.108288e+04
2.934457e+00
2.558914e-03
5.621432e-04
2.898516e-04
3.996012e-01
3.666941e+02
5.038663e-03
6.480016e+03
8.396478e+01
1.273095e+00
3.325484e-01
1.182860e-02
8.167603e-02
9.105606e+01
7.146395e-01
1.678639e+04
4.319728e-02
7.615660e-04
1.358336e-03
4.153943e+02
7.280091e+00
5.475145e-02
3.439527e-01
1.152233e+03
5.136087e-04
4.327048e-01
1.166685e-01
6.516545e+00
2.337308e+00
4.351451e-05
4.719427e-03
1.304869e-04
2.036569e-03
5.657092e-01
1.861617e+01
2.837058e-04
2.027721e-04
3.046741e+00
7.165810e+02
