2.267826e+00
4.301532e+03
1.128790e+02
3.732612e+01
1.788614e+01
4.887657e+01
1.566349e+00
1.017281e-04
6.028851e-04
1.245747e-01
3.361216e+01
8.034445e+04
4.799333e-01
1.791385e-05
8.953178e-03
1.062680e-01
3.379964e-01
1.876382e+06
3.589239e-03
5.553901e+03
1.113106e-02
9.291793e+03
1.114478e+02
9.139399e-03
1.435760e+00
2.698142e+00
6.644164e+00
2.126946e+02
1.417201e+01
8.957201e+02
3.282440e-02
1.229061e+06
2.514380e-01
3.990886e+00
6.088393e-01
1.066208e+01
1.159612e+00
1.224397e-02
2.209803e-03
1.197287e-03
1.211453e-01
7.407466e+02
3.687723e-02
2.897190e+01
4.563325e-01
4.936916e-01
2.774571e+00
2.873881e+00
3.459091e-01
2.783367e+05
2.162869e-02
2.410783e+03
5.308251e-01
1.989265e-01
1.115859e-02
6.670924e+01
2.963029e-01
1.116862e+01
5.378225e+00
2.659483e-01
3.156292e-03
5.942075e+00
3.689141e+00
4.807790e-02
1.445125e+00
7.008914e-03
9.619466e-03
2.003564e-03
3.500000e-07
4.861023e-02
5.277396e-01
8.269277e-05
9.499690e-02
1.075425e+00
9.812343e+01
