3.240461e-01
4.092746e+02
2.443381e+01
1.342746e+02
1.092730e+01
4.445566e+01
1.750072e+00
1.325899e-04
1.729906e-02
2.705122e-02
8.953622e+01
3.795292e+03
1.955298e+00
5.663385e-04
2.161698e-03
6.163233e-03
1.210417e-01
1.385484e+05
2.119768e-03
1.355383e+01
1.523742e-01
1.887896e+04
3.708374e+00
3.591025e-01
4.721428e-04
1.345773e-01
1.041440e+00
3.335832e+01
1.201185e+00
2.903099e+00
3.072268e-01
8.375541e+03
6.510689e+00
4.249548e+00
2.520957e-01
7.968126e+01
1.554443e+00
1.317727e-03
1.084944e-03
2.181582e-04
2.281784e+00
2.182365e+03
1.395292e-05
6.157617e+01
4.699768e-01
1.127612e-01
1.946072e-01
2.358072e-02
1.390216e-01
3.036364e+03
1.562239e-01
5.843732e+02
1.686774e-01
1.094000e-01
8.339124e-04
2.518790e+00
4.758938e-01
1.057446e-01
8.686179e-01
4.548367e+00
2.548712e-03
1.747666e+01
4.094903e-01
4.395992e-01
1.600645e+00
3.235677e-05
9.562858e-05
1.541355e-03
5.432515e-06
1.174120e-02
2.350592e-01
3.406551e-06
1.140911e-03
1.556159e+00
1.422691e+02
