6.479031e-02
9.306535e+02
1.890444e+02
2.582024e+01
4.690859e+00
4.878689e+00
1.606998e+00
1.509359e-04
1.038404e-02
2.537701e-02
9.336272e+01
1.086242e+04
9.114299e-01
4.014574e-04
6.197886e-03
2.704629e-02
2.941138e+00
7.701436e+05
8.701483e-03
1.394761e+02
6.163073e-01
3.914634e+04
9.174340e+00
8.319877e-01
1.873837e-02
3.957299e-01
4.118805e+00
8.476139e+03
1.980813e+00
1.327715e+02
5.639312e+00
2.502648e+04
1.876378e+02
5.224646e+00
6.864967e+00
2.509376e+01
1.757352e+00
1.719389e-02
1.493991e-03
6.814747e-04
1.362392e+02
3.953918e+04
1.108542e-03
3.406666e+01
1.437971e+01
9.638746e-03
2.442937e+00
8.913057e-02
7.031272e-01
1.329151e+02
5.118283e-02
1.310515e+03
7.162836e-01
1.530098e-01
1.055398e-03
1.333825e+01
1.664825e+00
2.067622e+00
5.441354e-01
1.722758e+01
1.622761e-01
3.522591e+01
2.256121e+00
1.946339e+00
1.479002e+00
1.203055e-04
1.271142e-04
3.624165e-03
2.036673e-04
1.331582e-02
2.699009e-01
7.749992e-05
1.953468e-03
1.880509e+00
8.337160e+02
