7.407610e-03
3.070415e+04
6.357748e+01
1.107887e+02
1.135326e+01
2.960513e+02
2.463442e+00
1.107960e-03
7.875765e-01
7.367190e-05
1.638090e+00
7.474523e+04
2.498363e+01
7.576523e-04
1.303422e-02
3.167844e+00
6.168215e-02
2.771341e+05
4.923435e-03
4.733803e+02
5.503461e+01
6.953754e+05
3.394240e+01
9.139399e+01
1.643108e-03
1.427113e+00
5.195252e+01
8.877848e+00
5.276299e+00
2.403289e+01
3.115431e+01
5.320904e+04
5.888573e-01
7.441430e-01
3.002760e+00
5.843653e+03
1.337575e+00
2.728863e-02
1.079141e-03
4.211890e-06
2.880757e-01
2.995987e+03
1.634209e-03
2.787185e+01
6.448968e-01
7.037924e+00
2.429321e+00
4.360064e-03
6.467952e+01
5.245246e+04
1.821002e-01
7.534038e+02
4.467180e-01
1.002735e-01
1.188935e-01
5.215499e-01
2.026747e+01
4.270526e-02
4.582746e-02
6.626768e-01
1.356892e+00
7.246517e-01
4.709996e+00
1.417549e-02
2.003092e+00
2.704880e-06
8.682388e-05
6.415109e-02
1.048556e-06
2.017477e-02
1.606418e+01
2.032208e-05
4.407356e-03
3.290940e+00
8.693756e+03
