3.894586e+00
6.335436e+03
3.048067e+01
1.122605e+01
1.163118e+01
1.065208e+01
1.329505e+00
1.292464e-03
5.413784e-04
4.515113e-05
3.067345e+00
6.608304e+03
1.444716e+00
4.826521e-04
3.838038e-02
4.356641e-03
1.135413e-02
1.776956e+07
6.053918e-05
1.721062e+02
2.427342e-01
2.943855e+06
1.429814e-01
2.034835e+00
6.403546e-04
3.169356e-02
2.331636e+00
1.455999e+02
8.091091e+00
2.601233e+01
7.155723e-02
5.095171e+02
2.806490e+01
4.603044e+01
8.489345e+00
1.890973e+01
2.334353e+00
6.158306e-04
1.411223e-03
1.601239e-06
6.506155e+02
2.055249e+03
1.102405e-03
1.129988e+02
5.285867e+00
4.306736e-03
2.273379e+00
6.089609e-03
8.232089e-01
8.827906e+03
1.594292e-02
4.498550e+04
2.744537e-03
6.182915e-03
1.043670e-04
1.062664e+00
1.493225e-02
5.547369e-01
3.985345e-01
1.224043e+02
1.319237e-02
9.432434e-01
6.481578e-02
4.936483e-02
1.468130e+00
2.332749e-04
1.328179e-03
2.884521e-04
4.563594e-07
2.721936e-01
2.471300e+00
8.325433e-06
7.560573e-01
2.185694e+00
1.167879e+02
