2.654109e-01
4.954787e+02
2.928988e+01
4.063132e+01
1.373776e+02
8.166724e+01
1.857861e+00
2.196502e-04
2.569364e-03
8.574969e-04
9.336328e-01
6.364645e+05
7.556517e-01
3.174086e-03
1.360654e-02
2.908078e-01
1.292440e-01
6.262420e+05
1.579948e-03
6.142356e+02
7.322817e-02
9.895671e+03
1.433627e+01
2.070390e+00
8.293222e-03
1.681135e-01
1.174633e+02
8.266873e+02
3.882330e+00
1.673539e+00
2.581899e-01
2.362712e+03
3.592734e+00
1.233562e+00
8.617824e-01
1.495755e+02
1.398590e+00
7.365464e-03
8.124038e-04
4.808092e-06
1.405001e+01
1.386260e+04
1.911758e-03
1.499740e+02
6.395915e-01
2.733918e-02
2.293075e-01
4.193510e-02
1.178707e+00
3.299611e+04
1.398073e-01
1.344586e+02
1.100465e-01
1.414186e-01
3.771997e-04
6.656408e+01
5.446999e-01
9.923086e-01
8.094747e-01
3.332898e+00
2.066881e-02
1.061795e+01
4.490685e+00
6.782052e-02
1.589074e+00
1.033883e-03
5.763221e-04
5.343145e-03
3.581327e-06
1.069841e-02
2.783574e-01
1.407592e-04
5.726771e-03
1.807485e+00
1.653350e+02
