3.822482e+00
1.078076e+04
1.166410e+02
1.789896e+01
2.807341e+01
2.149331e+01
1.716614e+00
1.290377e-04
6.828574e-04
1.245747e-01
7.953924e+01
1.023499e+05
3.720248e-01
1.172165e-05
5.094113e-03
1.590594e-01
2.672768e-01
1.285033e+06
4.315799e-03
3.338651e+03
1.163420e-02
5.174219e+03
7.774303e+01
9.139399e-03
1.027552e+00
9.660657e+00
7.271567e+01
9.191310e+01
4.621136e+01
3.400742e+02
2.713513e-02
1.805886e+06
1.521374e-01
3.789146e+00
1.020127e+00
1.021706e+01
1.462199e+00
2.175635e-02
1.356331e-03
1.015292e-03
1.275134e-01
3.445549e+02
3.604398e-02
2.514613e+01
2.252779e-01
2.145681e-01
5.143993e+00
6.231119e+00
1.981143e-01
1.927614e+05
1.314238e-02
1.249717e+03
1.333469e+00
3.419657e-01
3.388924e-02
9.029380e+01
2.142443e-01
5.636677e+00
6.731585e+00
2.659483e-01
5.202445e-03
3.677022e+00
6.302845e-01
7.345907e-02
1.489695e+00
5.280410e-03
2.073099e-03
8.077500e-03
3.500000e-07
4.046370e-02
1.299482e-01
3.930049e-05
1.040329e-01
1.137726e+00
1.586665e+02
