1.879004e+00
3.787852e+03
1.988538e+01
8.078961e+00
5.710166e+01
6.940932e+01
2.273674e+00
2.100214e-05
5.771055e-02
1.570957e-02
7.968187e+00
1.797570e+04
5.264656e-01
2.677459e-04
9.053355e-01
4.246524e-02
5.023630e-03
3.125830e+05
1.226424e-02
3.180371e+01
4.082455e+01
1.964195e+05
1.814222e+02
4.965014e+00
1.191840e-02
1.003588e+00
1.708384e+02
4.213933e+02
1.180947e+01
6.479813e+00
5.532276e-01
5.796146e+04
2.677013e+00
2.701779e+02
1.013511e-01
1.455388e+03
1.445314e+00
4.821300e-03
1.296124e-03
2.754293e-04
3.736778e-01
8.203905e+04
2.620686e-02
3.993501e+02
2.371747e+00
4.156911e-01
3.465491e+00
8.859123e+00
1.407178e+01
2.653904e+04
7.546407e-02
1.530102e+03
2.707363e+00
5.610538e-04
1.445372e-03
6.873414e+00
1.390801e-01
1.043070e+00
1.934885e+01
2.936753e+00
2.322883e-03
5.842660e-01
3.910125e+00
1.243800e+00
2.195909e+00
4.145255e-04
1.872324e-03
1.518498e-04
1.177234e-04
2.181738e-04
1.126039e-02
6.867547e-06
4.323163e-01
1.160287e+00
1.517205e+02
