2.554511e-01
6.220601e+02
2.696185e+01
2.312756e+01
1.745244e+02
4.332986e+01
1.881677e+00
2.199993e-04
4.643413e-03
5.374893e-04
1.985871e+00
2.980859e+05
1.189763e+00
1.472598e-03
1.088653e-02
2.032165e-01
2.053878e-01
7.151787e+05
9.549513e-04
1.518005e+03
3.769295e-02
1.235244e+04
7.052426e+00
1.163305e+00
1.840804e-02
1.165264e-01
3.946665e+01
7.073706e+02
2.440779e+00
1.172448e+00
1.533158e-01
1.906241e+03
2.797713e+00
7.005578e-01
5.122606e-01
9.746673e+01
1.286442e+00
8.379909e-03
8.390590e-04
4.880071e-06
9.625349e+00
1.556257e+04
1.920193e-03
7.994762e+01
8.668358e-01
3.512666e-02
8.443402e-02
3.532572e-02
1.225894e+00
5.735994e+04
1.321325e-01
1.608279e+02
6.127205e-02
1.410856e-01
2.835678e-04
1.174191e+02
1.157396e+00
3.236425e+00
1.438539e+00
2.156415e+00
2.750685e-02
1.093597e+01
5.417974e+00
7.243486e-02
1.721001e+00
1.656356e-03
6.316790e-04
7.626005e-03
5.954166e-06
9.592119e-03
2.104313e-01
1.179043e-04
7.608790e-03
1.877794e+00
1.884217e+02
