1.817107e+00
2.562200e+04
5.998045e+01
6.796152e+00
2.409749e+01
2.306071e+01
1.513669e+00
1.954922e-04
5.776282e-04
1.245747e-01
1.810329e+02
4.711442e+04
1.428414e-01
1.172165e-05
1.982792e-03
9.117974e-02
9.888363e-01
2.229070e+06
1.421882e-02
3.463862e+03
5.503461e-03
2.009977e+04
3.739137e+01
9.139399e-03
2.296597e-01
9.210366e+00
4.302322e+01
1.205212e+02
2.472822e+01
1.896854e+02
2.743816e-02
1.782563e+06
1.379479e-01
1.210119e+01
6.843779e-01
5.750626e+00
1.497509e+00
5.561954e-03
1.094589e-03
7.614959e-04
2.073881e-01
2.394223e+02
6.920814e-03
5.712363e+00
2.981239e-01
4.833216e-02
9.610170e+00
6.854848e+00
1.282289e-01
1.355141e+05
1.698734e-02
2.122192e+03
8.127907e-01
6.077541e-01
7.616058e-02
4.656095e+02
1.115985e-01
5.968335e+00
1.055831e+01
2.889662e-01
4.212431e-03
5.298932e+00
1.191252e+00
2.464480e-01
1.177623e+00
5.410763e-03
5.706634e-03
5.400115e-02
3.500000e-07
3.246322e-02
6.967449e-02
6.072485e-05
6.390856e-02
1.000917e+00
5.478133e+02
