1.508007e+00
8.438877e+03
2.607804e+02
1.319503e+02
8.001126e+00
1.140049e+02
1.350332e+00
3.819779e-05
1.721120e-04
1.245747e-01
5.692445e+01
2.833988e+04
5.062526e-01
4.867080e-05
1.921757e-02
2.252958e-01
2.079411e-01
7.805119e+06
7.433972e-03
2.043483e+04
5.503461e-03
4.710715e+04
4.249252e+01
9.867051e-03
2.592506e+00
3.804281e+00
2.945068e+01
3.580906e+02
1.504251e+01
1.499181e+03
4.770990e-02
2.949930e+05
3.319173e-01
1.254035e+01
6.456852e-01
8.043971e+01
1.027799e+00
5.358583e-02
3.236637e-03
1.379947e-03
6.715059e-01
1.515022e+03
5.973150e-02
4.151973e+01
8.625951e-02
9.155219e-01
2.364664e+00
6.016312e-01
1.794850e-01
2.855248e+05
1.430057e-02
1.302066e+04
4.959603e-01
2.697742e-01
2.973664e-03
3.591374e+01
7.946012e-01
3.144705e+01
1.219118e+01
2.659483e-01
3.461977e-03
2.731318e+00
4.030792e+00
1.616688e-01
1.665168e+00
7.329529e-03
2.848034e-03
2.866317e-03
4.771269e-07
1.113137e-01
1.328488e+00
3.086078e-05
6.724272e-01
1.086876e+00
1.954434e+02
