3.499014e-02
2.535639e+02
6.947149e+00
1.355680e+01
1.173652e+02
3.326150e+01
3.083864e+00
1.361430e-03
2.441579e-04
5.012116e-05
8.329131e+00
2.702135e+05
9.050968e+01
4.238884e-02
2.365279e-01
6.917106e-03
3.700403e-01
1.390269e+07
9.229480e-02
2.622191e+01
2.226728e-01
1.929502e+05
1.253424e+00
6.731824e+00
3.970022e-02
9.539995e-02
1.254543e+02
1.853019e+04
8.489122e+00
1.214758e+01
2.516711e-02
1.176283e+05
1.110590e+00
4.963225e+02
1.187989e-02
2.327151e+03
1.876920e+00
1.196539e-03
5.277693e-02
7.538093e-04
5.157042e-01
1.990508e+02
1.075577e-05
3.111905e+01
1.285672e+01
1.339933e-02
3.968011e-01
1.305629e-02
5.094890e-02
1.017143e+05
4.126301e+00
8.324232e+03
1.839942e-02
9.421014e-04
2.364921e-03
1.612767e+02
1.232128e+01
4.238098e+00
1.728693e+01
7.697319e+02
1.562307e-03
2.857377e+01
1.068518e+01
2.981945e-02
1.225821e+00
1.014169e-02
4.972516e-04
1.692967e-03
1.484894e-03
2.785156e-02
9.423740e-01
1.312508e-06
1.164919e-02
1.807210e+00
4.686242e+02
