1.071136e+00
1.954245e+02
2.129757e+01
4.698515e+01
3.448997e+01
5.363571e+01
1.777625e+00
1.001548e-04
1.270074e-02
3.508589e-04
2.336452e+00
6.220687e+04
1.978607e+00
1.959856e-04
2.331915e-02
2.820722e-03
6.144638e-02
3.343778e+05
8.970547e-04
1.636155e+01
1.934995e-02
3.765338e+03
4.436364e+00
7.906080e-02
2.991833e-02
9.145526e-02
3.274592e+01
1.791340e+01
4.371047e+00
2.711638e+00
7.605291e-01
6.388491e+03
9.293147e+00
6.674796e+00
3.194554e-01
6.021167e+01
2.183612e+00
6.557102e-03
5.494406e-04
5.866072e-05
1.806291e+00
6.231743e+04
2.805835e-04
6.421678e+02
8.365815e-01
3.745382e-01
4.520886e-02
8.622992e-03
1.244325e-01
6.011679e+03
1.520972e-01
4.347053e+01
2.386814e-01
1.104146e-01
5.746604e-04
3.775399e+00
3.207926e+01
2.711453e-02
4.512396e-01
1.659642e+01
1.200500e-03
1.524238e+00
1.772772e-02
6.700569e-01
1.440610e+00
1.599607e-05
1.025686e-02
3.345650e-04
9.742921e-06
6.653838e-02
5.792799e-01
1.320649e-05
2.686541e-02
1.610975e+00
4.397050e+01
