3.110362e-01
6.872061e+02
3.140233e+01
4.881227e+01
1.527249e+02
9.646571e+01
1.707891e+00
2.276670e-04
3.803668e-03
1.013064e-03
9.595005e-01
1.056071e+06
5.800956e-01
6.455986e-03
1.935338e-02
2.717471e-01
1.666751e-01
4.080570e+05
1.213804e-03
1.455284e+03
9.339308e-02
1.857267e+04
1.247643e+01
1.068667e+00
1.684784e-02
1.268731e-01
8.774990e+01
1.020663e+03
3.323554e+00
1.679846e+00
3.870777e-01
4.600612e+03
3.183515e+00
1.924950e+00
8.235986e-01
1.087029e+02
1.416268e+00
8.420475e-03
1.139586e-03
1.035357e-05
1.123151e+01
1.369424e+04
5.485166e-03
6.980416e+01
8.958207e-01
1.803067e-02
2.250773e-01
1.964527e-02
1.494117e+00
3.849845e+04
1.674969e-01
2.614244e+02
1.814992e-01
1.719046e-01
3.466172e-04
5.663940e+01
5.199545e-01
1.541219e+00
1.963412e+00
1.977162e+00
2.771410e-02
1.481325e+01
2.729973e+00
8.503208e-02
1.587145e+00
6.795508e-04
3.255448e-04
8.891568e-03
3.138851e-06
8.835858e-03
2.865783e-01
1.660249e-04
1.173423e-02
1.916698e+00
1.656034e+02
