9.795408e-01
5.061707e+03
2.000681e+01
2.725748e+00
9.487192e+00
2.382127e+00
1.342868e+00
3.162056e-03
4.281553e-04
3.132570e-05
4.210334e+00
1.231294e+04
2.923682e+00
6.938231e-04
3.798454e-02
5.334172e-03
6.577277e-03
5.327432e+06
3.546533e-04
3.861279e+02
7.595671e-01
5.801033e+05
8.146401e-01
3.151228e+00
8.472125e-04
1.399065e-01
3.392903e+01
9.236722e+01
3.800300e+01
1.795474e+02
1.735427e-02
8.517666e+03
8.939289e+00
5.812400e+01
4.685666e+01
9.342106e+00
2.186382e+00
1.181993e-03
9.273732e-04
5.118490e-06
1.076899e+02
5.607129e+02
8.831000e-04
1.185137e+02
1.962355e+00
4.094620e-03
2.077557e+00
5.583437e-03
2.569844e-01
2.602527e+04
8.149267e-03
5.408578e+04
3.412059e-02
4.374459e-03
2.291545e-04
1.947556e+00
1.567398e-02
4.640530e+00
1.790572e+00
1.621467e+02
3.666441e-03
3.405425e-01
1.494327e-01
1.147461e-01
1.357245e+00
1.063233e-04
1.741485e-03
1.339139e-04
9.860435e-07
1.755676e-01
1.603321e+00
3.233837e-06
5.316625e-01
1.854777e+00
1.735076e+02
