7.368995e-01
1.745466e+03
2.348125e+01
1.047918e+02
2.356902e+02
3.968951e+02
1.446395e+00
1.258882e-04
2.571646e-03
3.527636e-04
9.366249e-01
4.558431e+04
2.405716e-01
1.492512e-03
1.832538e-03
4.368655e-03
8.993746e-03
1.945765e+06
1.762030e-04
4.890358e+02
1.112209e+00
1.207656e+05
2.498646e+01
6.355099e-01
1.613000e-02
3.311992e-01
1.255303e+01
1.063036e+03
5.243787e+00
1.048468e+01
1.104870e-02
1.821666e+04
4.966770e+01
1.270955e+01
4.672580e-01
1.473036e+02
2.660396e+00
1.546265e-03
9.580154e-04
2.137815e-03
1.098468e+00
3.148302e+04
7.840428e-05
1.270280e+03
2.950398e-01
7.785676e-01
2.554549e+00
5.123302e-01
7.486896e+00
1.506002e+03
3.871872e-03
1.920085e+02
3.207963e-02
8.044455e-02
1.369290e-04
9.509905e-01
3.045952e+00
3.408622e-01
2.764997e+00
5.951322e+01
2.552289e-02
2.357608e+01
5.328770e-02
5.656744e+00
1.799329e+00
4.117559e-06
4.731184e-05
3.237423e-04
7.494226e-05
2.365091e-03
3.757384e-01
4.921779e-06
5.203215e-03
1.301206e+00
1.318859e+02
