2.981289e-01
5.514552e+02
2.917818e+01
4.062057e+01
1.529318e+02
8.647042e+01
1.892977e+00
2.030452e-04
2.665055e-03
8.986495e-04
9.937654e-01
4.340896e+05
8.182892e-01
2.703853e-03
1.261664e-02
2.978143e-01
1.493046e-01
6.908251e+05
1.593485e-03
5.672651e+02
7.261819e-02
1.114147e+04
1.612931e+01
1.810116e+00
9.521342e-03
1.648980e-01
1.054188e+02
7.789724e+02
3.822850e+00
1.913520e+00
2.902547e-01
2.559225e+03
3.700171e+00
1.294561e+00
8.210291e-01
1.530703e+02
1.385160e+00
6.952298e-03
8.855569e-04
5.965389e-06
1.299563e+01
1.333755e+04
1.627210e-03
1.535721e+02
6.317548e-01
3.523496e-02
2.495295e-01
4.811140e-02
1.324157e+00
3.175526e+04
1.349232e-01
1.581509e+02
1.095617e-01
1.406662e-01
4.332690e-04
5.901314e+01
6.495897e-01
1.037040e+00
9.064662e-01
4.000518e+00
2.131891e-02
9.893485e+00
4.688723e+00
7.090689e-02
1.636702e+00
1.056524e-03
6.420444e-04
5.012141e-03
3.854579e-06
1.027097e-02
3.045624e-01
1.448654e-04
6.016140e-03
1.848899e+00
1.655277e+02
