2.682464e-01
5.114957e+02
2.694443e+01
3.785430e+01
1.188182e+02
7.446730e+01
1.939041e+00
1.956225e-04
2.561117e-03
8.467046e-04
9.829273e-01
3.299436e+05
6.743362e-01
2.244320e-03
1.203347e-02
2.647485e-01
1.605593e-01
6.682178e+05
1.545999e-03
5.214518e+02
8.699168e-02
9.798660e+03
1.802974e+01
1.922875e+00
8.941098e-03
1.862097e-01
1.120007e+02
8.016555e+02
3.721428e+00
2.081677e+00
3.061027e-01
2.986020e+03
3.304179e+00
1.469248e+00
7.336023e-01
1.622921e+02
1.405623e+00
7.166672e-03
8.078473e-04
6.536685e-06
1.064314e+01
1.092957e+04
1.769680e-03
1.670826e+02
7.658831e-01
4.671667e-02
2.752908e-01
5.262216e-02
1.425508e+00
2.482319e+04
1.211906e-01
1.546197e+02
9.438110e-02
1.101552e-01
5.623072e-04
6.129796e+01
7.115606e-01
9.420115e-01
8.726515e-01
3.769855e+00
1.739196e-02
8.080119e+00
3.594380e+00
6.588855e-02
1.715201e+00
9.644169e-04
7.059386e-04
4.540556e-03
4.987082e-06
9.390014e-03
3.076207e-01
1.367486e-04
5.350689e-03
1.831944e+00
1.642097e+02
