3.376290e-01
1.136573e+03
5.100822e+01
1.511589e+02
5.703755e+01
5.807094e+02
1.341559e+00
1.589485e-04
2.265945e-03
7.569545e-04
2.829121e+01
2.534393e+03
1.831159e+01
5.715867e-03
1.263551e-02
3.872359e-03
1.148784e-02
1.210276e+05
2.318767e-03
5.178701e+02
1.012532e+00
1.001182e+05
9.036695e+01
1.361018e+00
5.945576e-03
7.045140e-02
2.266118e+00
8.174281e+02
1.324434e+02
5.742511e+01
3.657192e-02
9.786913e+03
5.575978e+00
2.070836e+01
3.873074e-01
2.995831e+01
1.439503e+00
9.709023e-03
2.545863e-04
1.564023e-03
7.259313e-01
2.572741e+04
3.512467e-04
1.231469e+02
2.434384e+00
4.049777e-01
6.779565e+00
1.020241e-01
2.874239e+00
6.795061e+02
3.457963e-03
2.535855e+03
1.423705e-02
4.864156e-03
5.395596e-02
1.376001e+03
6.122968e-01
1.043088e+00
1.641923e+01
8.913546e-01
1.207433e+00
1.884821e+02
6.887748e-01
5.935902e-02
1.818872e+00
1.208254e-03
6.521041e-04
1.816539e-02
4.345660e-05
1.258715e-01
2.942764e-02
8.048925e-05
2.245310e-03
2.369778e+00
2.305178e+02
