2.824827e-01
2.543819e+02
2.852385e+01
3.462424e+01
4.520599e+01
1.612636e+02
1.652435e+00
7.500709e-05
4.020142e-03
1.740658e-03
8.646279e-01
2.098540e+04
7.248474e+00
7.824371e-03
3.742081e-02
4.531719e-02
5.083773e-02
1.141130e+06
2.774825e-03
2.526491e+02
4.140848e-01
1.455943e+05
8.442409e+00
4.551383e+00
5.698912e-02
3.505096e-01
4.906454e+01
1.387981e+02
1.268731e+01
1.109597e+01
1.931093e-01
4.026585e+03
1.039188e+01
1.229234e+02
3.148581e-01
1.156951e+02
1.631507e+00
1.579440e-02
7.766386e-04
8.727752e-05
1.531829e+00
1.653625e+04
2.298652e-04
4.284692e+02
1.936622e-01
7.474229e-02
5.342664e-02
3.852607e-02
1.206063e+00
7.730414e+03
1.088858e-01
6.316777e+02
7.596605e-03
9.346543e-03
5.617738e-04
6.527603e+00
1.472382e+00
4.645223e-01
1.165314e+00
2.824255e+01
1.049977e-02
4.176362e+00
9.698002e-01
3.419417e-01
1.695730e+00
5.657842e-05
6.346384e-04
9.259677e-04
5.119667e-05
5.880449e-02
3.888621e-01
7.594634e-05
3.619278e-03
1.983699e+00
1.535920e+02
