3.424943e-01
9.033811e+02
2.234181e+01
5.669804e+01
5.530272e+01
1.724132e+02
1.982042e+00
1.388543e-04
4.022031e-03
1.209414e-03
9.557489e+00
4.232463e+04
8.379832e-01
8.210085e-04
2.617462e-02
1.573033e-01
4.793020e-01
1.554841e+06
4.205965e-03
6.625322e+02
8.070705e-01
1.942644e+04
6.644329e+01
1.066415e+00
4.327121e-02
2.559253e-01
9.345710e+01
4.657579e+02
9.684854e+00
2.390205e+01
1.010587e+00
1.329018e+04
7.891140e+00
2.244586e+01
8.694217e-01
5.100359e+02
1.677820e+00
9.683081e-03
1.047167e-03
9.898328e-05
4.314275e+00
2.573132e+03
1.772267e-03
4.773263e+02
7.266593e+00
3.080096e-01
1.216188e+00
2.324940e-01
3.777342e+00
1.565688e+03
1.065712e-01
7.393824e+02
9.458551e-02
2.828603e-02
3.421020e-03
3.640280e+01
7.966229e-01
3.514333e-01
2.502171e+00
2.278137e+01
7.561276e-03
2.916270e+00
8.075787e-01
3.131071e-01
2.280307e+00
5.401925e-04
1.717843e-03
2.553534e-03
3.453831e-05
6.528225e-03
8.798806e-01
1.714730e-04
8.185597e-03
2.561369e+00
1.719293e+02
