7.074383e-01
1.435571e+03
1.904416e+01
4.883319e+01
5.239661e+01
8.684927e+01
1.955859e+00
4.060078e-05
4.606264e-03
7.764484e-04
2.613482e+00
6.087372e+04
6.414838e+00
1.406103e-03
3.247094e-02
6.630875e-02
8.740879e-02
1.314509e+06
7.168313e-03
5.214000e+02
5.579070e-01
7.596397e+04
4.567928e+01
1.248236e+00
1.540212e-02
2.474217e-01
9.734036e+00
5.846034e+02
5.446100e+01
2.588686e+01
8.913108e-01
1.721255e+03
1.999448e+01
2.068731e+01
1.220625e+00
3.151649e+02
1.756332e+00
5.099458e-03
8.463058e-04
1.644160e-04
6.204495e+00
1.230038e+04
1.008695e-03
2.707604e+02
1.958063e+00
6.800612e-02
1.090239e+00
2.172561e-01
1.036207e+00
8.525830e+03
1.648038e-02
2.829009e+02
5.675375e-02
7.260169e-03
7.072529e-03
7.280272e+00
2.250517e+00
7.332417e-01
1.138007e+00
8.329478e+00
2.622934e-02
4.497348e+00
2.687919e+00
1.110834e+00
2.327217e+00
5.791510e-05
1.081197e-02
9.939274e-04
7.833943e-06
1.753771e-02
1.783539e-01
1.880244e-04
1.451275e-02
1.799535e+00
9.062905e+01
