3.410562e-01
6.545883e+02
4.309994e+01
5.711275e+01
9.370681e+01
1.186810e+02
1.358067e+00
3.198872e-04
3.110734e-03
2.375254e-03
1.069117e+00
2.743106e+06
7.623381e-01
1.633727e-02
2.086250e-02
4.708660e-01
1.116179e-01
4.322371e+05
1.890321e-03
1.991531e+03
6.788901e-02
1.370272e+04
4.567481e+00
1.105090e+00
9.459274e-03
8.471636e-02
3.311723e+01
9.754550e+02
3.122019e+00
2.379941e+00
4.369647e-01
1.650911e+03
4.948772e+00
1.397630e+00
1.409107e+00
4.712669e+01
1.478378e+00
1.374132e-02
9.903739e-04
7.520054e-06
1.555119e+01
1.378700e+04
2.827239e-03
6.996373e+01
4.518701e-01
5.352027e-03
1.019000e-01
1.578440e-02
8.045866e-01
2.669114e+04
3.118590e-01
3.041058e+02
1.631452e-01
2.784111e-01
1.360916e-04
5.836526e+01
2.129249e-01
1.130903e+00
9.550714e-01
2.435194e+00
4.836751e-02
2.334873e+01
4.553776e+00
1.327479e-01
1.309161e+00
5.096335e-04
1.038386e-04
6.545099e-03
1.328918e-06
1.665758e-02
1.832769e-01
1.367015e-04
1.652625e-02
1.917024e+00
1.540595e+02
