9.290390e-01
2.253713e+03
2.154822e+01
1.124104e+02
2.569651e+02
3.667069e+02
1.459176e+00
1.213529e-04
2.487942e-03
3.751289e-04
7.216822e-01
3.755877e+04
2.630924e-01
1.518114e-03
2.219887e-03
5.387169e-03
1.094171e-02
2.260105e+06
1.510729e-04
4.998661e+02
1.402508e+00
1.440701e+05
2.223033e+01
6.481101e-01
1.237028e-02
3.212289e-01
8.867655e+00
1.074400e+03
5.438477e+00
1.048686e+01
1.111008e-02
1.760544e+04
4.795217e+01
1.808857e+01
5.591978e-01
1.648580e+02
2.730766e+00
1.284772e-03
1.075111e-03
1.485385e-03
1.297480e+00
2.834654e+04
7.766919e-05
1.161638e+03
3.471579e-01
9.337607e-01
1.706927e+00
4.764866e-01
7.307403e+00
1.567841e+03
4.685397e-03
2.240868e+02
2.707558e-02
1.000897e-01
1.833736e-04
1.015582e+00
2.632420e+00
3.414972e-01
1.797409e+00
6.377423e+01
2.207106e-02
2.701782e+01
4.467984e-02
5.544534e+00
1.804498e+00
4.434067e-06
6.834441e-05
3.125709e-04
6.662879e-05
2.906148e-03
3.404748e-01
5.232261e-06
7.392923e-03
1.300982e+00
1.311117e+02
