1.825237e-01
2.252575e+02
1.355690e+01
1.362873e+01
1.021015e+03
1.674673e+01
1.972392e+00
2.236594e-04
2.296730e-01
4.468457e-03
8.418004e+00
2.216156e+05
1.337084e+01
1.424968e-03
1.393173e-02
5.836805e-02
2.551122e-01
2.300776e+06
6.385396e-02
1.353363e+03
7.043498e-01
1.923377e+04
4.998962e+01
4.050324e+00
1.075446e-01
8.368575e-02
4.619318e+01
3.387650e+02
3.264371e+02
1.138131e+03
4.337905e-01
6.592969e+04
5.722058e+01
6.773084e+01
3.623134e-01
9.640248e+02
1.788159e+00
1.570399e-03
7.511459e-04
1.320963e-04
2.611770e+00
9.278785e+03
2.365516e-04
1.844477e+03
3.120222e+00
2.369003e-02
2.449120e-01
4.275709e-01
8.421297e+00
9.798265e+02
2.202557e-02
8.553584e+02
3.800908e-02
6.223473e-01
2.713226e-03
5.609073e+01
8.912194e+00
2.011998e+00
7.024319e+00
4.666971e+01
6.958967e-03
1.577069e+01
7.599351e+00
6.459750e-01
2.535709e+00
1.000768e-03
1.583176e-03
2.615005e-03
2.716876e-05
1.296027e-02
1.684201e+01
9.957181e-05
3.442766e-02
1.960183e+00
1.643092e+02
