1.757330e-01
1.649846e+02
2.850924e+01
2.506588e+01
4.634850e+01
1.372438e+02
1.568218e+00
5.999660e-05
1.937470e-03
1.082597e-03
6.393738e-01
1.069080e+04
1.105080e+01
5.754614e-03
2.995188e-02
1.991963e-02
4.089464e-02
7.182346e+05
1.584711e-03
2.531406e+02
3.498698e-01
1.249902e+05
5.604070e+00
6.603619e+00
3.211067e-02
3.958016e-01
3.424789e+01
1.297709e+02
1.288416e+01
9.102106e+00
1.353961e-01
3.502352e+03
7.621434e+00
7.156875e+01
2.118208e-01
1.312721e+02
1.576274e+00
1.688122e-02
6.229900e-04
8.447051e-05
1.557855e+00
1.058319e+04
1.183204e-04
2.771903e+02
2.806855e-01
6.132645e-02
3.063838e-02
4.029953e-02
1.022974e+00
5.089190e+03
6.911359e-02
3.527025e+02
6.734155e-03
5.089987e-03
6.652897e-04
5.420905e+00
7.239641e-01
3.413861e-01
9.595634e-01
3.094038e+01
9.894561e-03
4.973826e+00
4.882347e-01
2.682530e-01
1.777803e+00
6.939440e-05
6.302576e-04
7.891761e-04
5.799005e-05
4.533408e-02
3.813590e-01
8.217579e-05
4.202444e-03
1.875766e+00
1.609253e+02
