4.586315e-01
7.817011e+02
4.279367e+01
6.731045e+01
1.266783e+02
1.589800e+02
1.454805e+00
2.514875e-04
3.588783e-03
2.558798e-03
1.510005e+00
2.028436e+06
1.065000e+00
1.054396e-02
2.571705e-02
4.758046e-01
1.062693e-01
6.527992e+05
2.429539e-03
1.591701e+03
8.500028e-02
1.455708e+04
8.156549e+00
1.426305e+00
1.415942e-02
9.912328e-02
6.161260e+01
1.202811e+03
4.230740e+00
2.858098e+00
4.040339e-01
1.642543e+03
5.668969e+00
2.160394e+00
1.598625e+00
7.936202e+01
1.460742e+00
1.142208e-02
1.203235e-03
9.493670e-06
1.579462e+01
1.798195e+04
2.928228e-03
8.582935e+01
5.816201e-01
8.015199e-03
1.751044e-01
2.878330e-02
9.538169e-01
3.028470e+04
2.798106e-01
3.519495e+02
2.091847e-01
1.978990e-01
1.823374e-04
5.837957e+01
2.674524e-01
1.296664e+00
1.309879e+00
3.650165e+00
4.939795e-02
2.373548e+01
5.076645e+00
1.885641e-01
1.420586e+00
6.810618e-04
2.032235e-04
7.149720e-03
1.737975e-06
1.462317e-02
1.737780e-01
1.766216e-04
2.014853e-02
1.980113e+00
1.480389e+02
