1.353887e-01
1.479821e+02
1.269388e+01
9.322782e+00
1.133725e+03
1.174236e+01
2.097992e+00
1.177891e-04
2.033779e-01
4.042081e-03
9.420556e+00
1.863610e+05
1.066992e+01
1.046330e-03
8.010929e-03
3.002375e-02
2.901090e-01
1.922684e+06
9.852529e-02
8.431786e+02
4.273157e-01
3.130643e+04
4.713281e+01
3.447432e+00
7.241781e-02
4.932887e-02
6.975293e+01
2.478485e+02
1.921158e+02
6.035130e+02
5.994056e-01
4.931857e+04
6.186847e+01
3.705453e+01
2.656728e-01
5.267389e+02
1.764711e+00
1.626709e-03
8.676622e-04
3.715965e-04
2.559848e+00
5.907061e+03
2.134706e-04
1.648556e+03
4.525313e+00
7.766674e-03
2.283327e-01
3.210749e-01
6.451029e+00
1.149970e+03
1.006523e-02
9.911400e+02
1.586104e-02
3.266622e-01
3.288767e-03
9.503777e+01
5.512388e+00
2.496810e+00
7.028872e+00
6.123918e+01
6.531980e-03
8.944441e+00
3.940231e+00
4.601289e-01
2.249417e+00
2.128395e-03
1.142519e-03
1.943243e-03
2.242364e-05
8.277453e-03
1.708555e+01
4.398423e-05
6.077384e-02
1.904318e+00
1.817699e+02
