1.763215e+00
5.093477e+03
2.541337e+01
8.013154e+00
1.241640e+01
5.430751e+00
1.284875e+00
4.125036e-03
3.710507e-04
2.623564e-05
5.050676e+00
1.741876e+04
2.361683e+00
6.836325e-04
3.424045e-02
4.524545e-03
7.318160e-03
6.320106e+06
3.362742e-04
3.852780e+02
6.447475e-01
1.048353e+06
6.245222e-01
2.677649e+00
1.007475e-03
1.373540e-01
1.802399e+01
5.211845e+01
2.094042e+01
1.595000e+02
1.801435e-02
6.306822e+03
1.096343e+01
6.680199e+01
4.219278e+01
1.183675e+01
2.480696e+00
7.958618e-04
1.387393e-03
6.370522e-06
1.501896e+02
6.015372e+02
1.307985e-03
1.226468e+02
1.590065e+00
5.624942e-03
2.421218e+00
5.685727e-03
5.857747e-01
2.967433e+04
6.222636e-03
8.638377e+04
2.285442e-02
4.814125e-03
3.280242e-04
1.772703e+00
2.171722e-02
3.355848e+00
1.248999e+00
2.993446e+02
5.359587e-03
3.452417e-01
1.320081e-01
1.483885e-01
1.417351e+00
1.146450e-04
1.777713e-03
1.815462e-04
5.393068e-07
2.046877e-01
1.739857e+00
5.191552e-06
5.262402e-01
1.849071e+00
1.574044e+02
