1.335902e-01
1.552502e+03
3.600697e+01
6.666022e+01
7.721201e+01
8.454897e+01
1.754388e+00
1.601764e-04
8.530901e-03
2.016031e-04
8.160563e-02
3.818641e+04
4.539221e-01
8.301517e-04
2.030021e-02
7.599457e-03
3.811635e-02
9.260294e+05
2.703078e-03
1.351887e+03
3.097715e-01
9.831697e+04
1.143929e+01
1.670604e-01
1.327601e-01
6.412342e-02
3.751393e+01
2.553053e+02
3.377562e+00
6.694672e+00
9.781548e-01
4.702768e+05
1.779723e+00
3.255769e+00
9.157778e-02
4.071506e+00
1.534774e+00
4.055394e-03
8.923258e-04
2.512886e-04
2.611620e+00
1.735402e+03
8.205925e-05
3.056705e+02
5.154383e+00
2.101927e-02
1.560835e-01
2.620377e-01
3.094723e-01
7.463356e+03
4.488939e-02
6.454245e+02
3.198576e-02
4.183772e-02
2.347556e-04
2.286784e+01
4.038604e-02
5.021491e-02
3.295962e+00
7.151221e+00
5.976922e-02
5.448303e+00
6.779907e-01
6.421800e-02
1.272195e+00
6.190023e-05
6.839441e-04
2.590714e-04
9.835515e-06
2.120378e-01
5.061961e-01
9.795237e-06
6.238990e-03
1.773849e+00
4.348259e+02
