1.407933e+00
9.260538e+02
2.486070e+01
1.915027e+02
5.802220e+01
1.371894e+03
1.463136e+00
5.359621e-04
2.320216e-03
2.519359e-04
2.463148e+00
1.412178e+04
3.175141e+00
3.558338e-03
3.976880e-02
9.911889e-03
1.190224e-01
5.943182e+05
2.350152e-04
8.286620e+01
7.624279e-01
2.711048e+04
2.761854e+01
2.513829e-01
2.507605e-02
3.569673e-02
3.853850e+01
1.519691e+03
4.630793e+00
2.585298e+01
1.975529e-01
3.384363e+04
3.382816e+00
1.245173e+01
3.824736e-01
3.452774e+01
1.793324e+00
7.117854e-03
2.107712e-03
6.351019e-05
3.544849e+01
1.252170e+04
1.180893e-04
2.697956e+02
7.164122e+00
8.003226e-02
4.419467e-01
5.223727e-02
5.001122e-01
3.006476e+03
4.020043e-02
1.651895e+03
4.336141e-02
3.995242e-02
2.950907e-03
3.258406e+01
2.531777e-01
8.673340e-01
1.614428e-01
6.775669e+02
2.947374e-02
4.497619e-01
2.671981e-02
2.069852e+00
2.082445e+00
1.452325e-04
1.371982e-03
6.681953e-03
6.825394e-05
6.348551e-03
1.594679e-01
3.302255e-06
7.232504e-03
2.250113e+00
8.142935e+01
