1.593635e+00
2.808930e+03
2.904742e+01
9.099068e+01
4.511500e+01
5.699401e+02
1.053956e+00
2.515387e-04
2.271476e-03
2.338884e-04
4.436638e-01
9.897894e+03
1.976426e+00
8.917256e-04
3.696625e-02
4.725225e-03
3.418750e-02
1.310745e+05
2.149242e-04
6.107749e+01
1.245298e-01
2.152597e+04
1.105426e+01
6.543702e-02
8.933752e-02
1.774364e-02
3.169261e+01
5.191024e+02
2.842758e+00
1.250850e+01
1.331370e-01
1.025975e+05
2.910060e+00
3.057675e+01
1.933792e-01
1.348244e+01
1.387795e+00
4.623750e-03
1.007435e-03
6.245339e-04
1.337606e+01
2.532124e+04
3.352838e-05
8.237198e+01
1.255177e+01
5.217046e-02
2.521227e-01
2.931388e-02
3.253018e-01
3.730136e+03
1.210782e-01
2.462614e+03
8.006997e-03
3.218639e-02
6.745394e-04
4.011233e+00
1.757775e-01
1.018732e+00
1.494651e-01
3.223906e+02
9.585551e-03
3.947736e-01
1.664898e-02
1.692384e+00
1.943119e+00
1.760881e-04
2.886764e-03
3.186611e-03
1.664554e-05
3.785959e-03
4.471191e-02
4.192901e-06
4.504691e-03
2.748074e+00
1.019418e+02
