1.294962e+00
3.479305e+02
1.311118e+01
4.422089e-01
7.355312e-01
5.482460e+02
2.009836e+00
2.536208e-06
3.396509e-03
1.245747e-01
4.183875e-01
3.418048e+06
2.992347e-02
1.284034e-03
6.274348e-02
6.103102e-01
2.428414e-01
2.268246e+06
3.307183e-01
3.413947e+01
1.576997e+00
2.174926e+06
1.631142e+00
1.033722e-02
1.301613e+00
5.405107e-02
5.670024e+02
9.330720e+02
6.574760e+02
3.241871e-01
5.185298e+01
2.131269e+06
8.891610e+01
1.836065e+01
9.018654e-01
6.866899e+00
2.091933e+00
4.140768e-03
4.269236e-04
7.650000e-03
1.654985e+00
1.466516e+04
6.540045e-04
8.021914e+03
4.224076e+01
2.148389e-01
8.895596e+00
9.944113e-02
6.688282e+00
3.759955e+03
4.256797e+00
7.067027e+02
9.189057e-02
1.247155e-01
3.133057e-03
4.011619e-01
4.286627e+00
1.505720e+00
2.335459e+02
5.094520e+01
5.114781e-01
1.848769e+02
1.008222e+02
3.724360e-01
1.093948e+00
2.002168e-04
1.034071e-02
2.448164e-05
4.634692e-04
3.130562e-01
2.674834e+00
9.819305e-07
1.292069e-02
1.770723e+00
5.687558e+01
