1.300406e-01
3.580957e+02
4.475345e+01
6.420168e+01
4.886062e+01
5.266053e+01
2.186640e+00
2.075232e-04
2.330510e-03
9.400278e-05
2.499303e+00
7.504827e+03
1.122615e+00
1.299289e-03
1.626457e-02
3.651870e-02
9.368855e-02
8.937372e+06
1.392455e-03
1.299044e+02
3.177236e-01
2.889481e+04
1.998948e+01
1.860626e+00
3.982173e-02
7.818965e-02
1.346716e+01
1.008792e+02
1.156317e+01
9.658405e+00
3.285126e-01
6.864312e+04
2.537545e+00
6.901255e+00
3.290829e-02
2.864373e+01
1.986915e+00
1.646843e-03
1.688609e-03
3.164762e-05
1.366594e+01
9.390043e+03
2.289007e-03
7.383109e+02
5.197252e+00
9.590679e-02
4.578793e-01
1.202729e-02
1.926008e+00
8.218918e+02
4.280924e-02
1.020715e+03
1.750314e-02
5.627089e-02
8.379586e-03
5.990414e+01
3.314127e-01
2.402351e-01
5.279949e+00
4.766371e+00
1.159172e-02
1.729481e+00
6.470415e-01
8.138268e-01
1.839639e+00
1.237984e-04
1.097645e-04
4.787176e-03
2.249332e-05
5.543838e-02
9.503574e-01
2.211296e-06
1.982423e-02
1.623608e+00
3.384430e+02
