2.254974e-01
9.271708e+02
2.868700e+01
2.608411e+01
1.461365e+02
1.630286e+02
1.332780e+00
3.227188e-04
1.116621e-03
1.257524e-04
8.515958e-01
1.359869e+04
2.426061e-01
3.079033e-05
1.680316e-02
1.351651e-01
1.855840e-03
1.602122e+05
5.703266e-03
1.483314e+03
3.935948e-01
1.950925e+05
1.701441e+00
4.246066e+00
4.838408e-03
9.403189e-02
6.065107e+00
5.414536e+02
7.310843e+00
4.919965e+00
1.757569e+00
1.703975e+04
7.261736e+00
4.442157e+01
7.264956e-01
5.208204e+02
1.285426e+00
1.318398e-03
1.446962e-03
7.183974e-04
9.101207e+00
2.581675e+04
4.686008e-04
2.022181e+02
1.672080e+00
1.035597e-03
2.795923e+00
1.427088e-01
9.982455e-02
1.175966e+04
1.715693e-03
1.072966e+03
1.972024e-01
4.651756e-02
4.509044e-04
6.522442e+00
4.442527e-01
7.405929e-01
6.295113e-02
1.668264e+02
1.482013e-01
2.946141e+01
1.037742e+01
1.136452e+00
2.197203e+00
4.784673e-04
1.747162e-03
3.115409e-03
4.057990e-05
3.234841e-02
8.665595e-02
5.714827e-05
4.333671e-02
2.066921e+00
2.131597e+02
