7.432257e-01
1.498677e+03
2.541016e+01
1.188999e+02
6.431226e+01
9.626382e+02
1.167855e+00
4.282741e-04
2.582296e-03
2.365010e-04
1.014258e+00
5.942035e+03
1.250858e+00
1.279831e-03
2.800465e-02
4.659921e-03
2.949576e-02
2.517032e+05
3.187554e-04
6.342948e+01
3.286053e-01
2.358843e+04
3.817447e+01
1.759917e-01
2.927404e-02
1.747953e-02
1.683857e+01
4.582131e+02
2.295673e+00
3.422877e+01
9.946440e-02
4.413904e+04
2.136906e+00
3.204892e+01
1.184221e-01
2.131209e+01
1.465894e+00
3.000660e-03
2.082392e-03
1.894531e-04
1.896411e+01
2.490959e+04
5.109875e-05
1.324132e+02
5.914842e+00
5.229679e-02
1.206965e-01
1.896199e-02
1.232084e-01
1.324041e+03
3.560178e-02
6.874670e+02
1.465278e-02
3.045357e-02
1.751208e-03
1.260475e+01
1.751473e-01
1.221859e+00
8.960428e-02
2.773146e+02
1.471997e-02
4.097390e-01
3.480572e-02
1.436885e+00
1.900862e+00
8.569529e-05
2.291765e-03
9.738896e-03
1.590020e-05
4.099768e-03
4.093737e-02
3.054468e-06
2.662717e-03
2.455056e+00
1.416548e+02
