2.877320e-01
2.165378e+02
3.229897e+01
2.498013e+01
3.303787e+02
3.415374e+02
1.024413e+00
2.655738e-05
2.224370e-03
3.882804e-04
3.295416e+00
4.135357e+04
6.535046e-01
9.955037e-05
2.287510e-02
1.678097e-01
5.996033e-01
7.218716e+05
1.207959e-02
1.853526e+03
6.759906e-02
7.405006e+04
7.829849e+00
6.567623e+00
6.271578e-02
1.920632e-01
1.659864e+02
2.942169e+01
4.920095e+01
1.152174e+01
1.232052e-01
2.140604e+04
1.996519e+01
9.778283e+01
3.057737e+00
6.368945e+01
1.884456e+00
6.762569e-03
3.542616e-04
3.346039e-06
3.435156e+01
2.102355e+03
2.868739e-04
6.805174e+01
1.678046e+00
6.813320e-03
6.587997e-02
6.311630e-03
1.599974e-01
2.922279e+03
6.865556e-01
4.653415e+02
3.535507e-01
2.042970e-02
7.655294e-04
1.617556e+01
9.178412e-02
8.653610e-01
6.220513e-01
1.507668e+00
1.401411e-03
3.388511e+00
5.129440e-01
1.092655e-01
1.302777e+00
7.673023e-05
1.642705e-04
1.302929e-01
9.856838e-05
3.080781e-03
1.775832e-01
3.766037e-06
1.416193e-03
2.612708e+00
1.147352e+02
