9.152496e-01
7.842523e+02
2.280375e+01
3.089724e+01
1.967682e+01
4.650276e+01
2.142907e+00
5.030321e-05
3.441116e-03
5.910556e-03
2.454509e+00
1.840557e+04
2.399922e-01
3.040446e-03
3.154315e-02
3.602093e-03
4.716474e-02
5.955290e+04
3.388199e-03
4.917742e+03
1.460476e-01
1.387353e+05
1.012659e+01
1.167485e-01
2.167795e-02
2.113016e-01
3.536586e+00
3.828292e+02
5.603624e+00
2.526051e+00
8.843721e-01
7.156106e+04
1.381616e+01
2.795533e+02
2.991794e-01
8.433097e+01
1.355060e+00
1.554262e-03
1.071441e-03
4.013981e-05
1.344570e+00
2.312175e+03
5.635485e-04
2.197574e+02
8.060344e-01
7.798061e-02
1.801033e+00
4.374316e-02
1.431868e-01
2.872134e+03
3.793281e-02
5.307617e+02
1.567184e-01
2.612548e-02
5.048937e-03
2.972554e+01
1.364954e+00
1.249957e+00
5.936860e-01
4.879633e+01
3.790388e-03
8.278330e+00
9.567522e+00
6.564953e-01
2.022832e+00
2.994590e-04
1.333727e-03
2.552156e-03
2.278577e-06
1.115590e-02
1.305995e-01
8.294554e-05
8.220620e-03
2.095054e+00
1.027346e+02
