1.809240e-01
1.901463e+03
3.881737e+01
9.164862e+01
8.197931e+01
7.648485e+01
1.788609e+00
1.607954e-04
8.696119e-03
2.279101e-04
8.872423e-02
6.809819e+04
4.377506e-01
5.512519e-04
2.475294e-02
7.052617e-03
3.283885e-02
9.450239e+05
2.535497e-03
2.007503e+03
3.351166e-01
1.258429e+05
1.401763e+01
1.921260e-01
1.720728e-01
5.418968e-02
3.670515e+01
2.148638e+02
3.810332e+00
6.096960e+00
7.398534e-01
6.720968e+05
2.290253e+00
3.719116e+00
1.260529e-01
4.493909e+00
1.505478e+00
2.890852e-03
9.415012e-04
2.253737e-04
3.680940e+00
1.607747e+03
7.035497e-05
2.143138e+02
4.770357e+00
2.156670e-02
1.606484e-01
2.240402e-01
3.113690e-01
1.071000e+04
7.182274e-02
7.294448e+02
2.634643e-02
3.884694e-02
1.826428e-04
1.852236e+01
4.433722e-02
5.516552e-02
4.865450e+00
4.229451e+00
5.224454e-02
6.589010e+00
1.201486e+00
6.189232e-02
1.325939e+00
4.444578e-05
4.584290e-04
2.236435e-04
1.566079e-05
1.653051e-01
5.486765e-01
1.075805e-05
7.898392e-03
1.821308e+00
4.576886e+02
