1.851780e-01
1.189026e+03
2.472872e+01
4.518084e+01
8.823246e+01
1.699042e+02
1.833927e+00
4.269740e-05
5.691602e-03
5.685827e-04
1.104229e-01
8.472232e+04
6.104367e-01
1.573758e-03
3.932807e-02
1.848385e-02
1.523591e-01
8.413712e+05
9.324194e-03
1.082960e+03
2.633298e-01
2.694203e+05
2.603680e+01
5.444823e-01
3.483195e-02
8.594868e-02
5.360564e+01
1.895294e+02
1.490003e+00
2.153404e+01
1.004638e+00
3.001193e+05
3.223062e+00
7.055641e+00
5.900921e-02
1.354121e+01
1.558841e+00
5.023086e-03
8.835918e-04
9.692781e-05
7.116325e+00
3.094121e+03
1.453250e-04
6.428698e+02
1.432507e+01
2.774868e-02
2.012751e-01
3.136340e-01
1.729289e-01
1.756481e+04
1.644050e-01
9.804749e+02
3.917119e-02
8.240687e-02
6.828345e-04
2.331831e+01
2.081757e-01
1.159561e-01
1.340813e+00
4.518814e+00
3.090994e-02
7.826616e+00
8.985609e-01
7.817125e-02
1.159354e+00
1.865424e-04
6.586353e-04
3.399174e-04
4.532187e-05
2.031081e-01
6.967051e-01
1.217350e-05
2.352293e-02
2.286965e+00
2.739087e+02
