2.074678e-01
2.956297e+03
1.913504e+01
2.324175e+01
2.645807e+01
5.367025e+01
1.758555e+00
3.118419e-04
1.141606e-02
1.703385e-04
3.268310e+00
2.607454e+04
3.145005e-01
8.971210e-04
3.760762e-02
2.548162e-01
2.882276e-02
6.796372e+06
4.186120e-04
7.265473e+01
1.722647e-01
6.392634e+04
4.281720e+00
6.974476e+00
1.236973e-02
1.755174e-01
6.249696e+00
6.326388e+02
2.089078e+00
5.482017e+01
2.103811e-01
1.303736e+04
1.361358e+02
1.717666e+00
9.458243e-01
3.263944e+00
1.041893e+00
7.106435e-04
4.675432e-03
5.509263e-05
2.189122e+00
8.647886e+03
7.382178e-04
1.867864e+02
1.266954e+01
1.404877e-02
2.353530e-01
2.274088e-02
7.761162e-01
1.946390e+03
5.823414e-03
1.615155e+02
5.253340e-02
1.483190e-02
1.032845e-02
1.343659e+00
2.303762e-01
3.614696e-03
1.552248e+00
4.651818e+01
1.588370e-03
2.413795e+02
4.859354e-02
4.820267e+00
2.142245e+00
4.343252e-04
7.607869e-04
9.485523e-03
3.682933e-05
3.969835e-01
1.878416e-01
5.704918e-06
7.409668e-02
1.939317e+00
3.579573e+02
