5.873591e-01
3.560255e+03
1.838643e+01
4.192396e+01
5.615994e+01
1.797454e+02
1.218765e+00
3.788195e-04
6.394268e-03
3.180851e-04
6.184365e-01
1.334074e+03
3.249263e+00
4.203388e-03
8.169515e-02
1.719399e-03
1.424093e-02
2.400585e+05
4.449062e-03
2.343452e+01
3.157034e-01
2.748426e+04
1.343874e+01
3.482793e-01
3.406732e-02
6.165165e-02
7.560321e+00
1.558597e+02
1.660106e+00
8.644943e+00
2.577131e-01
1.331874e+05
1.163604e+00
2.265429e+01
1.359191e-01
2.832386e+01
1.399518e+00
2.984751e-03
9.109712e-04
5.234460e-04
4.561292e+00
1.096347e+05
1.006301e-05
3.531609e+02
4.976396e+00
8.882458e-02
7.820417e-02
6.580931e-03
1.559753e-01
1.368353e+03
2.550986e-02
1.305757e+03
6.607875e-02
1.446830e-01
3.591119e-04
7.010433e+00
7.076877e-02
1.390455e+00
1.278159e-01
1.852743e+02
6.901888e-03
3.300761e+00
2.278801e-02
2.499743e+00
1.785195e+00
3.723732e-05
3.004510e-03
1.562923e-02
2.061132e-05
1.358389e-02
4.520626e-02
2.353728e-06
2.690706e-03
2.062314e+00
2.408391e+02
