1.638527e-01
1.924999e+03
3.107417e+02
1.458274e+02
7.493771e+01
4.079904e+00
3.178500e+00
2.815416e-04
6.593535e-03
9.423432e-04
1.130597e+01
2.136193e+04
1.713505e-01
3.222894e-04
8.754604e-02
1.109659e-01
1.871201e+00
3.101508e+06
4.665126e-02
8.409657e+01
1.693435e+00
4.677938e+04
1.973770e+01
1.295061e-01
5.606222e-03
7.170881e-01
2.763190e+02
1.785596e+02
8.054758e-01
1.033277e+02
1.061117e+01
1.172408e+05
1.731499e+01
4.796379e+01
1.706994e+01
4.847999e+01
2.038651e+00
1.573601e-03
1.448032e-02
9.250038e-05
3.876379e-01
1.003293e+04
1.458394e-03
1.254155e+03
4.163825e-01
8.443119e-01
1.363758e-02
1.143944e-02
1.518475e+01
1.269880e+04
9.240802e-03
2.915733e+02
5.484093e-03
1.086217e-02
1.192260e-02
3.283951e+01
2.600464e-01
1.329814e-02
5.237819e-02
4.959550e+00
1.329567e-02
4.267213e+01
1.644119e-01
4.011096e-01
2.111928e+00
1.246302e-04
1.299525e-04
6.001082e-04
1.267371e-04
6.758325e-03
1.118659e-01
1.002048e-04
2.393493e-03
2.024665e+00
3.997474e+02
