7.737701e-02
2.234540e+03
7.422814e+01
4.133078e+02
6.189674e+01
1.272707e+03
1.677472e+00
4.365431e-04
6.490236e-04
1.742086e-03
1.202956e+00
8.553180e+03
2.285001e+01
1.933281e-03
1.538646e-01
2.406360e-01
1.101411e+00
4.243318e+05
7.849251e-04
3.345952e+01
4.530442e-01
1.393814e+05
2.965092e+00
5.221508e-02
3.686421e-03
4.806640e-02
1.126569e+02
1.188706e+03
2.828150e+01
2.504760e+00
3.112885e-02
2.245122e+04
4.903470e+01
2.094879e+02
3.139724e+00
1.470913e+02
2.171327e+00
1.213439e-01
6.208580e-04
2.120639e-04
4.462753e-01
1.993064e+03
9.902226e-04
4.652207e+03
4.563793e-02
2.776897e-02
6.234151e+00
2.766368e-02
6.045576e-02
2.251292e+04
1.521734e+00
3.120038e+04
3.912771e-01
1.464472e+00
1.249244e-03
5.252548e+00
3.254152e+00
1.505610e+01
1.887045e-01
1.499802e+02
7.912542e-03
7.484709e-01
1.113837e-01
2.995152e+00
2.328685e+00
1.531244e-03
2.020950e-03
1.230921e-03
1.065293e-03
5.475516e-03
3.574098e+00
6.865133e-05
3.512485e-01
1.724339e+00
7.732124e+02
