4.184110e-02
2.256653e+03
1.881197e+02
2.838535e+02
1.337614e+02
2.069505e+01
2.305144e+00
9.609223e-05
1.237693e-02
6.446378e-05
8.910082e-01
1.257141e+03
7.212089e+00
5.221558e-02
3.993751e-03
5.963150e-03
3.193164e-03
2.304202e+07
4.666537e-02
3.520517e+02
1.906400e-01
3.655987e+03
5.702513e+02
6.778874e-01
1.969146e-01
1.902780e-01
2.881871e+00
3.248483e+02
4.680288e-01
8.704434e+01
5.364886e+00
8.667370e+04
4.893003e-01
4.097157e+02
2.408022e-02
2.130940e+03
2.664756e+00
9.490283e-04
1.065008e-02
7.650000e-03
1.109500e+00
2.880190e+04
3.100007e-03
1.383261e+03
1.745848e+02
7.037924e-04
7.413623e-01
1.287995e-01
9.634743e-02
3.290197e+02
1.077184e-02
4.790308e+01
2.666729e-03
5.145491e-01
1.208049e-01
4.055597e+02
9.718401e+00
1.418144e-01
3.207761e+00
6.517603e+00
1.043174e+00
3.281817e+01
1.026835e+02
1.109953e+00
1.000000e+00
2.311220e-04
1.443889e-01
2.448164e-01
3.517001e-07
3.395972e-01
1.548160e+01
2.631532e-06
2.581344e-03
2.722607e+00
7.484643e+02
