2.775365e-01
9.630626e+02
3.341635e+01
2.235890e+02
1.315921e+01
2.144553e+02
2.488905e+00
7.090595e-05
2.182667e-02
2.765837e-02
4.747731e+01
1.294479e+04
6.701891e+01
3.325875e-04
1.188397e-02
2.561748e-01
2.387285e-02
3.254625e+06
7.671417e-03
2.028846e+02
2.132228e-01
2.437882e+05
6.176933e+01
5.545702e+00
1.778644e-01
9.218969e+00
4.480979e+02
3.355640e+03
4.397816e+01
5.504962e+00
4.367162e+01
9.635507e+03
1.951480e+01
2.470480e+00
2.599491e+00
6.330306e+02
2.355716e+00
2.216156e-02
1.168633e-03
8.917921e-05
9.043496e+00
2.888801e+03
6.894179e-04
2.772697e+02
4.144057e+00
3.455687e-01
9.966582e-01
1.324238e+00
3.923872e+01
3.793249e+03
1.313101e-01
9.706526e+03
4.209353e+00
1.235143e+00
6.214642e-03
3.287748e+01
4.051569e+00
1.929507e+01
1.328719e+01
1.761232e+02
3.328319e-01
4.863347e+00
2.676490e+01
4.664076e+00
1.856398e+00
9.402059e-04
1.664846e-02
1.108916e-03
7.680594e-05
9.632553e-03
5.866949e-01
7.101745e-05
1.104131e-02
2.946462e+00
1.858892e+02
