1.321570e-01
1.343560e+02
6.181273e+01
1.318849e+02
3.476619e+00
1.187447e+02
2.015177e+00
2.970101e-04
1.338753e-03
2.790821e-03
1.133410e+01
1.623770e+04
3.285876e+00
2.068649e-03
1.449621e-01
1.319774e-01
2.164905e-02
3.730988e+05
3.611480e-02
1.157001e+03
2.851131e-01
1.429050e+05
4.515707e+01
4.780660e-01
1.121710e-01
6.901751e-01
2.135836e+02
4.547765e+02
9.573163e+00
3.600657e+00
2.044524e+00
3.486933e+04
5.303780e+01
3.914765e+00
3.626730e+00
1.167402e+02
1.546440e+00
2.910639e-03
1.213454e-03
1.634219e-04
7.630241e+00
7.102791e+02
1.000724e-02
1.410693e+03
8.635671e+00
4.542421e-01
1.548620e+00
2.059718e-01
2.493087e+00
6.899387e+03
4.347414e-02
8.129562e+02
2.268860e-02
3.985110e-02
2.423851e-03
2.282446e+02
4.188941e-01
3.667260e-01
4.967144e+00
8.255829e+00
4.772312e-02
4.098668e+00
1.436126e+00
1.528876e+00
1.476454e+00
5.439305e-04
1.092910e-02
8.452865e-03
1.960704e-05
1.017618e-01
8.637254e-02
8.357179e-05
2.232513e-03
1.425282e+00
1.725792e+02
