1.693954e-01
1.137256e+03
3.354077e+01
3.432034e+01
1.150212e+03
1.102325e+04
1.049157e+00
2.586390e-05
1.295124e-01
6.543795e-02
2.901282e-01
3.418048e+06
2.163680e+02
6.647585e-03
7.413982e-03
3.020651e-01
8.982573e+00
8.779344e+05
1.031008e-01
1.664839e+04
1.325682e-02
2.471001e+03
1.008122e+03
7.301276e-01
1.631353e-01
1.298040e+01
1.923118e+03
4.415834e+04
8.164448e+00
1.609768e+01
4.816206e+01
1.523179e+05
1.379479e+03
1.504397e+03
3.091529e-01
9.383353e+03
1.891866e+00
3.284434e-01
3.825483e-04
4.895322e-03
3.082223e+00
8.482426e+02
1.598502e-04
1.044879e+04
4.558682e-01
2.867024e-02
2.711629e-01
1.278273e-02
1.356996e+01
2.219236e+04
3.220581e-01
1.516645e+02
3.947353e-03
3.830955e-01
1.924434e-04
2.379053e+01
2.274633e+00
1.040825e-01
2.691343e+01
6.261020e+01
1.646825e+00
1.321386e+00
1.004028e+01
2.484700e-01
1.824766e+00
5.949752e-03
9.325357e-02
9.724550e-02
3.839229e-04
1.989880e+00
2.505092e+01
3.096204e-04
5.353571e-02
3.074742e+00
4.188539e+02
