7.827396e-01
2.970729e+04
1.045313e+03
5.677150e+01
3.078054e+01
2.267430e+01
1.403001e+00
1.603503e-03
1.267597e-04
1.245747e-01
1.573406e-01
3.081145e+05
2.328115e+00
1.622521e-02
4.130026e-04
5.859100e-03
1.576787e-03
4.080388e+05
2.353383e-01
2.100105e+01
4.755112e-01
2.951607e+06
7.334665e-01
5.916334e+00
6.003228e-04
9.791192e-03
6.535362e+00
9.730369e+02
8.669969e+01
2.274551e+01
3.260031e-01
2.832884e+04
4.658020e-01
3.251737e+01
5.837346e-02
1.168437e+03
3.991148e+00
1.007620e-01
1.674939e-03
2.746104e-04
2.842178e+01
1.314118e+05
3.265814e-04
3.116032e+02
3.517179e-01
7.483002e-01
6.787727e-02
1.980374e-02
9.099687e+01
7.866689e+02
5.017642e-03
1.074145e+04
6.320465e-02
7.517105e-02
1.360912e-03
9.158563e-01
3.884865e-02
3.144705e+01
3.005348e-01
2.137468e+00
1.668603e-01
7.483056e+02
4.132871e-01
6.374901e+01
1.307695e+00
1.462314e-05
5.512128e-03
4.551624e-03
3.094660e-05
8.161113e-03
3.785828e-01
3.571789e-05
5.160915e-02
1.480135e+00
3.775751e+02
