3.937321e-01
3.561669e+02
2.457884e+01
1.038961e+02
1.336741e+01
1.534347e+02
1.659197e+00
5.860466e-04
2.146687e-03
1.352487e-03
2.909937e+01
2.190148e+04
8.427862e+00
7.080893e-04
3.870344e-02
1.525622e+00
9.338820e-02
1.070514e+06
7.054761e-02
6.576050e+02
2.668424e+00
4.754543e+05
3.197609e+01
1.602394e+00
6.942891e-03
2.334370e-02
1.070064e+02
1.926898e+02
6.625562e+00
1.106573e+00
2.924838e+01
1.320466e+04
2.013820e+01
4.676082e+00
3.604026e-01
2.958555e+03
1.599608e+00
7.180462e-03
7.478729e-04
2.659770e-05
1.020691e+00
3.740126e+03
1.099223e-03
1.082415e+03
1.944688e-01
1.440140e-01
1.707735e-01
9.519677e-02
6.705310e-02
2.246222e+03
3.002029e-01
2.209143e+04
1.066262e-02
3.311924e-01
1.168717e-03
2.595344e+00
2.292307e-01
7.696506e-02
1.094351e+00
5.892463e+00
1.366588e-01
4.783283e+01
2.305052e+01
2.498980e-01
2.250175e+00
1.731863e-04
9.216044e-04
1.375823e-03
2.262467e-06
3.077589e-02
1.579447e-01
1.196414e-05
9.419462e-03
2.581213e+00
1.103146e+02
