2.544730e+01
1.555712e+04
9.923262e+00
6.690158e+01
4.626063e+01
9.010972e+01
2.146608e+00
2.354454e-04
3.470788e-02
4.605844e-04
4.944086e+02
8.791282e+04
1.091345e-01
2.032694e-02
1.585258e-01
2.421454e-01
1.644497e-02
5.804126e+06
7.483614e-02
3.878377e+04
3.324732e+00
5.253902e+03
1.009064e+03
1.700037e-01
6.630672e-04
1.385897e-01
1.923118e-01
2.389343e+01
1.991472e+00
3.302724e-01
3.502073e-01
3.637033e+04
3.891098e+02
2.113465e+02
4.818125e+00
2.477100e+02
1.131780e+00
1.109924e-03
3.696797e-03
1.288825e-04
6.572967e-01
8.562744e+05
2.044582e-02
1.384783e+03
5.271297e-02
1.724514e+00
6.108138e-01
3.843150e-02
9.405843e-01
2.611510e+02
4.890460e-02
4.072159e+01
3.920164e-02
6.326895e-03
1.091833e-01
5.384318e+00
4.394773e-01
2.335898e-02
4.859791e+01
2.296599e+00
2.765336e-02
1.507394e-01
8.844788e-01
1.958421e-02
3.585931e+00
1.156932e-05
1.698741e-02
4.877482e-02
2.014750e-05
9.182978e-01
1.401052e-01
1.251161e-06
1.117751e-01
3.041391e+00
4.908856e+01
