1.224274e-01
1.315503e+03
2.744867e+01
4.136369e+01
1.037723e+02
1.718170e+02
1.824193e+00
1.031773e-04
6.172014e-03
5.057934e-04
7.385886e-02
8.311694e+04
5.066977e-01
1.080331e-03
2.536999e-02
2.684302e-02
1.437945e-01
2.127518e+06
1.792306e-02
2.565465e+03
4.401037e-01
2.780196e+05
3.747211e+01
6.140950e-01
5.435448e-02
1.085881e-01
1.121161e+02
3.140959e+02
2.200616e+00
1.222919e+01
1.329759e+00
2.734835e+05
4.469948e+00
6.914604e+00
5.445334e-02
1.045820e+01
1.701142e+00
6.283633e-03
6.892890e-04
1.337746e-04
8.273846e+00
2.072823e+03
2.099113e-04
4.831162e+02
1.200348e+01
3.687049e-02
1.950420e-01
1.426265e-01
4.487273e-01
9.283496e+03
1.128423e-01
7.721075e+02
6.339942e-02
7.843395e-02
3.463776e-04
7.636367e+01
8.773894e-02
8.058168e-02
3.759657e+00
4.745727e+00
4.252637e-02
1.500275e+01
1.608731e+00
1.490744e-01
1.243543e+00
1.083535e-04
4.028865e-04
4.576043e-04
3.175900e-05
2.635026e-01
5.867815e-01
1.064112e-05
9.761947e-03
2.178392e+00
4.916076e+02
