3.347331e+00
2.135253e+02
1.563207e+00
6.554347e-01
7.456097e-01
3.883324e+01
2.365226e+00
1.768819e-03
3.175197e-01
7.441937e-03
2.636733e+00
1.613053e+04
3.169616e-01
3.018376e-04
2.827723e-02
3.856220e-02
7.282391e-01
2.396679e+07
2.646391e-03
1.105742e+01
1.972676e-01
1.549262e+06
2.726087e+00
3.829167e+00
2.705684e-03
1.155195e-02
4.026896e-01
3.461740e+02
6.723844e+00
1.234615e+03
1.873039e+01
1.332802e+03
9.325063e+02
6.241617e+01
3.891032e-02
4.300997e+02
1.130312e+00
4.304650e-04
1.459181e-02
1.936386e-05
2.831945e+02
7.421268e+02
5.235581e-04
2.000381e+03
1.410402e+00
1.598785e-02
2.774707e-01
7.192085e+00
2.537666e+00
1.320426e+04
2.342480e+00
1.009042e+05
2.530509e-02
1.405347e+00
4.009972e-04
1.547917e+02
7.631292e+00
3.847974e+00
1.752771e-01
1.709700e+01
3.737949e-04
2.169531e-01
9.157632e+00
2.285168e+00
1.242808e+00
6.636363e-05
8.330273e-05
6.888774e-02
1.505938e-03
9.677149e-02
4.275753e-02
6.267950e-04
2.091184e-04
2.993877e+00
6.675528e+00
