3.183153e+01
1.821607e+04
2.750859e+01
6.710332e+01
6.744258e+01
1.522804e+02
2.562443e+00
1.730794e-04
7.794660e-02
2.132084e-03
3.939970e+02
1.045749e+05
4.733834e-01
1.526008e-02
2.108153e-01
3.271399e-01
2.273128e-02
4.097388e+06
1.336204e-01
2.976148e+04
1.873951e+00
9.558010e+03
7.196623e+02
1.520694e-01
8.415992e-04
3.028866e-01
7.917286e-01
6.913043e+01
3.527940e+00
4.154746e-01
9.802703e-01
1.003141e+05
4.256320e+02
1.240784e+02
3.827556e+00
8.325059e+02
1.142697e+00
1.089814e-03
8.682808e-03
1.247311e-04
8.276910e-01
7.767096e+05
4.611471e-02
1.911352e+03
1.413827e-01
3.508890e+00
1.061869e+00
7.980987e-02
3.362372e+00
4.805580e+02
2.664117e-02
7.663442e+01
4.171259e-02
2.062110e-02
3.348432e-02
7.310173e+00
1.135025e+00
2.171883e-02
9.094713e+01
3.034550e+00
2.011535e-02
5.400524e-01
3.093735e+00
5.625131e-02
3.837467e+00
3.228527e-05
2.948121e-02
7.819398e-02
2.744835e-05
1.833989e+00
2.363076e-01
3.108555e-06
1.793818e-01
3.212907e+00
8.460534e+01
