1.954604e+00
3.392258e+03
2.942334e+01
1.223732e+02
7.129554e+01
6.241814e+02
1.119593e+00
2.914901e-04
1.672774e-03
1.566858e-04
3.766490e-01
1.611733e+04
3.033106e+00
9.008644e-04
2.741326e-02
2.564330e-03
1.836747e-02
1.610989e+05
5.670593e-04
8.993193e+01
1.848561e-01
3.251793e+04
1.076238e+01
9.931703e-02
1.227954e-01
3.213942e-02
4.040131e+01
7.706877e+02
4.246604e+00
1.723353e+01
2.150668e-01
9.261544e+04
3.239059e+00
2.308845e+01
1.455775e-01
1.719501e+01
1.449204e+00
6.877482e-03
8.518932e-04
1.174463e-03
1.662751e+01
4.363392e+04
3.518032e-05
6.621976e+01
2.029840e+01
1.332929e-01
1.563317e-01
3.305021e-02
6.335650e-01
4.330702e+03
1.514737e-01
3.534423e+03
6.887063e-03
3.970230e-02
7.951293e-04
3.661597e+00
1.540788e-01
1.120028e+00
1.207856e-01
2.483820e+02
1.520063e-02
6.295885e-01
1.346743e-02
3.562693e+00
1.900472e+00
1.873424e-04
4.055138e-03
4.383984e-03
2.251750e-05
3.258958e-03
3.883711e-02
1.012586e-05
4.411352e-03
2.916757e+00
1.145778e+02
