2.889707e-01
1.272228e+03
4.538448e+01
3.935302e+01
1.640839e+02
1.401414e+02
1.459513e+00
3.810295e-04
1.415905e-03
1.378888e-04
1.264462e+00
1.446310e+04
2.933787e-01
2.897002e-05
1.488561e-02
1.383235e-01
5.355978e-03
2.030715e+05
1.136466e-02
1.294964e+03
4.605888e-01
1.997211e+05
1.803564e+00
4.458945e+00
3.820958e-03
1.429629e-01
1.045304e+01
9.121605e+02
6.287861e+00
7.409243e+00
2.702989e+00
1.593364e+04
7.657076e+00
6.209993e+01
1.072303e+00
6.036900e+02
1.334863e+00
1.766236e-03
1.722332e-03
5.384431e-04
6.803388e+00
2.555104e+04
6.910146e-04
2.561042e+02
1.793366e+00
1.413311e-03
3.034050e+00
2.153088e-01
1.545497e-01
1.532113e+04
1.458854e-03
1.499800e+03
1.825778e-01
6.876722e-02
6.064609e-04
6.036195e+00
4.944828e-01
7.089828e-01
6.022921e-02
1.805793e+02
2.291489e-01
3.329783e+01
1.455297e+01
1.153254e+00
2.357870e+00
6.669510e-04
1.770257e-03
4.239743e-03
4.421663e-05
4.198104e-02
8.692278e-02
1.504379e-04
8.155786e-02
2.182243e+00
2.737249e+02
