1.074301e+00
1.735248e+03
7.172747e+02
2.421390e+00
9.277792e+02
1.799714e+00
3.307001e+00
2.941231e-03
2.255504e-04
4.636926e-02
5.914382e-01
5.820819e+05
7.698029e+00
1.481354e-03
3.576591e-02
8.729266e-02
1.801883e-03
4.025540e+06
9.499043e-05
3.299583e+02
1.055650e-02
9.786411e+05
2.954248e+00
2.216011e+00
6.001576e-04
8.057509e-02
6.554853e+00
2.046852e+03
2.900413e-01
2.170162e+01
7.000232e-02
4.256982e+04
4.112829e+00
9.142077e-01
2.284221e-01
6.240723e+03
3.051565e+00
2.824511e-03
5.612941e-04
7.612413e-04
7.140372e-01
6.137111e+03
2.856223e-02
2.315560e+01
2.003843e-01
3.134083e-02
3.308864e+01
1.493344e+00
6.203801e-01
1.764341e+04
3.781480e+00
1.687911e+04
2.333505e-01
2.589373e+00
1.907662e-05
1.308866e+03
6.854542e-02
5.034056e+00
9.113904e+00
9.646679e+00
8.407967e-03
1.363283e+00
1.518497e-01
1.079604e-01
1.295412e+00
2.760030e-03
3.422629e-04
6.595740e-03
7.551150e-06
3.148523e-03
9.641178e+00
6.014404e-06
2.210636e-04
3.369932e+00
2.701500e+02
