9.909106e-02
5.555559e+02
2.423489e+01
1.145262e+01
1.535096e+03
1.219956e+04
1.233663e+00
2.905584e-05
3.080711e-04
3.633323e-05
2.210433e+00
3.418048e+02
5.188947e+01
3.000198e-02
4.350138e-03
1.349868e-02
1.056011e+00
2.884053e+04
4.112137e-01
3.878377e+00
3.753422e+00
8.380360e+05
2.072923e+01
8.932516e-02
1.620985e-02
2.037680e+00
4.517784e+02
1.336057e+04
4.980730e-01
3.294221e+00
5.185298e+01
1.354775e+03
4.157326e+01
9.900887e+00
4.744970e+00
2.303613e+00
3.422940e+00
3.081621e-02
1.525451e-03
1.203157e-03
7.186687e+01
1.509009e+04
3.929306e-05
4.884801e+02
1.858085e+01
4.392561e-01
1.836767e+01
1.332498e+01
6.029902e-02
9.901122e+03
1.730912e+00
8.735911e+03
3.712362e-01
3.134729e-01
6.897326e-04
4.352484e+00
6.967841e-03
2.130186e+00
4.598827e-02
4.036824e+02
1.647633e-02
1.808791e+02
1.199018e-01
1.622611e-02
1.661256e+00
1.007629e-04
1.443889e-01
5.366476e-02
1.873936e-04
9.687435e-02
9.740171e-02
1.542968e-05
4.258965e-03
1.499689e+00
2.333847e+02
