1.297214e-01
2.032920e+03
4.597516e+01
1.161607e+02
5.873373e+01
6.208045e+02
1.676527e+00
2.741209e-04
5.676053e-04
1.822260e-03
1.669182e+00
4.586865e+03
1.621720e+01
5.032301e-03
1.918124e-01
2.170875e-01
1.268751e+00
4.289268e+05
1.014067e-03
4.095915e+01
2.779543e-01
2.590229e+05
3.453546e+00
1.044878e-01
1.801751e-02
5.469673e-02
8.155893e+01
1.083493e+03
2.675753e+01
3.156745e+00
5.337247e-02
2.593421e+04
2.457445e+01
1.610117e+02
2.921064e+00
2.272052e+02
2.128474e+00
1.231913e-01
5.242278e-04
1.792322e-04
6.825440e-01
3.842722e+03
2.643709e-04
1.127506e+03
5.023702e-02
2.511667e-02
1.716799e+00
2.689761e-02
2.093756e-02
5.546007e+04
8.711322e-01
1.740675e+04
2.381936e-01
1.252713e+00
1.793771e-03
2.827660e+00
2.499837e+00
2.517161e+00
4.070697e-01
1.073387e+02
5.286418e-03
1.258103e+00
2.243533e-01
3.105682e+00
2.159692e+00
8.020683e-04
3.454077e-03
6.292639e-04
2.795312e-04
1.242885e-02
3.924403e+00
1.158773e-05
6.439860e-02
1.500598e+00
3.716725e+02
