2.945500e-01
1.488857e+03
3.063879e+01
2.807093e+01
1.392431e+02
1.113114e+02
1.378197e+00
2.826880e-04
1.369000e-03
1.551367e-04
8.711593e-01
1.372524e+04
3.306316e-01
3.497362e-05
1.519865e-02
1.144259e-01
3.029368e-03
1.446549e+05
7.728775e-03
1.484224e+03
3.649886e-01
1.595546e+05
2.194025e+00
4.400179e+00
4.301932e-03
1.290619e-01
7.829876e+00
5.903582e+02
5.369602e+00
5.834311e+00
2.077965e+00
1.498577e+04
8.725544e+00
5.127888e+01
9.531891e-01
5.090073e+02
1.271187e+00
1.399778e-03
1.501406e-03
6.816922e-04
6.823008e+00
2.398483e+04
8.436118e-04
1.958281e+02
1.340484e+00
9.276484e-04
3.165475e+00
2.244673e-01
1.222384e-01
1.348317e+04
2.120513e-03
1.140315e+03
1.527183e-01
4.973225e-02
4.909671e-04
6.167285e+00
4.982997e-01
8.841594e-01
7.936852e-02
1.590873e+02
1.983785e-01
3.092691e+01
1.364091e+01
1.174488e+00
2.270588e+00
5.163322e-04
2.619702e-03
4.583132e-03
4.801935e-05
4.167883e-02
1.017600e-01
1.024547e-04
5.614726e-02
2.167256e+00
2.013010e+02
