1.575071e-01
7.815664e+02
7.461009e+01
1.718501e+02
3.532599e+00
8.108129e+01
2.714870e+00
3.574691e-04
1.306047e-03
2.609303e-03
1.203284e+01
1.668169e+04
3.897498e+00
4.732801e-03
2.335735e-01
1.597599e-01
1.350837e-02
4.781284e+05
5.380922e-02
6.178478e+02
1.759541e-01
1.912818e+05
5.160984e+01
2.790266e-01
1.005120e-01
5.251879e-01
2.260687e+02
7.738536e+02
1.002083e+01
4.216149e+00
2.316022e+00
4.041065e+04
3.605466e+01
3.346739e+00
5.429872e+00
2.866301e+02
1.848609e+00
4.132574e-03
1.635265e-03
2.366969e-04
1.213170e+01
1.113696e+03
2.986932e-02
1.290676e+03
9.841025e+00
1.342378e+00
1.693566e+00
1.408344e-01
4.931273e+00
6.897747e+03
5.808680e-02
1.545569e+03
6.674613e-02
1.079131e-01
2.591700e-03
4.321840e+02
1.043907e+00
4.561680e-01
5.533477e+00
3.387264e+00
3.098205e-02
1.037154e+01
1.353244e+00
3.711836e+00
1.617926e+00
3.486339e-04
1.485535e-02
6.163471e-03
4.580643e-05
1.454658e-01
6.584842e-02
5.218177e-05
2.466239e-03
1.419573e+00
2.890583e+02
