1.670000e-01
1.036351e+03
2.912754e+01
4.046017e+01
2.216619e+01
3.946148e+02
1.602613e+00
2.117985e-04
4.282454e-03
9.829360e-03
6.578482e+01
1.668934e+04
7.345698e+01
2.996593e-03
1.229766e-01
2.781085e-01
1.050562e-01
1.400845e+07
3.794611e-03
1.231503e+03
1.853166e+00
5.056377e+05
1.061332e+01
2.506917e+00
6.923759e-02
4.192730e-02
4.535282e+01
6.386519e+02
1.454183e+01
4.204602e+00
7.702668e-01
4.135691e+04
1.294164e+01
3.707244e+01
2.982243e-01
1.565643e+03
1.787161e+00
3.442198e-03
9.152949e-04
2.581918e-04
7.971198e+00
1.636394e+04
2.005722e-03
3.124946e+02
2.539475e+00
1.155505e-01
4.554623e+00
9.583732e-01
1.631543e+00
2.102126e+03
1.645780e+00
6.306267e+04
1.887184e+00
1.249415e+00
2.073897e-03
3.379183e+01
1.093306e+00
2.820806e+00
1.159654e+00
2.667181e+01
1.398988e-02
5.128457e+00
1.364310e+01
8.165602e-01
1.631208e+00
1.340108e-03
6.183403e-04
6.166318e-03
1.641265e-05
2.697103e-02
1.214039e+00
1.735673e-05
6.289997e-03
2.086982e+00
2.633428e+02
