2.200469e+00
3.326636e+03
2.723770e+01
9.549363e+01
5.001057e+01
6.500205e+02
1.137786e+00
2.938776e-04
1.797387e-03
2.137105e-04
4.653688e-01
2.192463e+04
3.269691e+00
1.317638e-03
2.070972e-02
2.475107e-03
1.991878e-02
2.071768e+05
6.336743e-04
7.458394e+01
1.886002e-01
3.114839e+04
8.106949e+00
1.371735e-01
9.504161e-02
3.171174e-02
3.272204e+01
7.854309e+02
4.830821e+00
1.672545e+01
2.573625e-01
7.005489e+04
3.652542e+00
2.854809e+01
1.148593e-01
2.100289e+01
1.468607e+00
6.228568e-03
8.682586e-04
8.432490e-04
1.209506e+01
5.749747e+04
5.576017e-05
8.120673e+01
1.949957e+01
1.553488e-01
1.832820e-01
2.583090e-02
8.033080e-01
4.486501e+03
1.089628e-01
2.956586e+03
7.583274e-03
4.531845e-02
1.090317e-03
4.390229e+00
2.240855e-01
9.686641e-01
1.569243e-01
2.697425e+02
1.520652e-02
6.184002e-01
1.554540e-02
4.395048e+00
1.959163e+00
2.500554e-04
3.956205e-03
4.970870e-03
2.644689e-05
2.655423e-03
4.248840e-02
1.083277e-05
4.839930e-03
2.666339e+00
9.925735e+01
