1.547345e-01
2.074517e+02
3.474659e+01
5.764157e+01
2.634871e+01
6.866216e+01
2.005137e+00
2.272892e-04
3.279671e-03
2.452060e-04
1.305472e+00
1.521618e+04
1.155283e+00
6.292725e-04
2.586482e-02
4.077649e-02
8.494021e-02
2.149714e+07
1.258426e-03
1.990172e+02
4.428069e-01
5.527421e+04
1.139059e+01
1.233171e+00
1.692194e-02
2.919187e-02
7.909116e+00
6.550605e+01
6.090685e+00
1.108554e+01
3.657730e-01
5.611617e+04
2.292209e+00
5.159418e+00
2.815634e-02
4.143420e+01
2.114923e+00
1.346003e-03
2.509339e-03
1.596851e-05
1.499685e+01
8.706627e+03
1.865856e-03
1.273946e+03
3.948223e+00
8.431455e-02
2.471669e-01
7.720955e-03
1.546300e+00
8.924625e+02
3.336417e-02
9.169485e+02
1.952411e-02
3.418619e-02
5.538855e-03
1.404663e+02
1.183968e+00
2.885652e-01
5.244733e+00
8.803339e+00
1.074228e-02
1.229709e+00
1.932143e+00
4.092050e-01
1.796175e+00
4.842741e-05
5.949747e-05
1.670572e-03
2.114142e-05
6.582618e-02
1.126576e+00
1.794969e-06
2.138595e-02
1.550690e+00
1.842500e+02
