1.446807e-01
6.441127e+03
8.974271e+02
2.127653e+01
4.739177e+01
2.336430e+01
1.448721e+00
1.725677e-03
7.875765e-05
1.245747e-01
7.548213e-02
2.532270e+05
3.902359e+00
1.015340e-02
2.426976e-04
3.389735e-03
3.406733e-03
7.568071e+05
1.778638e-01
1.572329e+01
4.632225e+00
2.951607e+06
1.033902e+00
1.841235e+00
4.423143e-04
1.691584e-02
2.190063e+01
1.550308e+03
7.257484e+01
2.059420e+01
1.406912e-01
4.375290e+04
4.895343e-01
5.791072e+01
4.944264e-02
5.751077e+02
3.521133e+00
2.467892e-02
5.498827e-04
1.154937e-04
4.289324e+01
4.279563e+04
3.986923e-05
3.711754e+02
8.507942e-01
4.065196e-01
1.238309e-01
8.467524e-03
5.209779e+01
5.301824e+02
2.124201e-03
7.049316e+03
1.195413e-01
1.538289e-01
5.465397e-04
7.840360e-01
8.766070e-03
3.144705e+01
2.884754e-01
1.861484e+00
2.316226e-01
7.247248e+02
2.479391e-01
6.374901e+01
1.530290e+00
2.354767e-05
6.564703e-03
1.633990e-02
8.894234e-06
7.140159e-03
2.341627e-01
2.116187e-05
2.225586e-02
1.953213e+00
1.144902e+03
