2.920883e-01
2.516230e+01
1.693016e+00
1.751805e+02
2.924109e+03
6.856485e+02
2.964345e+00
3.082130e-04
3.330337e-04
1.938276e-04
3.967813e+02
4.531082e+04
1.252845e+00
3.294277e-04
1.580256e-03
2.968649e-01
6.837113e-01
1.945946e+07
3.699677e-02
5.269964e+03
1.381691e+01
2.484413e+04
7.404906e+02
4.818089e+01
1.287533e-02
9.278942e-01
6.814267e+00
3.283508e+01
1.466043e+02
1.921432e+01
2.677709e-02
3.166327e+03
6.799912e+01
5.287553e+02
3.374956e+00
6.149727e+02
1.553083e+00
1.789097e-02
4.410421e-02
1.564737e-05
7.671926e+01
2.077428e+03
8.629225e-04
5.315340e+02
4.071657e-01
4.468740e-03
4.886924e-01
1.453007e-03
3.215284e-02
1.038331e+02
6.427572e-01
1.264688e+01
7.834431e+00
5.116820e-04
1.496631e-03
1.580784e+03
1.006746e-02
3.144705e+01
5.615004e+00
4.003977e-01
1.732866e-01
1.031494e+02
1.685297e+01
6.374901e-03
1.512907e+00
1.541681e-05
1.443889e-05
1.718363e-03
5.566598e-04
3.992110e-02
5.220001e-01
2.103731e-06
1.097360e-03
2.734843e+00
4.126265e+01
