2.289592e-01
2.381484e+03
1.805127e+01
1.477947e+01
1.805283e+01
5.324827e+01
1.820343e+00
2.093488e-04
1.232377e-02
1.821708e-04
5.566424e+00
2.841490e+04
3.763350e-01
1.076512e-03
2.445933e-02
2.502481e-01
2.024497e-02
1.081425e+07
7.786529e-04
2.802847e+01
1.812957e-01
3.658333e+04
4.114348e+00
5.589215e+00
2.355362e-02
2.539882e-01
4.699585e+00
8.640693e+02
1.692627e+00
7.386209e+01
1.794503e-01
1.513612e+04
1.475428e+02
2.535683e+00
9.447821e-01
5.761882e+00
1.158588e+00
1.072162e-03
4.552183e-03
4.556969e-05
3.078441e+00
8.961152e+03
1.060595e-03
5.077473e+02
7.290896e+00
2.641965e-02
1.525694e-01
2.353943e-02
1.214626e+00
3.189377e+03
5.143595e-03
3.962560e+02
5.361457e-02
2.221031e-02
1.290848e-02
1.112199e+00
2.623385e-01
6.756363e-03
1.788891e+00
3.794853e+01
1.149134e-03
2.058748e+02
4.628698e-02
3.696014e+00
2.134575e+00
3.480299e-04
7.073876e-04
4.949721e-03
4.336097e-05
3.586616e-01
2.327978e-01
3.596241e-06
8.029022e-02
1.825240e+00
2.639408e+02
