9.560087e-01
1.542532e+02
1.281746e+01
4.907255e-01
1.733626e+01
3.857556e+01
3.512756e+00
2.105582e-03
7.384590e-02
2.033821e-02
2.260924e-01
2.191964e+06
2.408697e-01
4.168642e-04
8.565133e-03
3.861569e+00
4.437055e-02
3.119812e+07
2.934919e-03
2.514630e+02
1.481220e+01
2.429158e+06
2.564588e+00
2.358609e-01
6.319089e-03
1.236361e+00
1.056350e+02
1.509009e+04
4.173939e+00
5.695482e-01
4.202417e-02
1.592632e+03
2.953361e+02
8.070027e+02
2.553049e+01
7.597010e+00
1.154426e+00
6.655249e-03
1.863094e-03
1.455133e-05
6.661468e-01
7.059812e+03
2.469704e-02
1.002151e+04
2.386026e+01
2.799618e+00
2.843523e-02
1.881321e-02
5.820543e-02
5.592008e+04
3.557514e-03
1.153932e+03
5.762694e-03
1.302028e-03
4.645160e-03
5.816333e+00
4.292899e-01
3.167177e-02
1.454463e+00
4.792683e-01
1.735816e-02
6.366306e+02
1.516643e-02
1.336564e-02
2.269245e+00
9.846969e-03
1.442027e-04
2.290044e-01
1.038570e-05
2.789977e-04
6.978925e+00
1.107526e-05
3.203884e-01
3.306477e+00
6.307742e+01
