1.048537e-01
4.390104e+02
1.455321e+01
6.201464e+00
2.263284e+01
2.142170e+01
1.703041e+00
5.124216e-04
1.005828e-03
9.911056e-05
1.080822e+00
3.066843e+05
6.054691e+00
3.397111e-04
3.226011e-03
3.102599e-02
2.108379e-01
4.230836e+05
1.552204e-03
5.082108e+02
6.859260e-02
4.855955e+03
7.000581e+00
2.476060e-01
4.532338e-02
1.360715e-01
2.883327e+01
6.283446e+02
4.999558e+00
4.642395e+00
2.629649e-01
8.038388e+04
2.479312e+01
6.664975e+00
8.307600e-02
2.282316e+02
1.738260e+00
3.274645e-03
7.659188e-04
6.635806e-05
1.231902e+01
1.372349e+03
5.631358e-04
5.802215e+01
5.937266e-01
3.948016e-02
9.250968e-02
3.849091e-01
1.879601e+00
1.825204e+02
6.355078e-03
1.928302e+03
3.443907e-02
2.908642e-02
1.939114e-03
4.844865e+00
1.505052e+00
3.088327e-01
1.697735e-01
2.482022e+01
1.015097e-02
5.345912e+00
5.494974e-01
9.974445e-01
2.609120e+00
5.795329e-05
7.458563e-05
6.648976e-04
4.460634e-05
1.797745e-02
1.556582e+00
1.291979e-06
1.607988e-02
1.365649e+00
3.542627e+02
