4.098587e-03
1.442300e+04
4.374228e+01
2.695448e+02
7.861557e+02
9.488424e+01
3.282700e+00
2.318459e-05
3.990248e-01
8.288962e-02
4.277065e+01
4.661799e+04
1.149418e+01
6.153066e-03
1.472674e-02
6.927604e-02
1.475300e+00
2.007086e+05
2.414849e-03
3.110508e+04
4.516540e+00
1.317865e+06
3.901744e+02
7.753100e+01
1.871360e+00
4.958289e+00
1.734704e+03
3.325511e+01
6.574760e+02
3.362484e+00
5.185298e-03
3.977943e+04
1.482945e+01
3.659632e+01
2.803066e+01
5.122149e+01
1.552841e+00
1.547696e-03
1.344448e-02
6.345561e-03
2.412572e+01
7.309823e+02
1.208011e-02
4.175967e+02
1.366997e+02
2.210853e-03
1.646828e+01
4.941407e-02
7.763014e-02
1.840755e+05
2.052914e-01
5.886237e+02
4.992924e-02
1.096226e-01
1.108372e-02
1.319845e+00
2.511241e-02
2.561474e+00
1.247907e+01
2.262124e+01
3.148497e-02
6.497430e+00
3.753372e-02
6.374901e+01
2.113717e+00
1.868513e-03
1.030198e-03
1.121394e-01
7.602374e-07
2.704138e-03
6.988357e+00
4.130000e-03
1.504313e-01
3.680157e+00
2.186276e+04
