2.347307e+00
1.076305e+04
3.016493e+01
2.526452e+02
2.296351e+00
2.176019e+02
1.454509e+00
4.287284e-04
2.686773e-03
8.126015e-04
5.412886e+01
9.319707e+04
3.747924e+01
9.903580e-04
3.834500e-03
2.417560e-02
8.297809e-01
7.240601e+05
2.827043e-04
5.855559e+03
3.418542e-01
1.060726e+04
2.310863e+01
4.071385e+00
1.740808e-02
3.659394e-01
3.741168e+01
3.685945e+03
3.441852e+00
1.351317e+01
1.626748e-01
1.337776e+05
9.182852e+00
4.779857e+00
7.678965e+00
2.640439e+03
2.443470e+00
4.252689e-03
8.763100e-04
9.944990e-05
4.690323e+01
5.380721e+04
1.349367e-04
1.633698e+03
4.342041e-01
7.826865e-01
4.228281e+00
1.822718e-03
1.012853e+01
2.565659e+03
7.697841e-02
3.553827e+02
3.315153e-01
2.722050e-02
6.700871e-03
2.366223e+01
5.547391e-02
7.681925e-01
6.980560e-01
2.049510e+02
2.229463e-02
1.549509e+00
2.416256e+00
2.352688e-01
1.695693e+00
9.159408e-04
3.464964e-02
9.936518e-05
5.901275e-05
6.793087e-02
6.542615e+00
2.213571e-04
8.643286e-01
2.109093e+00
2.736842e+02
