6.888575e-01
4.839566e+02
3.479303e+01
1.159632e+02
5.023259e+01
3.242974e+02
1.508413e+00
2.077059e-04
2.078570e-03
3.360423e-03
8.982818e-01
1.899623e+05
4.725220e-01
1.591012e-04
2.646200e-01
2.094788e-02
7.595206e-02
4.829626e+06
2.220662e-04
6.415870e+02
9.981089e-02
3.019857e+03
1.731200e+02
2.480887e+00
8.404501e-02
7.877169e+00
9.284346e+02
7.116988e+01
1.105928e+01
4.079327e+00
1.194109e-01
7.301737e+04
4.789676e+00
7.023020e+01
1.177185e-01
2.853224e+00
1.967884e+00
8.328808e-04
1.153393e-03
8.955376e-05
4.757595e+00
5.928240e+03
1.397705e-03
4.614293e+02
8.158075e-01
4.947197e-02
6.140710e+00
1.271233e-01
3.631917e-01
8.825497e+02
2.171356e-01
1.329517e+02
2.061666e-02
4.183330e-02
9.392629e-04
1.516347e+01
8.497072e-01
7.504869e-01
1.661486e+00
8.780398e+00
1.591991e-02
6.809581e+01
1.268843e-01
1.801189e-01
1.913509e+00
5.198381e-04
3.335509e-04
1.388016e-02
1.729955e-05
3.631145e-02
1.011350e-01
2.933330e-05
3.734925e-03
1.689801e+00
8.791348e+01
