7.184008e-01
6.328151e+02
3.037003e+01
8.711250e+01
4.833707e+01
4.830170e+02
1.524410e+00
2.312466e-04
1.951008e-03
2.320947e-03
1.556965e+00
2.200517e+05
8.664435e-01
2.439201e-04
2.105770e-01
2.498954e-02
1.244196e-01
4.381691e+06
1.944600e-04
1.069923e+03
1.279728e-01
3.155294e+03
1.807498e+02
2.980882e+00
6.604868e-02
9.249946e+00
5.930797e+02
1.145585e+02
1.848860e+01
7.178780e+00
1.057074e-01
6.381710e+04
4.408289e+00
7.821193e+01
2.609064e-01
5.583006e+00
2.025216e+00
1.117529e-03
1.497651e-03
1.249934e-04
5.865686e+00
1.031733e+04
1.050099e-03
5.814112e+02
7.980534e-01
4.908364e-02
3.961448e+00
1.187276e-01
4.656097e-01
1.091017e+03
2.109149e-01
2.271163e+02
3.017058e-02
3.936184e-02
1.136939e-03
2.101700e+01
8.076617e-01
7.228672e-01
1.534393e+00
1.336286e+01
2.030839e-02
4.616625e+01
1.803601e-01
2.174754e-01
1.910593e+00
4.595499e-04
3.920552e-04
7.908473e-03
1.798564e-05
4.470955e-02
1.427170e-01
3.828837e-05
5.430663e-03
1.691420e+00
1.023553e+02
