1.529892e-01
3.541883e+02
1.958549e+01
1.608904e+01
2.084396e+01
3.521974e+01
1.655065e+00
2.463962e-04
4.103141e-03
3.691322e-04
4.061032e-01
6.566012e+04
4.466587e-01
1.458689e-03
2.301648e-03
6.505293e-03
9.278872e-01
3.546244e+05
1.266739e-03
1.668639e+02
9.745832e-02
8.377794e+04
5.907728e+00
1.855229e-02
1.661768e-01
1.220543e-01
3.335262e+02
2.359242e+02
3.599484e+00
4.468420e-01
6.369460e-02
1.839024e+05
5.019523e+00
3.518847e-01
1.767964e+00
1.001896e+02
1.363816e+00
4.022310e-03
6.602178e-04
2.489106e-05
8.223955e-01
4.702927e+03
3.144865e-04
1.380383e+02
5.903514e-01
7.899863e-02
2.323578e-01
1.624410e-01
1.350013e-01
1.814636e+03
7.167784e-03
5.808289e+02
1.725239e-02
7.571857e-03
4.177651e-04
2.715113e+01
1.096120e-01
1.201673e-01
4.628256e-02
5.987331e+00
1.718784e-02
4.919186e+00
8.874225e-02
6.824541e-01
1.753584e+00
6.638277e-05
8.067542e-04
9.590718e-05
3.416203e-06
2.783491e-04
6.321838e-02
3.497633e-05
2.299574e-03
2.649660e+00
1.631451e+02
