3.428484e+01
1.613173e+04
1.549352e+01
1.830046e+02
3.094083e+00
2.187732e+02
2.933228e+00
1.028021e-05
1.008989e-03
4.100642e-03
9.600364e+01
2.746092e+04
2.992347e-02
2.426637e-04
8.518382e-01
1.076921e-03
1.576787e-03
8.439040e+06
5.648117e-01
3.151825e+01
1.356880e-02
5.932250e+03
2.723908e+02
9.139399e+01
1.851778e-02
1.559980e-01
7.708242e+00
1.138573e+01
7.453530e+00
9.115163e+01
7.813682e+00
2.704339e+03
1.379479e+03
3.031702e+02
2.623981e-02
5.263610e+03
3.498252e+00
3.144527e-01
3.993398e-04
2.607630e-05
2.922760e+00
9.751674e+02
1.603281e-03
8.032825e+00
1.746226e-01
2.970491e+00
4.622511e+01
2.065474e-01
2.090965e+00
3.031411e+05
5.398396e-03
7.173825e+03
9.745618e-01
2.341370e-01
1.894867e-04
1.580784e-01
2.850434e-01
1.439796e+00
6.997119e+00
1.391950e+00
1.504460e-01
3.361738e+01
2.105907e+01
6.374901e-03
1.872803e+00
1.225185e-05
3.142624e-05
2.656463e-04
3.083837e-04
1.140199e-03
1.966821e+00
1.444400e-06
1.986148e-03
3.172132e+00
1.208225e+01
