1.071504e-01
2.367177e+02
3.426505e+01
4.756564e+01
2.538062e+01
5.182014e+01
2.286207e+00
1.714346e-04
1.507556e-03
2.396124e-03
1.731378e+00
3.555750e+04
2.336364e+00
2.965231e-04
1.923965e-02
2.133990e-01
5.926065e-02
1.102558e+05
1.168038e-03
4.602912e+02
1.064821e-01
1.471793e+04
2.248853e+01
6.366708e-01
3.226415e-02
3.267518e-01
1.812993e+01
1.591901e+02
3.924704e+00
1.099187e+01
2.612872e-01
3.830551e+03
5.529882e+00
7.445213e+00
1.004296e+00
8.164808e+00
1.789471e+00
7.421390e-04
3.319126e-03
6.017531e-05
7.165413e+00
2.002374e+03
4.304733e-04
4.081240e+02
2.280016e+00
2.836990e-02
4.908003e-01
1.630902e-02
4.968786e-02
1.503466e+03
6.704345e-02
4.359612e+02
7.933113e-02
2.491005e-02
3.655997e-03
2.433972e+00
4.010367e-01
4.726149e-01
4.384064e-01
1.504026e+01
6.277400e-03
3.540912e+00
3.766644e-01
7.765105e-01
1.282542e+00
1.415738e-04
9.014262e-04
4.046934e-03
7.496803e-06
4.462957e-03
2.200455e-01
1.176304e-05
4.077309e-03
2.396985e+00
2.083105e+02
