1.874783e-01
8.127261e+02
1.976333e+01
2.045678e+02
3.527915e+01
4.897704e+02
1.948731e+00
1.850507e-05
1.000687e-02
2.711233e-02
4.491603e+01
6.888142e+04
1.369532e+01
3.062878e-02
4.052483e-02
4.523502e-01
9.667718e-02
3.863342e+06
7.462982e-03
3.422381e+03
9.070708e-01
6.392361e+04
5.161423e+01
3.238220e+00
1.006706e-02
3.344459e-02
6.911221e+01
2.175380e+02
1.915837e+01
4.749695e+01
1.001096e-01
1.811397e+05
1.832116e+00
2.273878e+01
1.166617e+00
5.322772e+02
1.312342e+00
5.666379e-04
3.465579e-03
4.132141e-04
1.195953e+01
4.623114e+03
4.260883e-03
5.037712e+03
5.156538e+01
1.123090e-02
4.432459e-01
2.735527e-02
1.563010e+00
1.280146e+04
7.871570e-02
6.499997e+03
7.590822e-02
1.288067e-02
9.343618e-04
5.037085e-01
1.205814e-01
1.817018e-01
2.956202e+00
1.956199e+03
5.493773e-02
1.074528e+01
6.758072e+00
5.124462e-02
1.954762e+00
3.325148e-04
1.021595e-03
1.744340e-04
2.970006e-04
5.218027e-02
1.002303e+00
3.716595e-05
5.932412e-03
2.082243e+00
2.010923e+02
