4.178679e-01
7.763728e+02
2.242921e+01
2.300637e+01
5.224119e+00
5.760579e+01
1.966046e+00
3.319236e-04
4.262005e-02
1.092287e-04
1.158053e+00
5.120273e+04
7.042119e-01
5.079587e-04
2.049423e-03
8.946169e-03
1.913894e-01
2.094561e+05
2.323896e-02
9.278698e+01
5.963301e-01
9.025202e+04
1.069971e+01
2.279850e+00
1.693209e-02
1.956910e-01
1.222359e+00
3.927345e+02
9.020466e-01
3.416059e+00
4.311259e-01
5.086665e+03
3.218846e+00
1.512312e+00
4.915002e-01
3.094451e+02
1.394425e+00
3.583973e-03
1.137898e-03
2.495018e-05
9.066286e-01
5.426298e+03
1.100081e-04
2.038571e+02
1.397703e+00
6.453812e-02
3.450754e-01
3.196482e-02
6.106399e-01
4.482563e+03
7.484543e-03
2.506505e+02
7.085409e-03
9.729272e-03
3.977917e-04
6.169287e+00
9.790376e-02
2.939121e-01
8.008928e-01
3.829980e+00
6.973340e-03
5.038846e+01
1.612990e-01
2.201045e-01
1.641655e+00
4.249629e-04
3.291679e-04
9.812361e-04
8.034161e-06
7.448020e-03
8.693594e-01
5.615912e-06
1.654445e-03
2.321519e+00
1.107031e+02
