7.144931e-01
8.108484e+02
5.006424e+01
9.996136e+01
6.138773e+01
3.352399e+02
1.731390e+00
1.889887e-04
1.491730e-03
4.503124e-03
2.024443e+00
2.138809e+05
3.064952e-01
9.553094e-05
3.279884e-01
3.515959e-02
6.478310e-02
5.025211e+06
2.601766e-04
1.212836e+03
1.296134e-01
4.334461e+03
2.193223e+02
3.029730e+00
7.673228e-02
7.648114e+00
9.363220e+02
9.443692e+01
1.356591e+01
6.215163e+00
1.192496e-01
4.556939e+04
3.787452e+00
6.266020e+01
1.320649e-01
2.527195e+00
1.940533e+00
7.241902e-04
1.892165e-03
1.021418e-04
7.387806e+00
2.916861e+03
9.172697e-04
4.203532e+02
1.068848e+00
5.742118e-02
1.255307e+01
2.895549e-01
1.736969e-01
5.653987e+02
2.213505e-01
1.352417e+02
1.491029e-02
4.255649e-02
1.490159e-03
2.008380e+01
1.126343e+00
8.346904e-01
2.705410e+00
1.180407e+01
2.591857e-02
6.753470e+01
2.325575e-01
2.457900e-01
1.781178e+00
2.983659e-04
5.329112e-04
2.554814e-02
3.267205e-05
3.090483e-02
9.315166e-02
2.101853e-05
4.001538e-03
1.836457e+00
1.054022e+02
