3.718707e-03
1.764028e+04
3.796221e+01
4.697947e+02
9.509181e+02
6.867004e+01
3.359055e+00
2.491341e-05
5.410072e-01
9.887496e-02
3.501937e+01
4.184621e+04
4.878344e+00
4.210841e-03
1.338105e-02
1.093075e-01
5.541258e+00
2.697930e+05
3.954525e-03
2.538709e+04
4.232720e+00
2.308941e+06
8.291598e+02
4.759346e+01
2.592506e+00
9.123801e+00
1.183115e+03
5.207356e+01
4.727927e+02
5.103225e+00
5.185298e-03
7.151583e+04
1.357987e+01
2.552173e+01
3.649600e+01
9.121522e+01
1.524763e+00
9.658856e-04
1.105250e-02
7.650000e-03
2.747476e+01
8.622760e+02
3.230964e-02
2.700894e+02
1.745848e+02
2.648636e-03
9.874970e+00
6.317297e-02
1.073596e-01
1.948485e+05
2.358161e-01
7.699103e+02
3.491558e-02
1.272264e-01
1.993298e-02
2.593095e+00
2.118963e-02
4.078720e+00
9.961462e+00
2.061429e+01
1.938354e-02
7.849263e+00
1.111248e-01
5.514392e+01
2.205996e+00
1.231924e-03
4.754996e-04
1.201154e-01
7.041537e-07
1.514586e-03
7.085567e+00
3.825636e-03
8.697723e-02
4.000000e+00
1.347962e+04
