8.857073e-01
8.206591e+02
5.455317e+01
1.092167e+02
6.263524e+01
3.404697e+02
1.729989e+00
2.296238e-04
1.749260e-03
5.061198e-03
1.853095e+00
2.500742e+05
3.648851e-01
1.409338e-04
3.692573e-01
4.482787e-02
5.291526e-02
8.369730e+06
3.426714e-04
1.186997e+03
1.506030e-01
4.019794e+03
2.696001e+02
3.726990e+00
8.963458e-02
1.089573e+01
1.514974e+03
9.312931e+01
1.402176e+01
5.676625e+00
1.593184e-01
5.450272e+04
4.390440e+00
7.431744e+01
1.304921e-01
3.410567e+00
1.948889e+00
6.628151e-04
2.334264e-03
9.872223e-05
8.729149e+00
3.590700e+03
1.338706e-03
5.710121e+02
9.184030e-01
6.077932e-02
1.189870e+01
2.406511e-01
2.187367e-01
8.947881e+02
2.035386e-01
1.719347e+02
2.136556e-02
5.379163e-02
1.698052e-03
1.789741e+01
1.063810e+00
1.032092e+00
2.547650e+00
1.373217e+01
2.954857e-02
1.042974e+02
2.451701e-01
2.468058e-01
1.902027e+00
5.014048e-04
5.239691e-04
2.363923e-02
3.005891e-05
4.673147e-02
1.217649e-01
1.635441e-05
4.544865e-03
1.811850e+00
1.142555e+02
