4.803831e-03
2.441708e+04
7.716704e+01
1.171019e+03
2.924109e+03
2.104984e+02
3.362161e+00
4.950357e-05
7.875765e-01
1.245747e-01
9.478137e+01
1.215384e+05
1.139994e+01
1.228282e-02
1.988990e-02
2.625377e-01
1.007998e+01
1.293928e+06
6.696326e-03
2.540369e+04
3.824459e+00
2.951607e+06
1.009064e+03
6.059347e+01
2.541625e+00
1.298040e+01
1.574826e+03
2.903402e+02
5.796507e+02
6.675087e+00
5.185298e-03
7.001469e+04
2.942186e+01
5.651044e+01
6.552142e+01
9.473737e+01
1.896749e+00
1.939364e-03
7.038237e-03
7.650000e-03
2.623132e+01
3.007742e+03
5.471366e-02
4.092280e+02
1.745848e+02
8.894601e-03
5.452852e+01
5.259599e-02
4.763214e-01
3.992061e+05
4.451661e-01
3.140071e+03
3.298239e-02
2.588111e-01
1.042618e-01
2.574688e+01
3.141899e-02
2.169711e+01
3.446592e+01
6.929633e+01
6.068554e-02
2.771931e+01
2.253766e-01
6.374901e+01
2.600604e+00
1.225285e-03
2.023911e-03
2.042954e-01
1.111750e-06
7.561943e-04
2.072855e+01
4.130000e-03
9.881630e-02
4.000000e+00
2.186276e+04
