2.924125e-02
2.446741e+02
5.689920e+02
4.012110e+02
2.071901e+00
1.690474e+04
1.609748e+00
4.506931e-04
2.883511e-03
5.501517e-02
1.262052e-01
3.418048e+06
2.992347e+02
9.481465e-02
1.194971e-01
2.537223e+00
1.467315e-01
7.355987e+03
5.648117e-01
3.566008e+04
5.503461e+01
3.220373e+04
7.482403e+01
5.733501e+01
1.623093e-02
1.827034e-01
4.247207e+00
4.625195e+03
1.446639e+02
5.057954e+00
2.624924e+00
5.410953e+03
1.314234e+00
2.617462e+00
4.894911e+01
1.456256e+02
1.609674e+00
1.264402e-03
6.012340e-02
7.650000e-03
1.182254e+00
1.006519e+04
1.232273e-04
1.404389e+01
1.745848e+02
6.265621e+00
7.420392e-03
3.959406e+00
2.305500e-02
3.992061e+05
9.733496e-02
7.415022e+03
1.745940e-03
5.110352e-03
7.856213e-02
5.233104e+02
1.431194e+01
5.639802e-01
3.026295e+01
1.914751e+03
5.986129e-03
1.423854e+01
3.348306e+00
2.022657e-01
3.591881e+00
5.013326e-04
1.633663e-03
3.958857e-02
2.856851e-04
9.575689e-03
3.969506e-03
1.738536e-05
1.168257e-02
4.000000e+00
3.445283e+02
