6.582857e-03
6.236383e+03
6.426742e+01
1.758594e+02
8.064702e+02
6.418317e+01
3.675240e+00
2.234308e-05
7.875765e-01
1.019803e-01
5.913928e+01
2.383280e+04
8.694985e+00
3.765131e-03
9.338630e-03
9.076884e-02
1.291454e+00
2.947077e+05
1.642025e-03
2.454358e+04
7.235725e+00
6.515772e+05
7.255670e+02
6.120063e+01
1.730406e+00
9.537793e+00
1.393512e+03
2.439331e+01
6.574760e+02
3.317660e+00
5.185298e-03
7.313149e+04
6.780529e+00
3.085212e+01
6.552142e+01
7.881069e+01
1.827501e+00
1.200536e-03
1.006330e-02
6.568724e-03
2.190535e+01
6.319846e+02
1.418767e-02
4.079384e+02
5.437847e+01
2.775759e-03
1.569867e+01
5.265778e-02
1.944690e-02
1.500549e+05
5.860687e-01
1.356552e+03
6.013809e-02
1.294299e-01
4.406980e-03
8.899131e-01
2.851763e-02
4.894439e+00
1.055210e+01
5.966103e+01
2.081869e-02
5.078373e+00
5.071467e-02
2.635603e+01
2.052080e+00
1.175123e-03
9.612013e-04
3.680248e-02
2.432298e-06
1.937302e-03
3.636431e+00
4.130000e-03
1.295326e-01
3.897788e+00
1.944417e+04
