1.109954e+00
1.962020e+03
2.277099e+01
4.280251e+01
5.290985e+00
6.124748e+01
1.047097e+00
2.582686e-04
2.677418e-03
9.303631e-04
7.512793e-02
2.117283e+03
1.101531e+00
1.784179e-03
6.949333e-03
4.004959e-03
7.289122e-01
3.052488e+05
1.618645e-03
6.215072e+01
3.256453e-01
7.126881e+03
7.986960e+01
3.801603e-01
1.253346e-02
4.471428e-02
1.645509e+01
5.265168e+02
2.417892e+00
2.456135e+00
3.062653e-01
4.467520e+03
5.462770e+00
3.891667e+00
1.773028e-01
2.815110e+02
2.291012e+00
5.308651e-03
7.478669e-04
1.765231e-04
7.843088e-01
3.004677e+03
1.171545e-03
1.744039e+02
6.002401e-01
5.016054e-02
8.046875e-02
7.114610e-02
1.858695e-01
2.117399e+02
2.383638e-02
8.211808e+02
3.929270e-03
6.908900e-01
1.136954e-03
7.250047e-01
9.712878e-01
9.316110e-01
1.727552e-01
7.325450e+00
1.461971e-02
4.924023e+00
1.634723e+00
1.830563e-01
1.900784e+00
1.478416e-04
9.808009e-04
1.378112e-02
9.578135e-06
1.575723e-02
2.851828e+00
8.400486e-05
3.867361e-03
1.977773e+00
1.555694e+02
