3.231971e+00
2.115285e+01
6.250966e+01
2.949293e+01
6.884453e+01
1.763407e+01
1.442130e+00
3.438794e-05
4.524287e-01
2.907102e-02
4.368116e-01
7.485660e+03
2.309939e-01
9.332054e-03
2.490338e-01
1.033329e-03
1.438507e+01
3.039123e+06
4.007738e-03
6.623907e+01
3.294570e-02
1.689972e+04
1.826960e+00
1.087827e+01
4.673990e-03
3.028167e-01
2.562166e+00
3.401809e+01
3.560144e+00
1.464533e+00
4.355288e+00
1.417660e+05
1.218329e+01
9.120989e+01
3.884236e-02
5.609674e+03
1.274105e+00
3.615314e-02
2.472551e-03
2.349458e-04
1.533653e+00
3.582613e+04
9.092324e-04
1.079621e+03
1.800107e+01
1.144110e+00
7.215757e-01
5.122817e+00
1.006062e-02
4.756836e+02
2.054457e-01
3.516241e+03
2.682855e+00
7.776886e-02
1.073171e-04
1.160971e+03
8.417730e+00
4.909391e-02
7.150085e-02
2.226497e+00
1.382658e-02
2.787046e+02
1.249033e+01
1.618207e+00
3.494492e+00
6.942587e-06
2.133154e-02
2.866705e-04
4.357101e-06
2.415018e-02
4.797914e-03
8.245023e-05
3.741395e-01
2.623810e+00
1.350469e+01
