1.159932e+00
2.579977e+03
2.094132e+01
3.262264e+01
4.456597e+00
4.849306e+01
1.105516e+00
2.665696e-04
2.970860e-03
1.608777e-03
1.025192e-01
3.549122e+03
8.746097e-01
1.631033e-03
9.290244e-03
6.241017e-03
8.547228e-01
3.553771e+05
1.229240e-03
4.341086e+01
3.446613e-01
5.703532e+03
1.131914e+02
7.550823e-01
1.408167e-02
4.102532e-02
1.417670e+01
8.168543e+02
4.235968e+00
3.202059e+00
3.125392e-01
5.628082e+03
4.455456e+00
7.443854e+00
1.310590e-01
4.229557e+02
2.393807e+00
3.205759e-03
8.518863e-04
1.708900e-04
1.087238e+00
2.988882e+03
6.651355e-04
2.007662e+02
7.211937e-01
3.696995e-02
9.801673e-02
7.055010e-02
1.679879e-01
2.180380e+02
3.442484e-02
7.244796e+02
2.629866e-03
9.395571e-01
8.272060e-04
9.550031e-01
1.729866e+00
8.812822e-01
2.172607e-01
6.914817e+00
1.244711e-02
3.907620e+00
1.671424e+00
1.521384e-01
1.900687e+00
1.674920e-04
9.757814e-04
1.925761e-02
1.080080e-05
8.546103e-03
2.579442e+00
1.497671e-04
5.719523e-03
2.268865e+00
1.381948e+02
