2.049539e-01
1.282807e+02
2.029566e+01
3.051534e+01
2.989876e+01
2.189944e+02
1.983053e+00
4.742054e-05
1.598588e-02
1.254984e-03
1.679184e+00
2.346071e+04
1.667710e+00
1.514602e-03
2.964879e-03
1.651875e-03
2.510887e-02
3.332540e+04
1.634419e-03
4.642727e+01
3.365145e-01
9.987231e+04
9.306308e+00
1.960172e-01
4.443546e-02
3.439699e-02
1.834988e+01
2.773966e+01
2.090567e+00
1.315514e+01
7.549112e-01
6.033903e+04
8.406242e+00
7.659233e+00
6.774810e-01
4.885194e+01
2.131870e+00
1.754947e-02
8.206195e-04
2.034511e-04
1.989067e-01
1.060265e+04
4.886991e-04
2.031245e+03
8.688840e-01
4.950055e-01
1.161257e-01
8.396888e-01
2.535252e-01
9.208796e+02
5.413673e-02
3.335489e+02
2.884301e-02
3.370242e-02
1.275867e-03
2.092520e+00
1.141149e-01
4.913723e-02
6.584578e-01
1.019123e+02
2.648576e-02
1.010407e+01
1.754800e+01
4.526022e-01
2.302655e+00
5.400586e-05
1.855300e-03
1.055042e-03
2.497421e-05
1.040139e-02
1.394373e-01
3.148410e-04
1.764051e-03
1.482483e+00
1.411266e+02
