1.638048e-01
7.511956e+01
1.846067e+01
4.048475e+01
3.885865e+01
1.936547e+02
2.014014e+00
7.017023e-05
2.052294e-02
1.310765e-03
2.228965e+00
1.253942e+04
2.068978e+00
1.320164e-03
4.231935e-03
2.605020e-03
4.004601e-02
3.728498e+04
2.640293e-03
4.051271e+01
2.767872e-01
1.063601e+05
2.087148e+01
3.485778e-01
7.316629e-02
3.756009e-02
2.933986e+01
4.568486e+01
2.629416e+00
1.400571e+01
6.382237e-01
7.304571e+04
3.742999e+00
1.315036e+01
6.697745e-01
1.269361e+02
2.152766e+00
1.986587e-02
1.015246e-03
2.231029e-04
1.707770e-01
1.156112e+04
8.081362e-04
2.780500e+03
9.846487e-01
1.194808e+00
1.292819e-01
1.234286e+00
3.024986e-01
8.382579e+02
1.045273e-01
5.842858e+02
1.735188e-02
6.410638e-02
2.345698e-03
2.759865e+00
1.219088e-01
6.618069e-02
1.106742e+00
1.239571e+02
2.656267e-02
1.669080e+01
2.057533e+01
3.933222e-01
2.531990e+00
4.027384e-05
8.642377e-04
5.778153e-04
1.443120e-05
9.737225e-03
3.277091e-01
3.316324e-04
1.975800e-03
1.774328e+00
1.195921e+02
