1.024068e+00
2.158996e+03
1.704011e+01
4.014597e+01
7.038792e+00
5.216543e+01
1.099922e+00
2.103465e-04
4.282775e-03
1.285442e-03
6.391647e-02
2.029449e+03
1.211188e+00
2.055500e-03
5.773735e-03
5.296120e-03
6.663615e-01
2.958436e+05
1.318564e-03
6.310050e+01
3.167563e-01
8.325117e+03
7.022801e+01
4.201622e-01
1.339333e-02
4.437220e-02
1.163698e+01
4.101325e+02
2.251980e+00
3.351445e+00
2.781116e-01
3.573558e+03
5.691778e+00
3.371811e+00
1.538779e-01
2.825421e+02
2.268666e+00
4.227084e-03
7.591972e-04
1.943917e-04
8.881330e-01
2.510529e+03
1.121158e-03
1.777617e+02
7.186827e-01
3.946817e-02
8.798976e-02
5.405546e-02
1.679397e-01
2.790198e+02
2.702610e-02
8.103105e+02
3.596661e-03
6.179403e-01
1.451655e-03
6.410407e-01
1.343129e+00
8.586250e-01
1.570869e-01
8.285602e+00
1.188029e-02
4.957703e+00
2.166505e+00
1.769260e-01
1.952168e+00
1.683706e-04
1.116914e-03
1.083499e-02
9.583717e-06
1.208027e-02
3.276589e+00
9.309189e-05
4.325899e-03
1.896370e+00
1.403487e+02
