1.650238e-01
3.163696e+02
2.129234e+01
7.962934e+01
3.144200e+01
3.851575e+01
1.719861e+00
2.004488e-04
1.321187e-02
2.991418e-03
2.822727e+00
4.163873e+03
1.028774e+00
1.975122e-03
3.111310e-02
9.149103e-02
2.399324e-01
2.709471e+05
1.734161e-02
7.132964e+01
8.734836e-02
1.008576e+04
1.110675e+01
5.353048e+00
2.724853e-02
1.960404e-01
8.462368e+00
7.370683e+02
4.986801e+00
4.291077e+00
1.088759e+00
4.202096e+03
1.338029e+01
6.410582e+00
8.180189e-01
5.229519e+02
1.718714e+00
1.892951e-02
9.547015e-04
2.831319e-05
3.382875e+00
1.618983e+04
1.521762e-03
8.692566e+02
2.104101e-01
1.521424e-01
1.251858e-01
1.405213e-01
3.124393e+00
1.273299e+03
2.454646e-02
3.022647e+02
1.359845e-01
8.725188e-03
1.741772e-03
3.754114e+00
6.215186e-01
5.431222e-01
1.002166e+00
5.446388e+00
3.377180e-03
3.628128e+00
1.961758e+00
5.547537e-01
1.518340e+00
7.502383e-05
7.577443e-04
1.179811e-02
1.279613e-05
6.630151e-03
1.864846e-01
2.271133e-05
9.209472e-03
1.730827e+00
1.744611e+02
