1.632562e-01
3.070415e+00
3.795984e+01
2.963133e+03
1.585069e+02
1.221365e+01
2.043398e+00
6.260469e-04
3.145894e-01
1.024029e-03
1.983813e+01
3.052575e+03
2.992347e-02
5.491963e-02
9.641853e-01
3.072905e-03
2.652285e+00
1.546037e+04
2.454973e-03
2.256893e+03
2.014373e-01
1.811767e+06
3.205055e-01
1.586122e-01
1.803141e-03
8.944097e-03
6.404303e+02
1.972133e+04
9.380044e+00
1.729629e-01
8.798851e-01
2.131269e+02
4.849680e+01
1.479982e+02
9.916283e-02
2.727177e+02
1.260703e+00
2.353920e-01
2.105943e-04
7.025715e-06
1.141404e+00
5.983987e+05
1.087739e-03
1.294756e+02
6.517601e-02
1.375020e+00
3.131767e-02
1.625461e-03
9.099687e+01
4.729510e+03
1.531837e-01
1.187069e+02
1.310967e+00
7.074524e-03
4.727968e-03
2.564324e+01
8.838010e+00
2.675107e-02
6.754065e-02
3.316313e+02
2.527263e-03
9.228922e+01
7.096773e+00
9.908524e-01
2.210519e+00
2.039622e-05
4.100132e-03
1.162190e-04
2.449882e-03
7.686307e-01
7.188744e-03
4.130000e-07
9.053975e-04
1.701493e+00
9.369349e+01
