2.043667e-01
5.586495e+00
1.506925e+01
2.782389e+03
6.100036e+01
5.228654e+00
2.287132e+00
4.738280e-04
2.508145e-01
6.221542e-04
7.638650e+01
1.646028e+04
2.992347e-02
8.335164e-02
1.133522e+00
3.583528e-03
2.420716e+00
4.369668e+04
7.774850e-03
1.718559e+03
3.446118e-01
2.951607e+06
6.338122e-01
7.099061e-02
3.332208e-03
3.581442e-02
1.427841e+03
2.329020e+04
5.968305e+00
3.663870e-01
9.249355e-01
5.047312e+02
1.634087e+02
3.355347e+02
7.197390e-01
4.780700e+02
1.325544e+00
2.388992e-01
3.340116e-04
1.061099e-05
2.089495e+00
5.695175e+05
5.776677e-04
8.577440e+01
3.470647e-02
1.001578e+00
2.248101e-02
1.400632e-03
6.881519e+01
1.812116e+04
2.067805e-01
9.501301e+01
3.521223e+00
2.284862e-03
6.336131e-03
1.508623e+01
5.209069e+00
1.286982e-01
7.069289e-02
1.311921e+02
1.039039e-02
8.951637e+01
9.479507e+00
1.322883e+00
2.512126e+00
4.095815e-05
7.895138e-03
2.631279e-04
2.021246e-03
5.883513e-01
2.413233e-02
4.130000e-07
3.721434e-03
1.476514e+00
1.073597e+02
