4.311539e-03
3.776882e+03
2.002086e+02
5.618768e+00
8.646226e+02
3.160246e+00
2.938734e+00
1.677211e-05
2.079372e-03
6.597317e-02
7.721894e+00
2.601327e+03
1.555888e+01
5.293014e-03
1.122186e-02
1.396888e-01
1.057635e+01
2.136426e+05
6.998356e-02
8.041903e+00
1.280235e+00
2.997330e+03
8.174130e+02
1.370123e-01
2.213792e-02
5.015999e-01
1.032822e+00
4.179221e+03
4.561685e+00
6.635226e-01
2.065054e+01
6.867271e+02
2.427333e-01
3.450274e-01
2.759459e+00
1.909076e+01
2.896250e+00
1.682574e-02
4.093526e-02
2.769828e-04
1.686527e+01
1.403668e+04
1.001745e-04
3.936944e+02
9.706207e-02
3.875726e-03
1.062435e-02
7.736177e-01
7.789810e-02
3.241780e+02
2.214028e-01
1.051837e+05
5.175550e-01
4.579888e-02
7.020984e-02
5.101556e-01
4.915630e+00
5.661332e-02
1.930905e+01
3.550944e+00
9.837167e-03
1.767214e+00
2.266221e-02
9.241154e-01
1.468239e+00
1.223972e-05
2.643146e-02
1.177021e-04
3.746026e-05
7.102864e-01
2.360652e+01
7.321869e-05
3.216282e-02
1.629873e+00
8.417630e+03
