2.133985e-01
3.398046e+02
1.900918e+01
7.870719e+01
2.622027e+01
2.947104e+01
1.753789e+00
1.961574e-04
1.465940e-02
2.931475e-03
3.066114e+00
6.490300e+03
7.762870e-01
1.183994e-03
3.550108e-02
1.824344e-01
1.237966e-01
3.254593e+05
1.726181e-02
4.903528e+01
1.163035e-01
2.319730e+04
1.111543e+01
3.264027e+00
4.160724e-02
1.506021e-01
4.647083e+00
9.552098e+02
3.858062e+00
5.751556e+00
1.022735e+00
3.997582e+03
1.123824e+01
1.082102e+01
1.039470e+00
3.940832e+02
1.899251e+00
1.343109e-02
1.153524e-03
3.899147e-05
5.515417e+00
1.175098e+04
1.623934e-03
9.413581e+02
2.697613e-01
1.117110e-01
2.649406e-01
1.189592e-01
4.225902e+00
4.074950e+03
3.315420e-02
5.175987e+02
9.904237e-02
1.479439e-02
3.245903e-03
5.603943e+00
1.025578e+00
3.458472e-01
1.223310e+00
1.434627e+01
1.006594e-02
5.275586e+00
1.946856e+00
1.189426e+00
1.631697e+00
8.871590e-05
9.577927e-04
1.530689e-02
1.362944e-05
9.746881e-03
1.819364e-01
4.420754e-05
2.006557e-02
1.785025e+00
1.538398e+02
