1.060730e-01
3.664124e+00
1.230628e+01
2.994074e+03
4.461180e+01
1.474681e+01
1.883256e+00
9.755541e-04
2.124475e-01
7.753144e-04
6.881213e+01
1.714529e+04
7.001479e-02
9.022551e-02
1.579061e+00
8.291650e-03
4.992711e+00
1.147309e+05
1.061920e-02
1.098114e+03
6.525832e-01
2.951607e+06
3.673145e-01
1.368930e-01
9.326076e-04
2.383301e-02
1.442417e+03
3.542084e+04
9.756371e+00
3.939475e-01
1.710058e+00
1.272414e+03
1.706081e+02
1.139697e+03
4.939942e-01
4.430077e+02
1.325626e+00
3.284434e-01
5.728375e-04
1.374763e-05
5.560109e+00
5.436423e+05
3.039712e-04
1.375267e+02
6.821859e-02
1.603137e+00
3.434078e-02
1.749505e-03
9.099687e+01
1.146946e+04
1.353461e-01
2.147444e+02
2.588395e+00
3.698184e-03
7.020132e-03
6.093340e+00
3.527939e+00
3.193232e-01
2.335459e-02
2.609210e+02
1.149990e-02
5.344498e+01
1.571567e+01
7.843907e-01
2.612777e+00
8.560347e-05
1.174138e-02
2.023192e-04
4.829393e-04
3.955762e-01
4.623732e-02
1.127086e-06
7.445151e-03
1.275883e+00
1.361615e+02
