6.674688e-01
4.536815e+02
1.555028e+01
2.591997e+00
5.701369e+01
2.010495e+01
2.683403e+00
1.227326e-04
3.036841e-03
3.586828e-04
2.963592e+01
8.438618e+04
8.750263e-01
4.610039e-03
8.511915e-02
1.618299e+00
1.403898e-01
6.283967e+06
1.838180e-03
2.129083e+01
2.075097e-02
9.934834e+04
1.647007e+01
3.137902e-01
1.371306e-02
3.252968e+00
1.722829e+00
1.421705e+03
4.794666e+01
4.075978e+01
1.846512e+00
2.326142e+04
2.250351e+01
3.930464e+02
5.542028e-01
9.415615e+01
1.304087e+00
4.685377e-04
4.114945e-02
4.735446e-04
9.251458e+00
7.286963e+03
2.478346e-03
1.967352e+04
1.333889e+00
6.438408e-02
2.153577e-01
9.546213e-02
1.558442e-01
6.863680e+04
5.604813e-02
3.608340e+01
1.900993e-01
7.582641e-01
2.125618e-03
1.047533e+01
4.190745e+00
1.780044e-01
1.374275e+01
2.649158e+01
7.809984e-03
9.426290e-01
9.630414e-01
2.009138e+00
2.287980e+00
1.670650e-04
6.640245e-03
6.855096e-03
1.640174e-05
2.872632e-02
1.198623e+01
3.466357e-05
1.710948e-02
1.989555e+00
8.010391e+01
