9.357663e-01
3.314784e+03
1.665068e+01
1.360371e+02
3.177253e+01
5.375104e+01
2.606476e+00
2.177164e-03
5.824214e-04
6.471677e-04
5.313680e+00
1.767316e+03
3.385286e+00
2.226536e-04
7.068171e-04
1.146026e+00
2.052920e-01
2.463200e+06
6.040119e-03
1.040318e+02
2.859990e+00
1.380711e+05
4.291682e+02
8.807525e-01
7.877620e-02
3.514100e+00
6.300614e+01
1.011636e+02
4.251070e+00
7.440896e-01
9.693730e-02
1.324037e+04
1.843382e-01
1.361936e+01
4.494886e-01
3.895144e+02
1.267027e+00
1.599291e-01
1.059941e-03
2.101160e-04
2.242092e+01
1.914277e+04
4.903087e-04
1.058738e+03
4.894566e+00
3.171709e-03
3.146398e-02
3.283978e-02
3.277943e-01
1.266007e+04
2.676084e-02
1.352761e+03
1.927287e-02
9.441605e-01
7.848622e-05
3.272015e+01
1.725047e-01
1.198426e+00
1.520876e+00
3.676381e+00
2.322861e-01
3.990170e+00
3.411891e-01
4.193309e-01
1.172083e+00
1.171010e-03
1.541695e-03
3.643697e-03
3.386077e-05
9.473148e-03
3.280647e-01
3.441306e-05
2.041486e-02
2.600816e+00
1.727447e+02
