1.088649e+00
6.227338e+02
1.898378e+01
2.838806e+01
1.515551e+01
4.928869e+01
1.942344e+00
1.012427e-04
5.026028e-03
2.249238e-03
2.661865e+00
1.296479e+04
1.909670e+00
1.701306e-03
2.136968e-02
3.406124e-02
2.507957e-01
3.991605e+05
2.396602e-03
5.528312e+01
9.603009e-02
9.842956e+03
6.527531e+00
2.779273e-01
7.321602e-02
1.330527e+00
4.184181e+00
3.892317e+02
1.372405e+01
2.318274e+00
3.703109e-01
3.448624e+03
2.764152e+00
7.780998e+00
1.113461e-01
7.106873e+02
1.600836e+00
3.331130e-03
1.304540e-03
4.931951e-05
2.210513e+00
4.569074e+03
9.809886e-04
1.855153e+03
7.337791e-01
1.576075e-02
2.823405e-01
6.195118e-01
2.452885e-01
7.630747e+03
5.481812e-02
1.352396e+03
4.557330e-02
1.189227e-01
1.543235e-03
3.523181e+00
3.789560e+00
6.147189e-02
7.514943e-01
2.073391e+01
2.297625e-03
1.307780e+00
7.913452e-01
1.251568e+00
1.897615e+00
5.926921e-04
5.712352e-04
2.606419e-03
2.484371e-05
6.201876e-03
9.883455e-01
1.910844e-05
1.553775e-02
1.882023e+00
8.001616e+01
