6.175813e-01
3.647434e+02
1.796711e+01
2.118492e+01
1.948910e+00
1.794379e+02
1.767022e+00
2.942694e-04
5.691336e-04
3.841601e-03
8.823520e+00
2.210865e+04
4.058992e+00
1.476884e-03
1.777271e-02
9.911085e-03
7.949951e-01
1.483292e+05
6.850265e-04
1.274391e+02
2.189546e-02
1.495110e+04
3.944526e+01
2.160111e+00
1.262371e-02
8.456609e-02
3.195947e+00
3.297825e+02
5.987777e+00
6.091888e+00
6.043524e-02
1.607786e+03
1.227493e+02
2.620586e+01
2.477912e-01
3.205541e+02
1.392469e+00
2.951410e-03
7.376432e-04
7.577447e-06
8.761224e+00
5.942113e+03
3.036198e-04
1.985655e+02
2.198502e+00
3.944122e-01
3.211829e-01
5.774841e-02
8.787512e-01
4.079984e+03
1.925690e-01
6.240159e+01
3.891061e-02
1.287900e-01
6.803236e-05
3.557146e+00
6.028442e-01
1.147544e-01
9.539977e-01
1.163540e+01
6.986590e-03
1.264973e+01
1.695513e+00
3.921484e-01
1.864155e+00
1.529448e-04
1.018021e-03
7.706043e-04
8.352603e-05
4.676275e-02
3.525543e-01
1.262953e-05
9.840198e-03
3.760622e+00
9.830921e+01
