3.468342e+00
2.432449e+03
3.899967e+01
7.329488e+02
7.955705e+00
1.056429e+01
2.912471e+00
8.247090e-03
9.298428e-05
1.060282e-04
1.009117e+01
2.772771e+03
4.493666e+00
1.379323e-02
5.526831e-02
5.426837e-02
1.257213e-01
9.784905e+05
4.814526e-04
1.535244e+02
2.964799e+00
8.562989e+03
3.033887e+02
7.785660e-02
1.257647e-01
4.574411e+00
1.277615e+02
6.922172e+00
9.261062e+01
6.140566e+01
8.706590e-01
2.930584e+03
2.030506e-01
1.231083e+01
6.885863e-02
5.801006e+01
1.393481e+00
2.468163e-01
1.393353e-03
4.225607e-05
2.338060e+00
2.920688e+03
6.189560e-05
1.172313e+02
8.892071e-01
9.807805e-02
3.000391e+00
5.928472e+00
2.551076e+00
9.515724e+04
1.053570e-02
8.725172e+01
2.598909e-03
1.147312e+00
1.901505e-03
3.304812e+00
2.273570e+00
1.515374e-01
3.763065e-01
7.963815e+01
2.869541e-02
3.408605e+01
1.013298e+00
1.801803e-02
1.565633e+00
9.197286e-05
1.038076e-04
1.746043e-03
1.598296e-04
1.864485e-02
3.884298e+00
8.308889e-06
3.360279e-03
2.379709e+00
3.878691e+01
