7.529417e-03
5.320600e+01
8.547153e+01
2.725240e+01
2.629711e+03
8.089821e+01
3.853611e+00
9.800685e-06
4.056293e-01
2.609564e-05
2.004765e+02
1.818176e+03
5.705315e+00
3.140035e-03
1.942609e-02
4.765174e-01
9.324326e+00
4.652838e+07
8.613884e-04
4.131581e+01
1.999603e-02
9.694052e+03
2.496236e+00
1.361499e-02
2.203697e-01
1.273942e+01
5.079539e+00
8.270721e+03
1.595414e+00
1.812649e+01
3.692924e+01
3.198388e+03
1.143463e+01
1.250020e+03
1.962503e+01
9.530609e+00
2.976989e+00
1.590785e-04
1.056967e-02
2.239797e-04
1.281850e+01
8.488879e+02
3.803238e-05
4.963157e+03
1.217760e+00
2.498657e-01
1.670785e-02
2.474935e-03
3.522747e-01
1.289229e+02
5.007804e-01
2.129008e+02
7.861796e-04
2.697771e+00
3.901275e-04
4.765647e-01
3.815924e+00
6.423472e-02
1.782505e+01
1.721438e+03
1.520180e-01
1.462323e-01
2.419221e+01
7.878695e-03
2.303490e+00
1.764088e-04
3.299720e-05
2.342428e-03
4.916507e-06
5.184011e-02
7.843877e-01
2.605734e-06
5.864998e-02
2.050277e+00
1.426545e+03
