1.492507e-01
3.070415e+04
1.783468e+01
6.097944e+02
7.176430e-01
3.029974e+03
1.265942e+00
9.237225e-03
3.287285e-04
4.974856e-02
6.329391e-01
1.436456e+03
2.992347e+02
1.501529e-02
1.863898e-01
5.737263e+00
8.368658e+00
1.189439e+06
1.176699e-02
1.921820e+02
9.271529e-03
2.097992e+05
5.369418e+00
6.985908e+00
1.238015e+00
1.298040e+01
7.461323e+00
1.167503e+03
6.574760e+02
8.969938e+01
4.110137e+00
4.200671e+02
2.389220e+00
9.374840e-01
1.593372e+00
1.828016e+02
1.950738e+00
2.360742e-01
9.904936e-04
1.965138e-05
1.659829e+00
8.562744e+05
5.524068e-03
1.616863e+03
1.742146e+00
7.037924e+00
5.452852e+01
3.720449e+00
9.669974e-02
2.019862e+02
1.847913e-03
1.342926e+02
9.467021e-01
1.114758e+00
2.444450e-04
1.580784e+03
5.322101e+01
5.414778e+00
5.269985e+00
7.022976e+00
1.320503e-03
9.733262e-02
5.868774e+00
5.155612e+00
1.056300e+00
5.335379e-03
5.900915e-05
1.190415e-02
5.570445e-04
7.128014e-04
5.265370e-03
5.285159e-06
1.233055e-03
4.000000e+00
6.938953e+02
