6.672032e+00
6.951010e+03
7.776320e+00
4.327814e+01
1.371967e+02
1.260045e+02
1.843545e+00
1.848689e-04
6.103217e-01
6.079301e-03
8.747263e+00
2.618358e+04
5.043742e+00
6.212222e-04
9.809646e-02
4.012033e-02
9.156932e-02
2.243859e+05
1.505630e-02
6.866901e+02
4.935236e-01
2.541481e+04
2.776826e+01
4.562064e-01
6.806043e-03
5.940865e-01
6.866419e+01
3.595763e+02
4.406303e+00
2.196814e+01
7.467705e-01
9.565511e+03
1.941737e+01
1.772818e+01
2.509190e-01
4.868049e+03
1.834625e+00
3.372562e-02
7.752453e-04
9.179497e-06
8.880472e+00
1.723689e+04
6.119189e-04
8.246844e+02
1.607934e+00
8.238709e-02
3.572049e+00
1.081642e+00
3.636042e-01
2.419806e+04
6.938493e-02
2.939007e+04
3.161846e-02
3.975741e-02
2.607212e-03
1.264626e+01
4.241952e+00
1.320377e-01
1.467539e+00
1.765038e+01
1.774818e-02
1.083198e+00
5.009214e+00
1.607277e+01
1.855820e+00
2.741005e-03
3.042615e-02
7.186799e-04
2.115273e-05
2.085019e-02
8.420186e-02
2.444039e-04
2.162121e-02
1.976584e+00
5.989461e+01
