1.636735e-01
2.615173e+02
2.208881e+01
1.832106e+01
8.169774e+01
1.716451e+02
1.799517e+00
6.285016e-05
6.848040e-04
2.283855e-03
1.849062e+00
2.823680e+05
1.097435e+00
5.083607e-03
1.286425e-01
7.711051e-02
1.198290e-02
1.960390e+06
8.078830e-03
2.316678e+02
1.462588e-01
2.639246e+04
8.562340e+00
5.651329e-01
5.337777e-03
1.744120e-01
1.128774e+02
4.607177e+02
1.040848e+01
2.110814e+00
6.631580e-02
7.054694e+03
1.935733e+02
6.203338e+01
1.450355e+01
1.539315e+02
2.017339e+00
1.907944e-03
1.416363e-03
1.152932e-05
4.691656e+00
2.013072e+03
6.381190e-03
3.378694e+02
4.643267e-02
7.201062e-02
4.370762e-02
1.919848e-01
4.514089e-01
1.676433e+02
3.287101e-02
3.172735e+03
4.293926e-01
5.525569e-03
5.340001e-04
9.807933e+00
2.377267e-02
2.466190e+00
2.528978e+00
7.405122e+01
2.600205e-03
4.196570e+00
8.273675e-01
1.571221e+00
1.845561e+00
1.229467e-04
9.029941e-04
5.594895e-04
1.277751e-04
4.305808e-03
1.454975e-01
1.685622e-05
3.755265e-03
1.989227e+00
1.614458e+02
