2.044066e-02
4.824988e+03
3.308716e+02
1.753660e+02
2.692048e+00
4.548336e+02
1.258629e+00
1.988692e-03
5.378206e-04
1.020694e-01
7.319174e-01
8.522554e+05
5.196227e+00
3.150583e-03
4.898575e-01
1.213923e-02
1.010898e+01
1.883255e+06
1.677885e-01
2.758422e+03
7.784820e-02
9.299498e+03
1.373082e+01
7.955307e+00
3.279960e-04
9.526211e+00
1.671625e+02
9.282958e+03
8.148263e-01
1.398428e+01
2.757612e-01
5.051004e+04
4.959350e+00
6.222021e+02
7.351533e+00
1.523923e+02
1.680107e+00
3.067432e-03
2.020056e-03
4.975509e-04
4.703849e+00
1.345914e+04
1.685019e-05
7.807509e+02
4.750344e+01
2.119646e-01
2.311624e+01
2.521556e-02
4.222485e-02
2.498353e+05
1.831347e-02
7.937595e+01
6.033069e-01
1.474840e-03
2.979170e-02
1.952683e+02
2.362442e-02
8.926231e-01
2.413357e-01
3.734822e+02
1.806303e-04
1.751408e-01
4.500390e+01
4.998437e-01
1.647452e+00
2.019894e-03
5.543057e-02
1.003199e-01
4.854450e-07
3.830501e-02
1.056202e+00
2.994604e-05
2.871775e-04
1.882198e+00
3.896373e+03
