5.018938e-01
6.012865e+03
2.662460e+01
9.958154e+01
4.770749e+02
2.252901e+02
1.843722e+00
2.855572e-05
4.558740e-02
3.805149e-03
2.835209e+01
1.468248e+05
1.092235e+01
2.502562e-02
1.325177e-01
2.516850e-02
7.195118e+00
1.672767e+05
3.968276e-01
1.423131e+02
1.040955e+00
2.431227e+05
3.389128e+01
2.962732e+00
2.490380e-02
7.916007e-01
1.059907e+02
1.569236e+03
4.505214e+00
1.336551e+01
1.115647e+00
3.409380e+04
1.710539e+01
1.673273e+01
4.353415e-02
5.025115e+00
1.311797e+00
3.114507e-03
7.563411e-04
6.786129e-04
5.535361e-01
2.510221e+03
1.239265e-03
2.790356e+02
2.615165e+00
7.991487e-01
2.031804e+00
5.980635e-02
2.378408e+00
1.602260e+04
1.013045e+00
4.173642e+03
2.977473e+00
1.974932e-01
3.310476e-02
2.919857e+01
5.320796e-01
1.665719e+00
4.920326e+00
2.845217e+02
6.347660e-03
1.598683e+00
2.997020e-01
4.036928e-02
2.401504e+00
1.405937e-02
1.804955e-04
5.555177e-03
5.558082e-06
1.341953e+00
8.968489e-01
3.372066e-06
3.809326e-02
2.045448e+00
2.787577e+02
