5.009310e-01
3.829778e+03
3.839859e+01
3.365477e+02
5.829242e+02
4.089580e+02
1.504462e+00
1.923531e-04
6.873098e-02
4.681186e-03
3.332314e+01
2.915012e+05
2.733262e+00
1.184837e-03
1.829885e-02
1.296468e-02
5.070579e-01
2.754379e+05
8.602927e-03
1.465753e+03
1.373122e-01
3.302808e+04
2.404502e+01
9.865804e-01
1.534865e-01
2.593445e-01
3.156512e+00
7.177395e+01
3.529685e+00
5.531284e+01
1.348191e+00
1.480295e+05
1.550423e+01
3.151328e+02
8.561972e-01
8.590643e+01
1.613841e+00
4.807718e-03
4.831628e-04
1.109272e-04
1.900864e+00
3.889563e+04
4.828833e-04
1.206055e+02
1.826307e+01
2.480820e-01
2.145216e+00
4.513042e-01
4.639853e-01
6.497119e+03
7.545868e-02
7.933460e+03
1.031368e-02
2.288795e-02
4.669453e-03
1.800054e+02
8.212520e-01
2.710972e+00
3.171676e+00
4.835464e+01
1.621430e-02
4.185904e+01
5.623110e-01
2.224643e-01
2.429026e+00
9.587227e-04
3.931309e-04
1.663308e-03
5.930812e-05
5.651018e-01
2.383429e+00
3.391152e-05
1.989433e-01
2.181068e+00
2.267713e+02
