4.765644e-01
6.754404e+02
2.060021e+01
8.906111e+00
1.380110e+02
4.650400e+01
1.124122e+00
6.627694e-05
4.202379e-03
5.541404e-04
2.957421e-01
1.740764e+05
7.593308e+00
1.029117e-03
1.734202e-02
1.652050e-02
1.536131e+00
1.631358e+05
9.691010e-04
1.243983e+02
3.197701e-01
1.493877e+05
1.489133e+01
2.946049e+00
6.732797e-04
1.733176e-01
2.922969e+00
1.144634e+04
1.119686e+00
1.490440e+01
1.549776e+00
1.524884e+03
2.389422e+01
1.051906e+02
2.967193e-01
7.347028e+02
1.755777e+00
8.112368e-03
1.080793e-03
6.433212e-05
4.387058e+00
3.648112e+03
6.227883e-04
8.093845e+00
3.459342e+00
1.409710e-03
4.952464e-01
1.513432e-02
2.583079e+00
2.547588e+03
2.816054e-01
6.430837e+02
1.856802e-02
1.876463e+00
3.712454e-04
1.606245e+01
1.238358e+00
5.952078e-01
7.056322e-01
1.504389e+02
2.292505e-02
1.056052e+01
1.200250e-01
3.004662e-01
2.000016e+00
7.337307e-04
7.240166e-04
2.279396e-04
3.893228e-06
7.400040e-02
2.214283e+00
8.138072e-07
3.609238e-03
1.185588e+00
1.477046e+02
