4.230778e-01
4.937767e+02
2.975599e+01
1.317644e+02
5.712079e+01
1.921641e+02
1.390169e+00
4.654500e-05
1.626591e-02
7.205132e-03
1.205127e+01
2.289003e+04
5.283254e+00
1.221752e-02
6.060327e-01
1.348462e-01
9.725759e-02
7.232959e+06
4.949292e-03
6.912938e+02
3.882789e-01
2.867701e+04
1.187948e+01
2.565269e-01
9.179640e-02
4.698239e-01
4.746963e+01
1.210729e+02
1.394634e+01
8.079155e+00
6.846535e-01
7.850982e+03
9.689392e+00
1.585962e+02
5.912903e+00
4.285498e+02
1.859790e+00
1.027066e-02
1.195716e-03
3.221049e-04
9.915376e+00
2.384573e+04
2.686677e-03
5.967377e+02
6.320580e+00
5.206925e-02
6.097184e-01
1.949260e-01
1.269686e+00
1.048484e+04
3.625234e-02
9.862711e+03
3.601177e-01
9.524659e-02
3.910166e-03
3.625735e+01
1.604332e+00
3.445687e+00
2.834808e+00
4.214645e+01
3.571775e-03
2.828749e+00
9.964572e-01
2.072806e+00
1.992175e+00
3.201758e-04
3.333563e-02
7.590879e-03
9.286099e-05
1.226296e-02
3.201753e-01
6.044811e-05
1.470229e-02
2.190762e+00
1.432811e+02
