2.671263e-01
6.901122e+02
2.311273e+01
2.894030e+01
6.245763e+01
7.229695e+01
1.632185e+00
1.375257e-04
3.460862e-02
3.392536e-03
8.589871e+00
2.785954e+04
2.915442e+00
3.852932e-04
3.629992e-03
1.101805e-02
2.299104e-02
3.848587e+05
5.254731e-03
1.416743e+03
4.450941e+00
9.547634e+04
3.496854e+01
1.156668e+00
5.651379e-02
1.636478e+00
8.661797e+01
1.510310e+02
1.121167e+01
1.783853e+00
2.025272e+00
1.762523e+04
3.604649e+01
1.121056e+02
1.702291e+00
5.321912e+01
1.612035e+00
1.704891e-03
7.830977e-04
7.953209e-05
7.415191e+00
2.008416e+04
1.609314e-04
1.686154e+03
7.319391e-01
3.350969e-02
2.360924e+00
3.924880e-02
2.925543e+00
6.925922e+03
5.092083e-02
2.969485e+02
1.757945e-02
8.744032e-02
4.452621e-03
2.558222e+01
3.280951e+00
2.902033e+00
1.220661e+00
6.349836e+01
3.637718e-02
9.273066e+00
1.283462e+00
8.950460e-02
1.943016e+00
7.952982e-05
1.177186e-03
1.321963e-03
3.045408e-04
1.405403e-01
7.165450e-01
2.528566e-06
4.674665e-03
2.008655e+00
1.804713e+02
