1.310221e+00
2.099293e+04
3.011605e+01
1.776984e+01
1.382659e+00
3.711942e+01
2.374559e+00
1.048834e-04
1.070017e-03
5.934568e-03
5.219933e-01
2.352057e+04
3.056563e-01
5.049205e-04
1.270099e-02
2.424464e-02
4.019609e-01
1.052472e+06
1.342194e-02
6.401588e+02
3.269912e-01
5.143793e+04
4.286974e+00
5.602965e-01
1.967732e-02
7.899803e-02
7.541721e+00
1.538744e+01
2.382945e+00
2.363536e+01
1.400137e-01
5.559571e+03
2.651665e+00
9.577062e+01
5.666647e-01
2.735024e+02
3.158385e+00
4.205937e-03
1.682118e-03
1.944701e-04
3.386820e+00
1.564436e+04
1.110883e-04
1.027369e+04
5.935512e+00
2.720745e-01
6.180565e+00
4.025058e-01
4.879897e-01
9.037343e+02
3.423559e-02
3.141494e+03
1.850809e-02
1.781320e-02
2.213382e-03
1.282798e+02
3.499434e-01
1.214262e-01
5.339114e+00
1.491736e+02
2.743952e-03
2.005522e+00
3.130841e+00
2.991352e-01
2.545409e+00
1.325694e-03
2.939130e-04
2.495732e-03
1.235793e-06
6.755850e-02
1.705113e-01
1.009714e-05
1.054140e-01
2.183751e+00
4.741736e+02
