9.135397e-01
7.572631e+02
7.942468e+00
3.934121e+00
2.356068e+00
7.061999e+02
1.649477e+00
6.865800e-05
2.724612e-03
6.305096e-03
3.058598e+00
5.238836e+04
7.069888e-01
3.924800e-03
6.825689e-02
1.486300e-01
2.178871e-02
1.393940e+05
6.176625e-03
2.068643e+03
2.667315e-02
1.144650e+04
5.455206e+00
1.085811e-02
2.520677e-02
3.167890e-02
3.943504e-01
6.695359e+02
9.952067e-02
4.187882e+00
2.979269e-02
3.725876e+02
1.082898e+03
8.524576e+00
3.126634e-01
3.069186e+01
1.128678e+00
9.375279e-03
1.073068e-03
1.855410e-03
1.364886e+01
3.207532e+03
7.503772e-05
5.001017e+02
7.013891e+01
2.037040e-02
6.140725e-03
7.786314e-03
3.900947e-02
1.816581e+02
7.859844e-03
3.203760e+03
6.281922e-03
1.932054e-01
3.738121e-03
6.410381e+00
2.718602e+00
1.646169e-01
7.731694e-01
2.382118e+00
6.838047e-03
2.976144e-01
9.968077e-02
2.127770e-01
1.781452e+00
2.786656e-03
1.445328e-03
2.270324e-04
9.103899e-06
1.521058e+00
4.453138e-01
1.501182e-05
1.851094e-01
1.539533e+00
7.103857e+01
