1.571291e+00
2.488424e+04
2.899277e+01
1.681210e+01
1.961633e+00
3.890614e+01
2.606127e+00
8.418561e-05
1.668344e-03
7.041318e-03
4.676461e-01
2.001127e+04
7.190388e-01
9.153146e-04
1.887040e-02
2.018960e-02
3.311525e-01
1.264399e+06
1.601405e-02
5.691298e+02
3.142597e-01
6.816191e+04
3.442397e+00
4.984635e-01
3.418524e-02
9.943016e-02
1.293672e+01
5.708282e+00
2.849934e+00
3.400665e+01
2.166937e-01
1.149651e+04
3.567845e+00
1.267152e+02
4.145736e-01
3.190307e+02
2.876224e+00
4.650130e-03
1.191397e-03
1.775997e-04
1.229531e+01
2.414450e+04
2.130072e-04
1.432116e+04
3.992333e+00
5.666908e-01
1.170480e+01
3.988955e-01
4.789900e-01
9.795368e+02
3.937910e-02
3.584718e+03
1.818381e-02
4.921148e-02
2.582794e-03
1.282363e+02
1.574822e-01
9.828054e-02
6.726571e+00
1.685252e+02
3.889292e-03
2.433040e+00
4.943132e+00
4.763349e-01
2.490978e+00
2.862993e-03
3.295041e-04
3.048899e-03
2.468933e-06
6.044028e-02
1.187758e-01
1.748563e-05
6.790263e-02
2.045391e+00
4.673265e+02
