5.965430e-01
3.069287e+03
1.457278e+01
1.012111e+02
3.572197e+01
1.085721e+03
1.555059e+00
9.476383e-05
2.059432e-03
2.561797e-03
5.791878e+00
9.030236e+04
9.969875e-01
2.119171e-04
3.763112e-02
3.104237e-01
9.093047e-02
3.967964e+05
3.859761e-02
9.618663e+02
4.450480e-01
2.981146e+04
7.758107e+01
2.781053e+00
6.681023e-02
2.930424e-01
9.070961e+01
1.816710e+02
1.567741e+01
5.646702e+00
1.160785e-01
9.503615e+04
2.628525e+01
2.202642e+01
3.242965e-01
2.351249e+02
1.350546e+00
1.513926e-01
7.557102e-04
4.757798e-05
3.923416e+00
1.829467e+04
4.451718e-04
5.202198e+03
5.108675e+00
1.666433e-01
5.278846e-01
2.079099e-02
4.736418e+00
5.148275e+03
1.734246e-01
2.909954e+02
9.022221e-02
1.947619e-01
1.559771e-03
8.098473e+00
7.380606e-01
2.414436e+00
1.718409e+00
2.923681e+01
1.005168e-02
3.347151e+00
1.779134e+00
1.053796e+00
1.950266e+00
1.707031e-03
2.022604e-03
4.370665e-02
1.483639e-04
1.393439e-01
7.098317e-01
1.535179e-05
4.578094e-02
2.594289e+00
2.294334e+02
