3.613172e-01
1.000302e+03
1.092680e+02
2.351026e+02
1.058610e+02
8.157644e+01
1.903752e+00
2.191874e-04
5.085197e-03
9.056122e-04
1.613738e+01
4.041078e+04
4.710791e+01
8.186376e-04
2.222091e-02
8.326270e-02
2.150119e+00
5.041272e+04
1.842158e-03
3.202517e+02
2.123647e+00
1.050181e+05
1.020305e+02
1.890367e+01
1.305348e-02
2.219263e-01
5.214090e+01
1.057869e+02
7.761693e+00
4.580442e+01
4.957047e+00
1.973350e+04
1.019369e+02
5.994049e+01
4.686714e-01
2.155753e+02
1.615047e+00
1.747083e-02
7.957410e-04
1.193149e-04
6.131447e+00
5.431714e+04
1.191199e-03
1.420873e+03
1.467039e+00
7.693662e-02
1.547328e+01
2.571601e-01
2.265174e-01
3.703053e+03
1.167565e-01
1.400707e+03
3.686876e-02
1.058680e-01
5.504366e-03
1.765872e+01
2.346066e+00
1.296867e+00
8.384827e-01
1.569475e+02
9.175727e-03
9.823240e+00
1.013585e+00
3.382480e-01
2.213841e+00
4.534613e-04
1.247780e-03
2.102505e-03
6.812883e-04
8.040247e-02
4.678351e-01
7.424395e-05
3.922245e-02
2.247694e+00
2.098232e+02
