1.091182e-01
4.066651e+02
2.861812e+01
5.774310e+01
2.828648e+01
1.227249e+02
1.717629e+00
2.429272e-04
8.246641e-03
1.743045e-03
3.396262e+00
3.064199e+05
8.466363e+00
6.216618e-03
1.867538e-02
8.873925e-03
3.876354e-01
2.981625e+05
1.325619e-03
4.377036e+03
1.211769e+00
8.129358e+04
1.362921e+02
7.045222e-01
4.696260e-02
4.095019e-01
3.372323e+02
4.651049e+02
2.240464e+00
3.622853e+00
1.374738e+00
1.559562e+04
4.988684e+01
8.640479e+02
5.032751e+00
2.260351e+02
1.783932e+00
1.797189e-01
8.616927e-04
2.353868e-05
1.198183e+01
2.532592e+04
2.518534e-03
3.411542e+03
1.102516e+01
1.847260e-01
2.171732e-02
1.361723e-01
7.258701e-01
2.587166e+03
1.006701e-01
1.763398e+03
6.975761e-02
1.157999e-01
4.115714e-03
4.295552e+01
1.985380e-01
1.545024e+00
1.049353e+01
2.606467e+01
1.976913e-03
3.682629e+00
2.507182e+00
1.976453e+00
1.290118e+00
6.832178e-05
1.796402e-03
1.421782e-03
4.469206e-05
9.939174e-02
3.951260e-02
6.108350e-05
3.310068e-02
2.293923e+00
4.043807e+02
