2.085359e-01
8.723835e+02
1.270227e+01
1.304772e+01
6.799564e+00
5.928670e+01
1.435498e+00
6.749078e-05
3.705155e-03
1.004740e-02
3.572239e+00
3.729140e+04
1.235568e+02
9.213204e-04
1.376313e-01
5.513661e-03
6.187171e-02
1.218804e+05
2.343545e-03
1.354354e+02
7.450058e-01
6.488557e+04
6.408565e+01
2.741708e-01
1.487541e-02
2.872256e-02
6.086958e+00
1.918576e+03
7.235554e+00
3.731532e+00
1.888702e-02
2.031066e+03
2.527871e+01
9.613321e+01
2.247829e+00
5.713960e+01
1.393917e+00
3.262716e-03
6.929231e-04
5.356462e-06
4.268367e+00
2.436584e+03
2.212550e-04
2.058337e+02
4.701136e-01
1.232116e-02
7.064650e-01
1.188639e-01
1.398474e-01
1.798549e+04
1.078872e-02
7.705182e+03
1.253541e-01
2.523566e-02
1.040763e-02
4.577818e+01
5.837199e-01
4.217059e-01
1.877979e+00
9.925130e+00
1.094889e-03
2.895239e+00
5.259996e-01
7.499340e-02
1.783460e+00
5.543711e-04
3.713692e-03
1.289765e-03
3.655203e-05
6.756739e-03
1.150655e+00
3.335724e-05
8.470639e-03
1.556971e+00
2.265204e+02
