1.864530e-01
7.667151e+02
2.624641e+01
1.806696e+01
2.730955e+02
1.328867e+02
1.904520e+00
1.321020e-04
1.429834e-03
4.032160e-03
6.894423e-01
3.249962e+04
9.849747e-01
1.559704e-03
4.056476e-02
1.111563e-01
1.073934e-01
1.662290e+06
7.648859e-04
1.366015e+03
7.475140e-02
1.319594e+05
6.076079e+02
6.587566e-01
1.915573e-02
1.779383e+00
9.577545e+01
5.363653e+02
2.968391e+00
3.401585e+00
2.623243e-01
1.613351e+04
1.699659e+02
8.510000e+01
4.942362e+00
4.801373e+02
1.680060e+00
2.408825e-03
9.826052e-04
5.152601e-04
1.068199e+01
3.139494e+04
3.533064e-04
4.341549e+03
1.439542e+02
8.519719e-02
9.114489e-01
1.369493e-01
3.860745e-02
1.320123e+04
2.733473e-02
4.907661e+02
8.769709e-03
1.335220e-01
1.101253e-03
1.563658e+01
2.290070e-01
3.800199e-01
3.655845e+00
8.523588e+01
8.068758e-03
3.248437e+01
1.040227e+00
8.484265e-02
1.937181e+00
1.592262e-04
1.690093e-03
3.554764e-04
1.008582e-04
1.000646e-01
1.798978e+01
2.902033e-05
2.058628e-03
2.273772e+00
2.190056e+02
