1.667942e-01
2.127271e+03
2.173924e+01
8.068901e+01
2.543963e+03
1.299165e+02
1.405048e+00
8.501039e-06
3.409899e-01
2.407034e-03
4.560538e-01
1.225157e+06
2.106466e+01
1.675737e-04
1.095234e-01
3.700986e-03
1.920693e-01
3.029213e+06
5.724996e-04
1.642662e+03
5.186861e-01
6.816257e+04
3.667437e+01
2.649052e-01
4.973177e-01
8.707729e+00
1.369329e+03
4.986239e+00
8.883255e+00
1.275506e+02
4.258516e+01
3.278565e+05
8.828680e+02
4.677508e+01
8.143571e-01
1.421622e+02
1.252821e+00
2.422715e-03
1.279612e-03
8.195565e-05
3.277827e+01
1.044942e+04
2.689883e-03
6.531992e+02
5.807460e+00
2.899136e+00
1.966627e+01
1.101382e+00
2.391622e-01
2.128681e+05
1.277190e-01
7.230616e+04
2.673730e-03
6.360230e-02
8.412496e-02
1.056932e+00
4.017328e-02
5.619296e-02
1.208626e+00
1.576426e+02
2.178832e-03
5.930652e+00
1.061667e+01
2.708278e+01
1.140978e+00
2.027370e-03
3.192275e-05
1.350444e-03
1.541586e-05
4.134555e-01
4.552656e+00
4.231672e-06
1.755057e-01
1.511081e+00
2.580722e+02
