1.728265e-01
8.714279e+02
3.263242e+01
2.023785e+01
1.344718e+01
1.213060e+03
1.770849e+00
3.032195e-05
2.503877e-02
1.081380e-03
1.108691e+00
2.204929e+04
1.234198e+00
1.338268e-03
8.879353e-03
4.408945e-03
2.678482e-02
8.527711e+05
8.135377e-03
2.973814e+02
6.585256e-01
6.454847e+03
5.133043e+01
1.275763e+00
6.148844e-02
2.229758e+00
2.617855e+01
4.678856e+01
2.019027e+00
7.868447e+00
8.141840e-01
2.151919e+04
6.370192e+00
3.113506e+00
8.028345e-01
4.450916e+02
1.299457e+00
5.474662e-04
8.913916e-03
5.007133e-05
1.420507e+00
4.506777e+03
2.919900e-04
5.031757e+02
8.689069e-01
3.380219e-02
6.606524e-02
1.339170e-02
3.889570e-01
1.375625e+03
5.755653e-01
4.515857e+03
1.205884e-01
6.104503e-02
3.897752e-03
2.075607e+00
5.968411e-01
6.539489e-01
7.115752e+00
8.349391e+02
3.541969e-03
6.123338e+00
3.710203e+00
2.670276e-01
1.533583e+00
2.518111e-05
4.369201e-04
2.821848e-03
1.702291e-05
1.504406e-01
1.569643e-02
2.194805e-05
1.910636e-03
2.291075e+00
2.659095e+02
