1.212522e+00
3.231316e+03
1.559475e+01
1.514870e+02
3.407295e+01
1.988573e+03
1.503365e+00
1.147405e-04
1.564086e-03
2.425164e-03
8.199892e+00
9.041616e+04
1.307132e+00
2.920389e-04
4.473839e-02
3.514052e-01
1.183148e-01
4.135179e+05
3.947807e-02
1.089672e+03
3.246711e-01
3.061842e+04
7.980605e+01
3.542851e+00
7.451989e-02
3.036663e-01
1.625444e+02
1.934611e+02
1.796940e+01
5.926236e+00
9.462729e-02
1.767687e+05
1.753373e+01
2.867003e+01
3.616167e-01
2.983542e+02
1.337787e+00
2.040065e-01
5.965284e-04
3.509053e-05
3.158720e+00
3.594115e+04
4.222968e-04
4.562906e+03
4.352248e+00
1.690882e-01
7.283514e-01
2.055630e-02
5.539317e+00
4.271147e+03
2.012130e-01
2.394953e+02
8.237786e-02
1.836919e-01
2.499597e-03
1.334024e+01
6.996795e-01
1.952942e+00
2.355335e+00
2.498625e+01
7.776668e-03
4.350720e+00
1.699486e+00
1.175453e+00
1.902673e+00
3.116281e-03
2.143332e-03
5.861504e-02
1.383833e-04
1.673838e-01
8.606726e-01
1.240418e-05
5.874125e-02
2.688900e+00
1.675329e+02
