2.127562e+00
3.070415e+04
4.964726e+00
1.604664e+01
2.924109e-01
1.468367e+02
2.220868e+00
1.765135e-03
1.499920e-01
1.245747e-01
5.561077e+01
4.355540e+03
3.990058e+01
1.154973e-03
3.607801e-02
7.046790e-04
2.362863e-03
2.857310e+05
1.868195e-04
1.017098e+01
5.503461e+01
8.789972e+04
7.607013e+01
2.622057e+01
7.941712e-04
2.896991e-01
5.960776e-01
2.730647e+01
3.928140e+01
9.984029e-01
1.195527e-01
5.880177e+04
1.182378e+02
4.218727e+01
2.906009e-01
4.772430e+03
1.636706e+00
4.032148e-02
1.025373e-03
5.491721e-06
1.544191e+00
2.375035e+02
1.205561e-02
2.198910e+03
1.911279e+00
1.260911e-01
2.779678e-01
2.003136e-02
3.053635e+00
5.214816e+04
4.070045e-02
2.270730e+04
7.834431e-04
5.116820e+00
7.050714e-04
1.859797e+01
1.367511e+00
9.956286e-01
6.816521e-01
3.395792e-01
1.396378e-01
1.095199e+02
1.423608e-01
2.648991e+00
2.963050e+00
1.061426e-04
4.199687e-04
2.524988e-04
5.289795e-04
8.593505e-04
3.969506e-03
4.591242e-06
3.479129e-01
3.238756e+00
2.240747e+02
