3.727245e-01
1.010997e+03
9.891807e+01
2.454126e+02
8.624256e+01
7.740234e+01
1.911604e+00
2.945808e-04
4.554597e-03
8.373941e-04
1.591789e+01
4.416583e+04
8.200311e+01
1.068705e-03
3.175757e-02
8.795811e-02
3.958523e+00
6.248174e+04
2.306431e-03
3.303925e+02
1.722780e+00
1.073853e+05
8.795836e+01
3.325673e+01
1.285957e-02
2.961651e-01
3.928053e+01
1.196406e+02
7.509122e+00
6.296149e+01
4.978546e+00
2.284332e+04
1.246557e+02
7.547908e+01
5.036322e-01
3.836230e+02
1.669865e+00
1.485264e-02
7.865839e-04
1.407598e-04
4.672035e+00
7.453979e+04
1.511605e-03
1.411206e+03
1.157402e+00
8.816553e-02
2.185085e+01
2.329301e-01
2.056066e-01
2.913708e+03
1.108640e-01
1.466895e+03
4.242010e-02
1.059378e-01
5.169430e-03
2.407726e+01
1.678377e+00
1.276714e+00
7.504899e-01
1.966032e+02
7.995574e-03
1.102301e+01
9.301815e-01
4.711228e-01
2.402974e+00
5.902552e-04
8.765273e-04
2.055337e-03
4.876856e-04
1.039404e-01
4.968043e-01
7.277919e-05
6.111930e-02
2.257192e+00
2.067915e+02
