2.473812e-01
4.630842e+02
2.009214e+01
2.831692e+00
1.097929e+02
5.322358e+01
1.389064e+00
1.656285e-04
3.512014e-02
3.616637e-04
3.988886e+01
3.500831e+04
1.481933e+00
3.582495e-04
5.603672e-02
1.789158e-02
4.113022e-01
1.750868e+05
3.087520e-02
1.143790e+02
5.699052e-01
6.811732e+04
1.962723e+01
1.505850e+00
1.505778e-02
1.887395e-01
5.010911e+01
2.611147e+02
3.282502e+00
2.573401e+01
1.881813e-01
3.361510e+04
2.719665e+01
1.249270e+01
5.536475e+00
2.088623e+02
2.328154e+00
1.079415e-02
2.477007e-04
1.669508e-04
3.167792e+02
1.394124e+04
1.464809e-03
4.855239e+01
1.313345e+01
5.903727e-03
1.266985e+00
3.655218e-01
9.260356e-01
2.137981e+05
2.067606e-02
5.338382e+02
3.740157e-01
9.363356e-02
3.163913e-03
5.754889e+00
1.157641e+00
3.665209e-01
4.774693e+00
1.106916e+02
3.449571e-02
1.094580e+00
3.857386e-01
4.310030e-01
1.881277e+00
8.294532e-04
2.738192e-03
4.221546e-04
2.603345e-05
3.504475e-02
4.447412e-01
2.673536e-05
1.875240e-01
3.369146e+00
1.723860e+02
