4.926306e-01
9.408589e+02
1.134375e+02
2.483212e+02
1.650342e+02
8.033916e+01
1.844849e+00
2.565856e-04
5.219958e-03
8.484994e-04
1.511944e+01
4.878038e+04
4.239549e+01
9.828918e-04
2.304092e-02
9.794402e-02
2.091988e+00
4.386234e+04
2.011072e-03
1.615969e+02
1.098410e+00
8.380344e+04
5.695794e+01
1.656446e+01
1.128206e-02
2.429793e-01
6.597590e+01
9.747249e+01
7.844765e+00
4.966512e+01
4.196378e+00
2.830059e+04
7.892876e+01
4.783993e+01
5.077048e-01
2.062616e+02
1.611240e+00
1.762583e-02
6.817504e-04
1.491209e-04
7.369128e+00
5.257434e+04
9.482107e-04
1.100108e+03
2.012429e+00
9.440665e-02
1.447700e+01
4.152441e-01
1.831361e-01
1.475649e+03
1.070208e-01
1.298607e+03
3.429416e-02
1.092222e-01
3.586453e-03
1.801791e+01
2.043330e+00
2.016863e+00
7.515270e-01
1.324478e+02
6.536152e-03
1.132992e+01
6.852869e-01
3.054059e-01
2.412474e+00
4.920773e-04
7.943038e-04
1.600787e-03
6.105501e-04
7.251962e-02
1.965247e-01
5.424754e-05
3.935804e-02
2.218832e+00
1.640324e+02
