1.464692e-01
1.186429e+01
3.219117e+00
1.941835e+00
3.570083e+00
5.342784e+01
1.821365e+00
6.378115e-05
2.419403e-04
5.708057e-03
1.421111e-01
5.533229e+05
8.423914e-01
9.600891e-03
8.125672e-02
7.100007e-01
9.858487e-03
1.165372e+04
2.359982e-02
4.397441e+03
4.629860e-02
1.273147e+04
6.108653e+01
3.919659e-02
3.042864e-02
6.126403e-01
5.043080e+00
1.093712e+03
2.927121e-01
7.263252e+00
6.390774e-03
2.405863e+03
9.050305e+02
5.989978e+01
1.584123e+01
1.438967e+02
1.464304e+00
1.085081e-02
3.068422e-03
1.564657e-03
1.178366e+01
6.332252e+02
1.339852e-04
3.895509e+02
5.436642e+01
3.279557e-03
1.402516e-02
1.142693e-02
3.095709e-02
1.057188e+02
1.482529e-02
2.745016e+04
9.503830e-02
1.632585e-01
6.031453e-04
1.124031e+01
1.868771e-01
5.918541e-02
6.987158e+01
7.891552e-01
7.545949e-04
9.311522e+00
2.053684e-02
1.935859e+01
2.158847e+00
8.975721e-04
3.909236e-02
7.648197e-05
6.629126e-07
6.790433e-01
1.113850e+01
1.190892e-05
4.181494e-01
1.514841e+00
8.168587e+01
