4.723130e-01
6.491402e+03
2.395552e+01
5.469548e+01
3.666653e+02
1.750698e+02
1.806558e+00
2.477451e-05
2.164149e-02
3.591002e-03
6.103247e+01
1.903479e+05
9.535056e+00
1.002461e-02
7.441672e-02
1.743843e-02
2.362917e+00
1.099584e+05
1.685609e-01
1.745659e+02
7.137175e-01
3.677690e+05
3.420635e+01
1.085245e+00
1.943766e-02
2.265876e-01
2.280293e+01
5.512364e+02
2.972293e+00
1.373366e+01
4.875420e-01
1.453583e+04
1.516041e+01
2.272002e+01
1.754933e-02
3.074109e+00
1.304996e+00
2.191509e-03
8.110488e-04
2.896645e-04
2.154263e-01
1.554274e+03
5.841870e-04
2.358794e+02
2.500990e+00
4.433083e-01
1.588592e+00
3.799518e-02
2.035547e+00
4.886049e+03
4.104029e-01
2.994210e+03
1.037615e+00
1.958318e-01
3.424831e-02
1.678809e+01
2.865648e-01
1.320710e+00
3.477433e+00
1.032306e+02
7.998894e-03
2.090960e+00
2.290412e-01
1.762212e-02
2.528026e+00
5.392770e-03
1.918523e-04
3.996425e-03
3.675120e-06
1.093041e+00
4.437699e-01
3.945935e-06
2.873371e-02
2.111291e+00
2.530765e+02
