1.752725e+00
2.715654e+04
2.620331e+01
1.997492e+01
2.787093e+00
4.835699e+01
2.649439e+00
8.956833e-05
2.236939e-03
8.166815e-03
5.005721e-01
2.546856e+04
6.954636e-01
7.002730e-04
2.346728e-02
1.670855e-02
2.527379e-01
1.851451e+06
1.070934e-02
4.294980e+02
2.875831e-01
7.438964e+04
3.597076e+00
3.455339e-01
4.377383e-02
1.188962e-01
2.088613e+01
6.387858e+00
3.451462e+00
4.322885e+01
2.542423e-01
1.540858e+04
3.689900e+00
1.382515e+02
6.300782e-01
3.470995e+02
2.877064e+00
5.757508e-03
1.238198e-03
1.781574e-04
1.983671e+01
3.000546e+04
2.544329e-04
1.665998e+04
4.930922e+00
7.390414e-01
1.539661e+01
5.627365e-01
4.430657e-01
1.284048e+03
3.960824e-02
6.903906e+03
1.513174e-02
8.489359e-02
2.526125e-03
1.235290e+02
1.616168e-01
1.094845e-01
7.470782e+00
2.017690e+02
3.637451e-03
3.327606e+00
6.948059e+00
8.215771e-01
2.450789e+00
2.615062e-03
3.333165e-04
3.452020e-03
3.335379e-06
5.237281e-02
1.460591e-01
1.846927e-05
8.948229e-02
2.045084e+00
4.519101e+02
