1.369802e-01
2.367048e+02
1.055351e+02
2.062589e+02
1.802865e+01
2.975187e+01
2.006674e+00
2.171728e-04
5.440865e-03
1.130809e-03
2.273307e+00
1.161548e+03
2.031448e+00
1.105590e-03
5.384795e-03
1.439615e-02
1.865720e-01
3.449525e+07
8.966124e-03
1.000695e+02
6.006293e-01
1.165553e+05
1.612055e+01
1.047897e-01
3.035219e-02
1.696792e+00
2.016844e+00
7.857901e+01
2.155161e+00
7.849929e+00
9.058651e-01
9.836554e+03
2.320112e+01
3.833842e+00
4.497812e-01
4.767651e+00
1.801671e+00
8.357825e-03
1.128989e-03
2.740960e-04
1.994071e+01
1.140418e+03
1.406734e-03
4.238094e+02
2.794084e+00
1.175817e-01
5.271054e+00
5.852599e-02
6.641164e+00
3.181675e+04
1.886594e-02
8.739198e+01
3.820601e-02
3.944738e-02
1.127138e-03
1.709996e+01
2.344097e-01
2.461708e-01
5.385751e-01
2.747681e+00
9.835302e-04
9.828597e-02
2.593278e-01
7.069793e-02
2.133970e+00
1.656511e-04
1.803741e-03
8.346245e-04
1.159370e-05
6.891937e-01
2.839948e+00
1.283142e-04
1.101143e-03
1.571488e+00
2.502701e+02
