7.099293e-02
2.463405e+02
2.551841e+01
3.940946e+01
1.897869e+01
9.721031e+01
1.710191e+00
2.601286e-04
5.234399e-03
1.310391e-03
3.114059e+00
2.508867e+05
4.621777e+00
5.171168e-03
1.178397e-02
7.916019e-03
3.272767e-01
2.036421e+05
2.298114e-03
3.262744e+03
7.529576e-01
5.314934e+04
7.570441e+01
5.500450e-01
3.948312e-02
4.541386e-01
2.131527e+02
3.319068e+02
2.252429e+00
2.847625e+00
7.420365e-01
9.253455e+03
3.379616e+01
4.536194e+02
4.555714e+00
2.072975e+02
1.834849e+00
9.099206e-02
6.752714e-04
3.131573e-05
8.878936e+00
1.978406e+04
1.546498e-03
3.383578e+03
6.393719e+00
1.565676e-01
2.909419e-02
9.665226e-02
9.765555e-01
2.471214e+03
8.888940e-02
1.404330e+03
1.006043e-01
1.020401e-01
2.996860e-03
2.646878e+01
1.697385e-01
1.384948e+00
9.151186e+00
2.238264e+01
1.967576e-03
3.018403e+00
2.492154e+00
1.241476e+00
1.273030e+00
4.587219e-05
1.012753e-03
1.901450e-03
4.611925e-05
8.877337e-02
4.395161e-02
4.875068e-05
2.617236e-02
2.145790e+00
3.668228e+02
