7.674233e-02
2.171455e+02
1.532506e+01
1.047336e+01
3.677475e+01
2.963712e+01
1.969660e+00
4.410218e-04
8.885633e-03
4.465344e-04
3.501614e+00
1.767406e+04
8.022465e-01
2.309877e-04
3.652424e-03
1.290620e-02
2.542315e+00
2.568579e+05
2.901546e-03
5.477307e+01
5.318606e-02
1.229367e+04
5.766371e+00
2.202859e+00
3.523742e-02
1.392901e-01
8.196436e+00
4.378011e+01
6.773962e+00
2.632374e+01
1.147415e+00
8.219949e+04
1.161055e+01
1.438347e+00
3.007664e-01
7.034269e+01
1.752873e+00
2.392027e-03
1.821805e-03
1.278026e-05
2.342656e+00
1.548283e+03
4.263239e-04
1.132355e+01
5.509617e+00
1.675617e-01
3.462930e-01
3.072804e-01
2.750413e-01
2.199687e+03
3.704560e-02
1.034973e+03
2.890461e-01
5.517233e-02
3.928793e-05
2.346215e+01
1.984854e-01
2.003189e-01
1.688238e+01
4.082012e+02
5.554836e-02
1.321352e+01
7.826110e-02
1.496303e-01
1.230753e+00
4.240264e-05
5.811045e-04
7.088804e-04
4.375333e-05
2.637097e-03
3.100202e-01
4.783878e-06
8.235622e-02
1.689125e+00
3.102785e+02
