7.679828e-02
2.443671e+02
1.517732e+01
1.075822e+01
3.718505e+01
4.353101e+01
1.908711e+00
4.003436e-04
6.939501e-03
8.580206e-04
3.139000e+00
3.554958e+04
1.097399e+00
2.407700e-04
3.573270e-03
2.067396e-02
1.683335e+00
1.356069e+05
5.194865e-03
5.294686e+01
6.358814e-02
1.406885e+04
5.828744e+00
1.828497e+00
5.579898e-02
1.746815e-01
7.093053e+00
9.432642e+01
8.437088e+00
3.746367e+01
1.772186e+00
6.428717e+04
9.736634e+00
2.412954e+00
2.919839e-01
1.009522e+02
1.714095e+00
2.339933e-03
1.924955e-03
9.919212e-06
4.613939e+00
2.409116e+03
5.424961e-04
9.699111e+00
7.813453e+00
1.237393e-01
2.530981e-01
2.470539e-01
1.997926e-01
2.741866e+03
5.203739e-02
1.700234e+03
1.813097e-01
6.825002e-02
6.133154e-05
3.065618e+01
1.640074e-01
2.701859e-01
1.055335e+01
3.349129e+02
2.952771e-02
1.058912e+01
5.678655e-02
9.493300e-02
1.205484e+00
4.091738e-05
8.159287e-04
7.407737e-04
3.673255e-05
4.401286e-03
3.006452e-01
4.993770e-06
1.176085e-01
1.745949e+00
3.503442e+02
