2.642049e-01
4.505030e+02
1.788517e+01
7.976215e+01
4.595427e+01
2.830825e+02
1.360840e+00
5.284024e-05
1.104179e-02
4.907672e-03
8.891708e+00
1.559278e+04
3.586372e+00
3.267661e-03
2.757624e-01
1.186665e-01
6.938379e-02
5.435323e+06
3.917835e-03
6.274300e+02
2.018866e-01
2.735310e+04
7.273616e+00
2.849370e-01
5.224921e-02
3.965729e-01
5.676542e+01
1.537429e+02
8.408431e+00
4.530383e+00
4.986740e-01
1.359062e+04
4.376609e+00
6.127398e+01
2.790108e+00
2.686208e+02
1.812349e+00
8.846017e-03
1.264416e-03
3.898716e-04
8.201784e+00
2.043530e+04
1.085252e-03
3.193001e+02
6.614021e+00
5.486945e-02
4.242586e-01
8.355367e-02
1.459210e+00
5.798343e+03
2.876015e-02
3.669961e+03
1.698293e-01
5.935565e-02
2.558611e-03
3.211258e+01
1.021882e+00
1.429490e+00
2.528642e+00
2.394507e+01
2.721594e-03
1.368631e+00
9.023689e-01
1.370772e+00
1.983096e+00
1.984989e-04
2.576580e-02
6.690476e-03
1.598726e-04
1.072386e-02
1.777566e-01
3.244047e-05
8.859566e-03
2.011975e+00
1.097140e+02
