2.275363e+00
4.417761e+03
1.080081e+02
1.200884e+02
8.356143e+01
5.020819e+01
1.551273e+00
3.064593e-04
8.176454e-03
3.347004e-03
2.193934e+01
2.583319e+04
4.830885e+01
2.292761e-03
7.956832e-02
2.731505e-01
1.459020e+00
9.253730e+04
4.322978e-03
1.541055e+02
7.839746e-01
9.115978e+04
5.837590e+01
5.902462e+00
1.113652e-02
1.833695e-01
6.428348e+01
7.156727e+02
1.756923e+01
8.148793e+01
2.424855e+00
8.273688e+03
2.774219e+01
1.708461e+01
2.106697e-01
2.138890e+02
1.604388e+00
9.195962e-03
6.979198e-04
4.149607e-04
8.683376e+00
7.592545e+03
9.425477e-04
6.532686e+02
1.652096e+00
1.833227e-01
1.781687e+00
3.832191e-01
2.220150e-01
1.702607e+03
3.051816e-01
8.101660e+02
6.398327e-02
2.283213e-01
1.672071e-03
5.556574e+01
2.875703e+00
1.987939e+00
2.545658e+00
2.419055e+02
9.199364e-03
1.529137e+01
2.351848e-01
3.068541e-01
2.264252e+00
1.363478e-03
1.387162e-03
2.775646e-03
1.181980e-04
5.249163e-02
4.811030e-01
5.217674e-05
1.488699e-02
2.340218e+00
1.949252e+02
