1.636808e+00
2.425227e+04
2.824976e+01
1.535133e+01
2.651848e+00
3.516553e+01
2.396272e+00
8.274475e-05
1.565099e-03
4.776120e-03
4.293209e-01
1.261267e+04
4.592116e-01
5.575402e-04
1.424573e-02
1.974104e-02
3.307087e-01
1.176313e+06
1.126740e-02
4.164741e+02
2.498529e-01
5.610994e+04
3.153443e+00
5.040121e-01
2.031856e-02
9.661877e-02
1.712503e+01
4.422339e+00
2.851749e+00
2.551934e+01
1.655084e-01
1.500081e+04
3.169713e+00
9.847767e+01
4.326650e-01
2.150131e+02
2.886605e+00
3.049251e-03
1.133788e-03
1.928094e-04
1.085797e+01
1.899990e+04
1.799603e-04
1.287504e+04
4.822594e+00
4.807681e-01
1.121782e+01
5.163830e-01
3.383304e-01
8.156969e+02
3.710391e-02
4.216299e+03
1.119491e-02
4.930443e-02
2.423149e-03
1.028513e+02
1.802318e-01
1.077850e-01
5.155957e+00
1.061876e+02
2.827239e-03
1.429517e+00
3.141817e+00
3.540996e-01
2.352216e+00
1.732467e-03
3.532870e-04
2.074728e-03
4.078942e-06
5.486451e-02
9.052271e-02
1.221683e-05
6.776829e-02
2.050308e+00
4.269320e+02
