2.135139e-01
1.479634e+03
2.553093e+01
4.861921e+01
2.224356e+01
2.014907e+02
1.221425e+00
1.643793e-04
4.229534e-03
8.835228e-04
1.460897e+01
6.655341e+04
6.363586e-01
1.141540e-04
1.341857e-01
1.556179e-03
2.716765e-01
8.332905e+04
1.516021e-02
3.227828e+02
4.580915e-01
2.033750e+04
1.425905e+01
1.748236e+00
1.677565e-02
9.270299e-01
1.318016e+01
6.780958e+02
7.338304e-01
4.542070e+00
2.412128e-02
1.517891e+03
1.784100e+01
1.224949e+01
7.902346e-01
8.533675e+01
1.795786e+00
1.258249e-03
1.098870e-03
8.528959e-04
5.294305e+00
5.281385e+03
7.591473e-05
5.432707e+01
9.876286e+00
3.363678e-02
1.239731e+00
3.643266e-02
1.876617e-01
2.205623e+03
2.118276e-01
1.917206e+02
4.116166e-01
3.071118e-02
1.243862e-03
2.929235e+00
5.190114e-01
7.532253e-01
5.392642e+00
5.344423e+01
5.720273e-03
9.559819e-01
4.070061e-02
1.538402e-01
1.539377e+00
2.975139e-04
1.138949e-03
9.497014e-05
9.459556e-07
4.056628e-02
3.075444e+00
2.987255e-06
1.040062e-02
1.811279e+00
2.751616e+02
