2.828108e-01
1.073823e+03
1.126716e+02
1.900839e+02
5.114422e+01
3.995768e+01
1.911183e+00
2.531630e-04
2.375906e-03
6.401780e-04
9.035126e+00
4.271896e+04
8.238127e+01
1.037752e-03
2.204864e-02
5.454952e-02
4.588961e+00
4.762388e+04
2.545224e-03
3.008140e+02
1.240098e+00
7.156248e+04
7.380987e+01
3.123226e+01
7.780822e-03
2.311420e-01
3.630931e+01
6.968964e+01
6.744534e+00
7.978971e+01
5.069795e+00
2.233989e+04
8.962832e+01
5.255917e+01
4.347996e-01
2.980877e+02
1.740892e+00
1.089901e-02
6.905781e-04
1.555341e-04
4.058939e+00
5.457735e+04
1.429132e-03
1.143303e+03
9.186517e-01
9.833108e-02
3.201461e+01
1.974544e-01
1.709079e-01
2.313582e+03
1.598221e-01
1.635230e+03
2.314432e-02
7.136640e-02
6.644353e-03
2.083221e+01
1.525322e+00
1.327684e+00
6.458850e-01
1.743461e+02
6.525478e-03
6.834964e+00
8.848794e-01
2.955599e-01
2.416584e+00
4.833022e-04
6.485980e-04
1.688177e-03
4.032965e-04
8.871034e-02
3.353882e-01
7.274575e-05
6.896013e-02
2.278951e+00
2.375342e+02
