1.173988e-01
6.557615e+02
2.130501e+01
1.086331e+01
8.995382e-01
4.406496e+01
1.910870e+00
8.602691e-04
1.955796e-03
8.174741e-04
8.803155e+00
3.061316e+04
1.557307e+00
6.280238e-04
5.272640e-02
3.821612e-02
1.803192e-01
6.199469e+05
8.266606e-02
4.254933e+03
2.738059e+00
2.433231e+04
1.730568e+02
1.741747e+00
3.631171e-02
1.773341e-01
2.562911e+01
1.377475e+02
3.353563e+01
1.327754e+01
4.904730e-02
9.623649e+02
1.908100e+01
9.797622e+00
8.691424e-01
5.048014e+02
2.009309e+00
1.254336e-03
8.579880e-04
1.385004e-04
1.808876e+01
2.777360e+04
2.726685e-03
5.137382e+02
1.869117e+00
6.274543e-03
2.467408e-01
8.608713e-03
1.344667e+00
2.240251e+03
1.803190e-01
5.533177e+03
4.654334e-02
7.213262e-02
1.736149e-03
7.069663e+00
7.423093e-01
1.688004e+00
1.375269e+01
2.116298e+02
1.355929e-02
1.456961e+00
1.791909e-01
3.465367e-01
2.471992e+00
1.153177e-03
4.451910e-04
1.506504e-03
6.232658e-06
6.210409e-02
7.277429e-01
2.283292e-04
2.526110e-02
1.706067e+00
3.266915e+02
