2.900809e-02
3.825514e+03
1.593696e+02
1.403875e+02
1.545185e+00
1.330809e+03
1.227323e+00
2.098718e-03
4.869676e-04
1.245747e-01
3.516794e-01
3.108935e+06
6.695976e+00
4.389751e-03
1.039457e+00
1.584946e-02
1.576787e+01
1.737614e+06
3.721219e-01
5.464411e+03
2.216866e-01
2.000989e+03
3.062492e+01
1.098503e+01
4.232095e-04
5.060063e+00
2.751134e+02
5.266227e+03
3.287020e+00
1.176444e+01
5.708054e-01
4.805278e+04
1.837236e+01
5.368245e+02
8.633231e+00
2.769945e+01
1.703475e+00
2.396240e-03
9.198673e-03
2.469870e-03
6.372194e+00
1.736899e+04
1.888302e-05
4.378045e+02
8.644152e+01
1.044152e+00
5.452852e+01
3.336982e-02
1.097886e-01
3.587703e+05
9.611819e-03
6.745151e+01
2.277767e+00
3.844417e-03
4.067478e-02
1.344404e+02
7.024066e-02
8.629727e-01
3.602994e-01
1.293836e+03
6.284163e-04
3.084964e-01
1.026835e+02
2.220593e+00
1.697322e+00
2.445978e-03
8.258750e-02
1.321807e-01
1.594169e-06
9.422640e-02
5.187792e-01
4.978119e-05
1.361499e-03
1.768027e+00
3.539700e+03
