4.944668e-01
3.904327e+02
4.828848e+01
1.550339e+02
1.250375e+02
7.008825e+01
1.957494e+00
1.290642e-04
1.574729e-02
1.276721e-03
1.166113e+01
2.665608e+04
6.394812e+00
1.077122e-03
1.747585e-02
1.060648e-01
7.681697e-01
3.157280e+05
6.014554e-02
1.814134e+02
1.827658e+00
4.031254e+04
1.116934e+02
3.033633e+00
3.346376e-02
1.836758e-01
3.573720e+01
1.230635e+03
3.906645e+00
2.297948e+01
3.338401e-01
1.582561e+04
1.408163e+01
5.482059e+01
5.250796e-01
5.810779e+01
1.721487e+00
2.894188e-02
9.410729e-04
1.763411e-04
1.082821e+01
1.068947e+03
1.368278e-03
3.458602e+02
8.689324e+00
7.700387e-02
2.962925e+00
1.215050e-01
2.730197e+00
1.053562e+03
1.161329e-01
3.162837e+03
9.129947e-02
5.259113e-01
6.066677e-03
1.686904e+01
1.440609e+00
4.257554e-01
7.400384e-01
8.885401e+01
1.627937e-02
7.057231e+00
8.020664e+00
4.419878e-01
1.798123e+00
7.462726e-05
1.026896e-04
3.388490e-04
3.944020e-05
1.778584e-02
5.792138e-01
7.535944e-05
1.964546e-02
1.743619e+00
1.088051e+02
