3.137681e-01
7.363697e+02
3.218337e+01
1.287418e+02
7.377848e+02
1.505100e+02
1.973986e+00
2.298724e-05
9.195757e-03
3.558081e-03
5.224848e+00
1.715085e+04
7.579395e-01
8.168697e-05
1.125835e-01
1.503678e-01
7.229012e-02
1.158267e+06
1.773143e-04
5.239995e+02
1.334037e+00
5.097416e+05
6.998681e+00
3.676824e-02
2.774427e-03
6.703123e-02
2.314113e+02
1.182277e+02
2.074530e+00
1.344260e+00
8.514512e-02
3.651035e+03
5.561211e+00
6.267486e+00
2.037001e-01
2.497376e+01
1.201601e+00
1.132924e-03
1.062222e-03
1.771943e-04
5.365425e+00
1.422890e+03
1.218981e-04
6.092684e+03
1.486728e-01
3.683528e-03
4.679214e-01
1.471015e-01
4.019795e-01
2.284609e+03
2.359763e-02
9.797844e+03
5.650235e-02
2.730727e-03
1.305501e-03
9.109228e+01
3.396109e+00
1.193713e-01
7.068967e-01
8.326971e+00
1.845539e-03
1.042074e+01
1.413014e+00
1.636686e+00
1.660581e+00
3.007532e-05
1.921934e-04
3.739258e-05
1.671026e-05
1.639852e-03
9.210068e-02
1.857014e-06
9.602502e-03
1.746808e+00
1.936787e+02
