3.960420e-01
6.287104e+02
9.740489e+01
1.178858e+02
1.516820e+03
4.640478e+02
1.619335e+00
3.452290e-04
6.378365e-03
2.765118e-03
3.059005e+00
2.480373e+05
1.566711e+00
9.819011e-03
1.986782e-02
3.780850e-01
3.634525e-01
1.729795e+06
4.589334e-03
1.399664e+03
6.334230e-01
6.042363e+04
2.074905e+01
1.313827e+01
5.521603e-02
4.264985e+00
7.434632e+02
6.908410e+02
6.262984e+01
4.521906e+01
2.367249e+00
6.010360e+04
3.518273e+01
2.981686e+02
4.297729e+00
3.328216e+02
1.943807e+00
1.509728e-02
1.081734e-03
7.195422e-04
3.806148e+01
4.854259e+04
1.418740e-03
5.082592e+04
6.606214e+01
3.680326e-01
1.868539e+00
1.096763e+00
1.528602e+00
3.717283e+03
1.787639e-01
1.992593e+03
8.329830e-02
4.494078e-01
4.036219e-03
6.914889e+01
3.809388e+00
3.828588e+00
4.055142e-01
8.710182e+01
2.725927e-02
5.351310e+00
3.900004e+00
1.442586e+00
1.519585e+00
6.802727e-03
4.672164e-03
3.894446e-03
9.052586e-05
7.542138e-02
1.422953e+01
1.001500e-04
3.790781e-02
2.091870e+00
1.613398e+02
