6.384736e-01
6.064999e+02
6.061197e+01
1.416334e+02
2.430644e+02
8.958914e+01
1.875132e+00
1.428307e-04
1.652498e-02
1.625580e-03
1.170861e+01
2.297205e+04
9.292003e+00
1.672714e-03
3.521116e-02
1.804703e-01
7.232762e-01
4.170061e+05
5.636703e-02
2.078040e+02
1.733163e+00
5.821726e+04
1.114187e+02
3.416640e+00
4.497047e-02
3.435333e-01
4.563763e+01
1.296238e+03
3.661149e+00
2.160170e+01
3.438936e-01
1.094454e+04
1.021657e+01
4.733972e+01
9.346537e-01
6.551709e+01
1.720989e+00
4.772908e-02
9.058798e-04
1.894325e-04
8.472540e+00
1.873095e+03
1.548852e-03
4.155248e+02
8.974416e+00
6.684744e-02
5.580111e+00
1.313607e-01
3.693231e+00
1.027313e+03
1.318275e-01
3.824163e+03
1.066691e-01
3.947088e-01
5.114381e-03
2.212777e+01
1.884363e+00
3.831904e-01
1.098962e+00
9.740800e+01
1.623832e-02
8.182911e+00
1.215938e+01
9.575341e-01
1.781161e+00
7.390229e-05
1.402054e-04
3.114641e-04
4.406146e-05
1.976323e-02
1.087007e+00
7.712740e-05
2.815832e-02
1.851708e+00
1.314319e+02
