1.047196e-01
3.068145e+02
1.200665e+01
2.967247e+01
1.813036e+02
1.278827e+02
1.740249e+00
1.220803e-04
5.241509e-02
2.180200e-03
6.859430e-01
2.294235e+04
1.883133e+00
6.601306e-04
1.869526e-02
2.220830e-02
7.065458e-02
7.020933e+05
2.457398e-02
1.696510e+02
6.477712e-01
2.308851e+04
4.882999e+01
2.258697e+00
9.228004e-03
1.312388e-01
6.976864e+00
2.266339e+02
2.393777e+00
3.731083e+00
9.575366e-02
1.199189e+05
3.129978e+00
5.589899e+00
1.131251e+00
2.690112e+01
1.674921e+00
1.344943e-03
1.189415e-03
3.636864e-04
1.683154e+01
1.231588e+03
1.413457e-04
6.244663e+02
8.844686e-01
3.598866e-02
1.599939e+00
6.246975e-02
1.133099e+00
6.555275e+02
3.838575e-02
2.863413e+03
1.451654e-02
7.064776e-02
1.251674e-03
3.831547e+00
6.283363e-01
8.394333e-01
2.483435e-01
1.498908e+01
1.906176e-02
1.408392e+01
6.239522e+00
1.554161e+00
1.802075e+00
4.508800e-04
9.173810e-04
3.771113e-04
1.603385e-05
1.397981e-02
1.169687e+01
1.211801e-05
3.449760e-03
2.128041e+00
2.186786e+02
