4.524874e-01
5.113550e+02
4.344768e+01
1.013365e+02
2.046985e+02
6.866199e+01
1.794342e+00
1.675121e-04
1.494051e-02
8.849759e-04
1.141869e+01
1.632656e+04
6.832646e+00
1.329676e-03
3.278251e-02
1.386554e-01
5.469306e-01
4.346340e+05
3.674114e-02
2.365327e+02
1.153851e+00
3.997693e+04
8.464800e+01
2.777069e+00
2.891057e-02
2.716956e-01
4.249975e+01
1.300765e+03
3.972272e+00
2.839650e+01
2.260136e-01
7.759079e+03
4.333594e+00
4.371463e+01
8.497783e-01
5.375816e+01
1.689666e+00
3.266703e-02
6.524394e-04
1.759223e-04
5.670910e+00
1.495699e+03
9.338260e-04
4.355627e+02
7.182314e+00
4.657216e-02
4.318934e+00
1.020612e-01
3.740613e+00
1.101145e+03
8.799032e-02
3.621096e+03
6.390276e-02
3.793174e-01
5.123222e-03
1.481045e+01
9.455198e-01
1.956144e-01
6.614967e-01
1.015059e+02
1.274632e-02
3.788379e+00
1.120526e+01
4.983749e-01
1.611263e+00
6.055874e-05
1.612300e-04
3.730571e-04
2.598888e-05
2.409042e-02
1.132281e+00
7.405264e-05
2.478883e-02
1.839967e+00
1.082293e+02
