1.176307e-01
3.595138e+02
1.285420e+01
3.145218e+01
3.764934e+01
3.436268e+02
1.937029e+00
5.483722e-05
2.552269e-03
1.744569e-03
1.197799e+01
3.003896e+04
1.485689e+01
1.555613e-04
3.311852e-02
2.220341e-02
1.105197e-01
2.034691e+06
8.692374e-04
2.186164e+01
7.802517e-01
2.890513e+04
1.940277e+01
6.010607e-02
1.262734e-02
3.119023e-01
2.229395e+00
6.033626e+02
1.299112e+01
4.138974e+00
6.224896e-02
1.144724e+03
5.870355e-01
3.110706e+00
6.910837e-02
4.153754e+01
1.515705e+00
9.997642e-03
8.013826e-04
4.840400e-05
5.458198e+00
1.585340e+04
1.871159e-04
1.118101e+02
8.517700e-01
7.374720e-02
8.374901e-02
5.889295e-01
3.969072e-01
2.538581e+02
1.375680e-02
5.871284e+02
6.349333e-02
1.919537e-02
1.293203e-03
1.037910e+01
3.380732e-01
7.556891e-02
2.361201e-01
2.312256e+01
2.248277e-02
1.184519e+01
7.419570e-02
4.778065e-01
2.367188e+00
5.470130e-05
6.278112e-04
2.112407e-03
2.057778e-05
2.875497e-02
3.415111e-01
4.380632e-06
2.533526e-03
1.897779e+00
2.720645e+02
