4.665024e-01
6.468341e+02
3.288790e+01
1.620983e+02
3.466377e+02
1.492621e+02
1.733909e+00
3.022163e-05
4.218756e-03
2.630646e-03
3.491686e+00
2.180730e+04
9.050008e-01
8.751313e-05
6.757901e-02
1.189166e-01
7.408397e-02
6.135042e+05
2.100715e-04
3.277723e+02
9.920552e-01
3.126403e+05
7.599326e+00
3.936738e-02
3.365880e-03
4.703939e-02
2.653484e+02
1.578474e+02
3.808222e+00
7.668337e-01
7.616507e-02
2.736195e+03
7.448101e+00
6.851147e+00
1.931833e-01
2.481952e+01
1.163621e+00
9.693654e-04
1.526399e-03
1.399560e-04
3.519430e+00
1.008115e+03
8.035001e-05
4.594766e+03
1.310714e-01
3.043779e-03
4.287605e-01
1.050332e-01
3.128686e-01
1.638222e+03
1.626493e-02
6.357754e+03
5.600276e-02
3.135992e-03
2.171618e-03
4.230758e+01
2.831453e+00
8.522156e-02
4.346357e-01
8.988345e+00
1.964985e-03
6.395369e+00
9.886031e-01
1.686246e+00
1.674466e+00
3.722882e-05
5.714445e-04
5.886322e-05
1.120652e-05
9.516146e-04
3.747523e-02
3.046424e-06
8.010584e-03
1.601727e+00
1.436938e+02
