1.214603e-01
2.196043e+02
2.024844e+01
1.381046e+02
1.420578e+02
9.735709e+01
1.435626e+00
1.847529e-04
7.783384e-03
1.276012e-03
3.203039e+02
3.768080e+04
3.326461e+01
2.521415e-04
9.979545e-03
1.239743e-01
2.499250e-01
1.319301e+05
1.673233e-03
2.077658e+02
2.973862e-01
2.244458e+05
1.105051e+01
5.499372e-01
8.426012e-02
1.871732e-02
1.180165e+02
2.457033e+04
1.597271e+00
7.313307e+00
3.727475e-01
5.380254e+03
1.095719e+01
1.584691e+01
5.849324e-02
2.251653e+03
1.774116e+00
1.215595e-03
4.234183e-02
5.821310e-04
9.885506e+00
6.739398e+03
1.211280e-03
2.772947e+04
6.935233e-01
1.120117e-02
7.033931e-02
1.691726e+00
5.679703e-01
8.333174e+03
2.264393e-02
1.670172e+03
2.580035e-02
1.455500e-01
2.947767e-03
2.824575e+01
7.130849e-01
1.969556e-01
7.606427e-02
2.854703e+02
4.144838e-02
2.086354e+01
3.353778e+00
3.852534e+00
2.427182e+00
1.649659e-04
5.802965e-04
1.708604e-02
3.642030e-05
5.600044e-02
1.670567e-01
1.232109e-05
2.209021e-03
1.550137e+00
2.343817e+02
