4.842655e-02
3.632525e+02
9.147812e+01
2.497453e+03
5.779635e+02
2.794274e+02
1.000000e+00
7.578101e-05
7.875765e-01
1.587961e-02
8.650175e+01
1.566386e+04
2.992347e-02
1.857925e-04
7.981014e-01
2.085060e-01
1.576787e-03
3.852781e+06
7.892629e-04
8.569230e+03
1.517953e+00
5.780767e+04
7.984841e+02
2.120169e-02
3.258107e-03
2.351410e+00
7.453287e-01
8.087007e+00
4.056085e+00
1.611941e-01
2.516730e+00
2.131269e+02
1.924659e-01
1.327243e+01
1.411302e-02
3.046637e+02
2.342069e+00
4.438088e-03
1.452057e-03
2.596923e-04
8.907637e-02
2.409022e+02
1.386948e-02
5.064078e+03
5.712680e-02
1.498325e+00
2.413101e+00
4.231838e-02
1.434573e-01
2.186184e+02
2.197220e-03
2.674978e+04
5.379495e-03
1.551167e-02
9.969602e-03
9.864409e-01
8.290335e-03
5.168886e+00
9.074406e-02
4.532145e+02
9.488364e-04
1.658184e+02
7.164439e+00
3.874475e+01
1.439707e+00
9.002622e-05
1.655624e-03
1.603267e-02
3.500000e-07
1.179910e+00
5.629744e-01
2.403629e-05
1.961852e-01
1.941002e+00
4.884478e+02
