3.931091e-02
2.003167e+02
3.976134e+01
4.238413e+01
2.755772e+01
1.119503e+02
1.558108e+00
3.195345e-05
4.310500e-03
3.628808e-03
4.915729e+00
6.504147e+03
4.524519e+00
1.512473e-03
1.909276e-02
7.025840e-03
3.488862e-01
1.869186e+06
1.075986e-03
1.736569e+02
7.109138e-02
8.034697e+03
7.000704e+00
8.919028e-01
3.385983e-03
3.217589e-01
1.874032e+01
1.293446e+02
9.459872e+00
1.014639e+01
3.535184e-01
1.316043e+04
6.888307e+01
1.850170e+01
5.220983e-01
5.937488e+01
1.292434e+00
1.791548e-03
1.233933e-03
2.895304e-05
1.033227e+00
1.791824e+03
1.763698e-03
2.272871e+02
2.301334e+00
5.882483e-02
9.284419e-01
2.214661e-02
6.032869e-01
1.478124e+03
1.281945e-01
5.134450e+02
6.949001e-02
5.788106e-02
6.916500e-03
5.198177e+00
1.616629e+00
2.420974e-01
4.509462e+00
4.180780e+00
7.616844e-02
7.453687e+00
1.335509e-01
6.134638e-02
1.740703e+00
1.187728e-04
6.050216e-04
6.936605e-04
2.772974e-05
1.745249e-02
6.084489e-02
3.511100e-05
3.877054e-03
1.498629e+00
4.719026e+02
