4.128616e-02
1.908055e+04
9.861465e+02
1.019224e+01
3.259226e+01
4.540308e+02
1.413168e+00
1.261290e-02
2.760033e-04
1.035172e-03
1.395247e+01
1.506483e+05
1.398180e+02
1.101308e-02
1.960625e-03
7.046790e-04
5.290980e-01
8.079824e+05
5.648117e-01
3.099041e+04
7.119629e-02
4.307831e+03
1.582791e+01
7.216527e+00
3.371762e-02
3.963036e+00
1.079774e+01
2.738754e+04
1.898994e+01
8.837660e+02
1.409577e+01
5.861516e+05
5.677522e-01
4.110830e+02
4.398983e+00
5.032738e+01
1.109483e+00
2.591906e-03
1.137075e-03
1.507917e-03
4.083342e+02
1.206228e+03
2.063690e-05
1.884951e+04
1.844329e+00
1.775150e-03
7.567743e-01
2.397362e-01
1.547246e+01
5.283211e+01
4.627199e-01
6.224431e+02
1.193317e-02
4.748885e-02
2.195135e-05
5.008780e+02
5.045984e+00
8.992800e-03
6.719512e-01
1.575875e+01
5.001212e-04
1.066232e-01
6.653675e+01
5.469748e-02
2.683593e+00
1.755274e-02
8.878632e-05
6.865304e-02
9.269770e-04
1.490828e-03
1.587834e-02
5.925511e-05
2.743578e-01
1.674440e+00
1.180205e+03
