2.597903e-01
1.178133e+03
3.379480e+01
5.065788e+01
2.614384e+01
3.753623e+01
1.966627e+00
2.351936e-04
2.879772e-03
3.847807e-02
2.395810e+01
4.061611e+04
6.281535e-02
3.322524e-03
2.106398e-01
1.679149e+00
5.477472e-03
8.842503e+04
1.247677e-03
3.986824e+01
1.986618e-01
1.158907e+05
4.440898e+00
7.696383e-02
1.718248e-02
2.062162e-01
2.907581e+02
6.720391e+02
3.463192e+01
3.610040e+02
8.965301e-02
1.132653e+04
7.580041e+00
6.088578e+00
1.393181e+00
2.386742e+01
2.263068e+00
4.555683e-03
8.945787e-04
5.189150e-03
1.370852e+00
3.589350e+03
2.390141e-04
6.369638e+02
8.679854e+00
1.409562e-02
2.210245e+00
4.520156e-01
2.410720e-01
2.905186e+03
2.452727e-01
1.089890e+04
4.423506e-02
9.960395e-03
4.349875e-03
1.848084e+02
1.566778e-01
3.320901e-02
2.120748e-01
1.412156e+00
7.900829e-04
2.014053e+01
1.706040e+00
4.519046e+00
1.083560e+00
4.677080e-05
3.383009e-04
2.637633e-02
3.384654e-06
1.499179e-03
8.804679e-02
1.132775e-04
3.440835e-01
1.518675e+00
1.896475e+02
