3.687128e-02
2.661639e+02
4.999982e+01
2.004154e+01
2.171041e+02
2.261374e+01
1.567506e+00
1.777557e-05
2.108334e-02
2.922594e-03
1.181761e+01
2.127937e+04
5.992408e+00
1.411658e-03
6.402976e-02
4.106931e-02
3.733861e-01
1.812228e+06
4.074400e-03
1.279485e+03
1.247814e-01
2.121465e+04
2.388205e+00
4.529798e-01
1.932000e-02
7.420356e-02
2.234218e+01
8.018229e+02
1.327940e+01
2.068715e+00
2.026666e+00
1.860650e+04
6.464202e+00
2.164977e+01
1.932479e-01
1.018374e+02
1.730357e+00
2.367695e-03
7.972245e-04
3.734693e-05
1.373188e+01
3.708294e+03
4.880640e-04
2.301845e+02
9.169529e-01
6.490732e-02
1.053198e-01
6.067862e-01
3.801658e+00
3.066764e+03
1.856983e-01
7.681344e+02
2.253940e-01
1.875729e-02
2.216099e-03
1.353117e+01
8.884881e-02
1.464243e-01
2.209357e+00
2.507397e+02
1.745390e-02
3.183868e+00
1.699935e+01
1.299172e-01
1.642208e+00
4.189002e-05
7.220823e-04
4.762819e-03
7.072468e-05
4.766844e-03
6.833107e-01
2.322965e-05
4.207347e-03
1.787285e+00
7.127590e+02
