6.846318e-02
3.806478e+03
3.125649e+01
6.516882e-01
5.952012e+02
1.048817e+01
1.734989e+00
5.640629e-06
6.766163e-03
7.991080e-03
1.570131e-01
8.027685e+04
7.896564e-02
4.836967e-02
6.009657e-04
3.320081e-02
7.979676e-01
1.178876e+06
2.994072e-01
9.982267e+01
2.526066e-01
3.163185e+03
2.468754e+01
3.523004e-01
4.451297e-02
5.887556e-03
1.636216e+00
5.762063e+01
7.625285e+01
5.335743e+02
2.488235e-01
1.633723e+06
4.106967e+00
5.206852e+02
3.910269e-02
7.778293e+00
1.989609e+00
1.444726e-03
3.263598e-02
4.938113e-04
1.359767e+02
2.093551e+03
1.088357e-05
7.859543e+02
2.008104e+00
3.419350e-02
5.881261e-02
5.228364e-01
3.454292e+00
5.227750e+01
2.012446e-03
2.004746e+01
1.823585e-03
2.876674e-02
1.475521e-03
2.178722e-01
3.710218e+01
4.738971e-02
6.552498e-01
2.802567e+02
5.835232e-01
3.672136e+01
2.481694e-02
6.127184e-01
3.315366e+00
3.486577e-05
2.345846e-02
2.580671e-02
6.439256e-04
5.925589e-04
1.402963e+00
5.450796e-06
7.407944e-03
1.514950e+00
1.042839e+03
