1.307798e-01
5.778795e+02
5.742349e+00
3.691655e+02
4.775486e+01
7.029264e+01
1.780982e+00
9.633290e-05
2.361666e-02
1.463467e-03
2.674323e+02
4.920355e+03
2.971121e-01
4.163619e-04
1.600571e-02
3.615352e-02
2.072291e-03
4.813575e+06
1.153751e-02
1.639349e+03
7.804795e+00
5.943770e+04
6.116006e+01
1.616168e-01
1.269168e-03
2.079861e-01
2.697330e+00
8.098708e+01
2.864848e+00
5.610033e-01
7.138957e-02
7.285463e+03
3.991057e+00
3.179294e+00
7.876857e-02
2.237837e+02
2.054120e+00
2.509963e-03
1.125602e-02
2.371667e-05
2.910661e+00
3.218624e+03
2.716720e-04
1.363560e+03
1.568141e-01
1.998046e-01
2.990869e-01
4.843180e-02
3.781133e-02
5.400493e+02
1.480906e-02
3.954929e+03
7.126101e-02
1.753635e-02
4.187085e-03
1.175950e+01
2.245228e-01
2.254929e+00
5.360371e-01
4.772077e+01
5.171343e-02
3.866943e+01
2.547399e+00
2.489589e+00
2.099540e+00
1.238433e-04
9.041828e-04
4.310064e-03
1.314951e-05
1.057543e-01
5.877515e+00
1.627445e-05
7.370193e-02
1.595070e+00
1.638088e+02
