2.496422e-01
1.737948e+02
2.840524e+01
3.080409e+01
5.540743e+01
1.668839e+02
1.134205e+00
2.196341e-03
4.115393e-04
4.665232e-05
5.425032e+00
9.101076e+02
5.317642e+00
2.448020e-05
5.253466e-02
3.154468e-03
1.513450e-01
9.181580e+06
1.196157e-03
3.555486e+02
2.050670e-01
2.047168e+06
2.501616e+00
1.558459e+00
7.698009e-03
3.953424e-02
9.719729e+00
1.214180e+03
6.185943e-01
6.291873e-01
1.463106e-01
6.558890e+03
2.103176e+00
5.830982e+01
1.069311e-01
7.877847e+01
1.377889e+00
2.011168e-03
1.040022e-03
9.173187e-05
1.331807e+00
2.121259e+03
2.069103e-03
1.300134e+02
9.476229e-01
1.005350e-01
2.005161e+00
9.598557e-02
2.257970e-01
2.495755e+03
8.908612e-01
1.501542e+02
2.201814e-02
4.255249e-02
2.233909e-04
2.996437e+00
1.496113e+01
7.134332e-01
2.672236e+00
4.056288e+01
4.835324e-03
2.811581e+00
2.620500e-02
7.414771e-01
2.934981e+00
2.345348e-05
1.089358e-01
1.069914e-03
5.086681e-05
2.911873e-03
4.359414e-02
9.036940e-06
9.020715e-03
1.425305e+00
1.369586e+02
