7.100813e-01
4.612227e+03
4.868435e+02
1.066632e+03
6.498621e+01
4.197244e+01
2.649291e+00
2.887569e-06
9.161061e-03
6.298150e-02
5.875876e+01
1.469792e+03
1.601978e+00
1.069596e-04
2.315486e-02
1.120441e-03
1.320083e-01
7.105295e+05
4.983806e-03
3.230866e+02
3.595698e-01
5.257345e+04
1.471720e+01
4.724814e+01
3.561354e-02
9.921208e-01
3.144250e+01
9.628101e+02
1.902858e+01
3.715463e+02
7.141471e-01
7.486880e+05
5.435127e+00
5.572579e+00
2.617650e+01
1.182869e+01
2.538036e+00
7.928775e-04
1.230882e-03
8.685147e-06
7.337504e+00
2.438329e+02
7.979506e-04
6.455255e+03
1.591382e+01
1.263703e-01
1.419052e+00
5.393996e-01
4.898304e+01
1.931441e+04
2.264759e+00
4.377291e+02
3.782043e-03
9.949452e-01
1.006491e-02
5.265445e+02
2.657967e+01
2.623420e+00
1.766403e+01
6.933648e+01
1.883487e-01
1.839810e+02
7.209489e+01
7.120831e-02
2.085217e+00
3.125145e-05
1.745861e-02
1.932403e-03
2.450470e-05
8.576352e-02
3.305979e-01
6.683559e-05
4.225451e-03
2.053014e+00
2.147424e+02
