1.223898e-01
6.005926e+02
2.269076e+02
2.669870e+02
1.485252e+02
1.328951e+01
1.835559e+00
2.131485e-04
2.101703e-01
2.716410e-02
1.352039e+01
6.216590e+05
1.145413e+00
1.429042e-03
1.491580e-03
3.936194e-03
6.386050e-01
3.026993e+06
1.068898e-01
2.688885e+02
2.510298e-01
1.629686e+05
1.265551e+02
3.951742e+00
2.435723e-02
1.801403e+00
6.662540e+02
9.863495e+02
2.010359e+01
2.841766e+02
7.114071e-02
7.072238e+04
7.490041e+01
2.229925e+01
2.521792e+00
5.753187e+01
2.015652e+00
1.374074e-01
8.728002e-04
5.544568e-05
5.053961e+01
3.206082e+04
3.720011e-04
1.223984e+02
3.481311e+01
3.831634e-01
8.462804e-02
1.026938e-01
2.306435e-01
1.967958e+05
3.955253e+00
2.681336e+02
1.484720e-01
1.647082e-01
2.174880e-03
4.643217e+01
3.089633e+01
5.431106e-01
1.029067e+00
2.055176e+01
2.977053e-02
6.339912e+01
2.367407e+01
1.349258e+00
2.296223e+00
5.309953e-06
8.732159e-04
2.744239e-03
4.845587e-04
8.479173e-02
1.728929e+00
3.464731e-05
6.980195e-02
1.901725e+00
3.106621e+02
