8.375877e-01
4.324718e+02
6.733588e+01
1.472996e+02
5.437222e+00
9.882804e+01
2.235917e+00
3.726061e-03
6.015095e-04
7.816215e-04
3.161438e+00
3.854881e+04
5.593385e-01
6.604709e-05
1.133871e-01
8.480867e-03
2.743297e-02
7.051676e+05
1.162645e-01
1.052168e+03
3.914339e-02
1.345437e+04
1.688726e+02
3.978423e+00
8.380285e-04
1.094742e-01
1.837794e+00
3.159640e+02
1.863285e+00
1.367349e+01
3.412660e-02
7.938460e+02
6.698324e+00
7.966213e+01
2.042231e-01
1.257851e+04
1.327033e+00
1.033106e-02
5.453041e-04
2.495081e-05
6.217854e-01
6.216613e+03
2.661729e-05
3.752082e+01
1.617052e+01
1.369063e-02
1.071023e-01
2.142204e+00
3.869003e-02
1.360074e+04
2.417938e-02
2.883754e+02
3.571697e-02
2.295317e-02
4.884693e-05
3.048316e+00
6.050496e+00
4.386838e-02
1.473168e+00
7.770567e+00
1.815375e-01
7.420609e+01
1.514047e-02
8.076462e+00
1.353429e+00
7.437542e-04
6.612442e-04
2.499919e-04
1.829084e-05
2.750267e-03
8.043238e-02
3.382242e-05
5.225237e-03
1.926944e+00
1.029993e+02
