2.366188e-02
1.820365e+04
8.360311e+00
4.166265e+00
5.164363e+00
9.778350e+01
2.544070e+00
3.671558e-04
3.860658e-03
3.174332e-04
1.135494e-01
2.348718e+05
2.775360e+02
3.512247e-02
3.311458e-01
8.847899e-01
2.244193e+00
1.977697e+07
8.399179e-05
7.102368e+00
1.835926e-01
8.290810e+05
1.490460e+02
1.397828e-02
5.309033e-03
2.830144e+00
5.579174e+00
8.089896e+02
4.016968e+00
4.548164e-01
2.366834e+00
1.003245e+06
5.731353e+02
1.012499e+01
2.351596e+01
5.903921e+02
1.239270e+00
4.388581e-03
1.294706e-03
5.667212e-04
3.173752e+01
7.530122e+05
2.997006e-02
9.786693e+01
1.028486e-01
2.037758e+00
1.256451e+00
1.375948e+00
7.995080e-02
4.990214e+04
1.010769e+00
1.947029e+04
9.514515e-03
5.468068e-01
3.478668e-02
2.192835e+02
3.425656e+00
1.284252e+01
1.172963e+02
3.872141e+00
7.597817e-03
1.534794e+00
1.658512e+01
8.101074e-01
1.334343e+00
3.568834e-06
8.386210e-02
1.990158e-01
9.566469e-04
1.051381e+00
7.077784e-01
1.604171e-05
1.882886e-04
1.294258e+00
1.425219e+04
