2.015465e-01
2.838186e+03
1.353329e+01
1.077374e+01
1.045561e+01
8.142336e+01
1.775130e+00
1.566868e-04
2.920811e-02
8.419224e-03
1.855284e+00
3.240428e+03
1.210237e+00
3.087841e-03
1.943531e-02
1.006308e-02
9.880025e-01
1.637303e+05
7.677049e-04
2.476719e+02
1.968541e+00
4.693551e+03
2.124659e+02
5.963929e+00
8.430269e-03
2.238674e-01
2.255826e+00
1.244230e+02
2.717932e+00
1.646002e+00
4.752689e-01
1.545025e+05
2.712684e+00
6.628657e+01
8.662994e-02
1.606284e+01
1.527597e+00
1.605270e-03
2.762443e-03
1.055321e-04
6.542529e-01
7.039184e+02
6.793525e-04
4.122437e+02
5.311574e-01
3.455319e-03
6.929678e-01
1.509032e-01
5.322480e-02
3.242616e+04
4.354860e-01
2.736141e+01
3.660999e-02
1.347711e-01
4.019897e-04
8.320174e+01
1.938345e+01
1.465122e+00
1.838146e+01
2.373243e+01
4.262019e-03
2.595182e+00
2.148874e-02
1.153531e+00
1.472789e+00
1.329413e-04
8.086376e-05
1.081122e-01
1.048320e-04
4.844617e-03
7.638118e-02
8.785776e-06
3.949914e-02
2.609420e+00
4.472898e+02
