3.120982e+01
5.575437e+02
2.308683e+01
2.326803e+00
1.798393e+03
2.176448e+00
2.893817e+00
3.170874e-05
7.542291e-03
2.108094e-04
8.562720e-01
2.420296e+04
5.344956e+01
1.136561e-01
5.330848e-02
1.074210e-02
1.122061e+01
8.329505e+04
6.124137e-05
1.645395e+02
2.823099e+01
5.328705e+03
1.471682e+00
5.164685e-01
1.362189e-03
6.468677e-03
3.494233e+00
1.519881e+04
6.362007e+01
9.078925e+00
4.529936e-01
7.880117e+05
4.109045e+02
6.514008e+00
8.578539e+00
8.968833e+03
1.187278e+00
2.977061e-03
1.564657e-03
3.615360e-03
3.490623e+01
7.468194e+03
3.593073e-05
5.285524e+04
9.101500e-02
1.578382e-03
5.665932e-03
1.332498e+01
1.540472e+00
3.992061e+01
8.680296e-04
6.809056e+01
7.834431e-04
4.162910e+00
7.366930e-05
1.341389e+02
6.860205e-03
7.633520e-02
8.564072e+01
1.053710e+01
1.646825e+00
1.216888e+02
5.309001e-01
1.562977e-02
1.838114e+00
2.494859e-02
2.751019e-04
3.791509e-02
1.069823e-04
1.989880e+00
5.033288e+00
2.137521e-05
2.735511e-02
1.000000e+00
2.186276e+00
