1.602038e-01
2.477983e+03
1.966185e+01
9.822934e+00
5.659997e+01
3.292896e+01
1.600174e+00
2.241496e-04
9.785822e-03
6.406991e-04
2.133865e+00
2.630249e+04
1.210213e+00
3.683612e-03
5.511933e-02
3.859769e-02
1.187741e-01
3.538765e+05
4.043813e-04
1.200776e+02
2.605662e-01
7.846782e+03
3.074214e+01
1.910723e+00
7.902499e-03
1.502416e-01
1.840571e+01
4.117058e+02
1.426689e+00
4.196105e+00
2.233038e-01
9.748665e+03
2.845170e+00
7.558169e+00
5.213735e-02
1.467887e+02
1.451592e+00
1.720059e-03
1.292408e-03
2.229727e-05
9.701592e-01
6.860512e+03
3.622871e-04
4.784835e+02
1.228091e+00
5.637669e-02
3.730684e-01
3.544935e-02
3.050096e-01
2.675402e+04
3.201765e-01
1.197274e+02
1.432343e-02
2.428863e-02
1.135537e-03
1.269799e+01
1.345287e+00
1.549096e+00
1.361757e+01
9.718163e+00
2.724453e-03
3.567028e+00
1.995906e-01
2.342125e-01
1.247398e+00
1.013208e-04
1.488152e-04
6.497952e-03
1.302718e-04
5.181242e-03
4.080231e-01
6.207146e-06
7.085722e-04
2.083031e+00
5.468861e+02
