5.332614e-03
1.270346e+02
1.347228e+02
1.459582e+02
2.563746e+03
1.316348e+02
1.222088e+00
8.174158e-04
5.368780e-03
3.390440e-05
1.233831e+01
2.430571e+03
4.511806e-01
2.278702e-05
1.627510e-02
9.976375e-04
1.705702e-03
3.931690e+05
2.582803e-04
2.544140e+02
2.162391e+01
2.371242e+05
2.980658e+01
5.482058e-01
7.882877e-01
3.991504e+00
4.264308e+00
7.163872e+03
4.301105e-01
2.797777e-01
4.731949e-02
5.085684e+05
2.950629e+00
4.127021e+02
9.900943e-01
9.377420e+00
1.653408e+00
1.645493e-01
9.283395e-04
4.662457e-04
4.576730e+00
8.094569e+04
1.248322e-02
4.641762e+03
1.281360e+01
4.801300e-01
1.984519e+01
5.752867e+00
2.802441e-02
1.296518e+05
1.584137e+00
1.786503e+01
5.335302e-03
2.495269e-01
1.645390e-03
8.639335e+00
1.647689e-02
4.870327e-01
3.248962e+01
2.053302e+02
4.019853e-04
1.654244e+02
6.321371e+01
2.468483e-02
2.600567e+00
2.004461e-02
1.692919e-03
4.571018e-05
3.876218e-04
5.078525e-02
8.172213e-01
5.778855e-05
2.051053e-01
2.415340e+00
3.280591e+03
