4.223686e-01
1.562696e+03
2.276212e+01
5.326808e+01
4.775698e+01
2.040181e+02
2.067837e+00
1.462331e-04
3.391173e-02
2.939450e-03
9.226638e+00
3.647698e+04
3.908727e-01
2.887242e-04
1.856457e-01
6.365778e-02
2.299145e-01
6.214489e+05
4.510021e-04
3.922992e+02
7.927685e-01
5.597068e+05
4.526540e+01
7.607226e+01
1.006295e-01
9.338812e-02
4.777115e+01
1.693475e+04
6.198231e+00
9.605101e+00
1.041070e-01
1.050142e+04
2.771501e+01
3.192083e+01
5.895797e+00
3.003403e+02
1.751105e+00
1.870827e-03
1.181251e-03
4.091916e-05
9.621934e+00
1.415193e+04
7.598285e-04
1.911461e+03
3.439507e+00
2.789631e-01
3.396408e-01
1.796371e+00
1.957271e+00
6.264954e+03
2.537894e-02
1.456854e+03
4.357493e-02
9.524344e-02
3.192326e-04
1.219220e+02
1.202220e+00
5.996386e-02
2.903571e+01
9.212440e+00
6.642877e-03
5.192543e+00
1.586607e+01
7.697440e-01
1.842266e+00
2.928801e-04
2.905188e-03
2.356239e-03
2.273500e-04
1.220885e-02
5.396979e-01
2.805874e-05
1.018741e-01
2.552857e+00
2.226057e+02
