2.355067e+00
9.216931e+03
5.781456e+02
1.922437e+03
5.610524e+01
4.349803e+01
2.775766e+00
3.113963e-06
8.710867e-03
4.557006e-02
1.173483e+02
1.186859e+03
2.165429e+00
6.076736e-05
2.261966e-02
8.598381e-04
1.573529e-01
5.730098e+05
2.564799e-03
4.353464e+02
4.814837e-01
6.798749e+04
2.115688e+01
4.553873e+01
3.852607e-02
1.428472e+00
4.161004e+01
1.488464e+03
5.056949e+01
4.607683e+02
8.054308e-01
9.963268e+05
7.285241e+00
9.084241e+00
2.557901e+01
1.208101e+01
2.617511e+00
8.260226e-04
1.647686e-03
7.686998e-06
7.511171e+00
5.491940e+02
7.512214e-04
1.043083e+04
1.874426e+01
2.342723e-01
4.451471e+00
1.315294e+00
4.189580e+01
2.878980e+04
3.689222e+00
7.862697e+02
3.807476e-03
1.622481e+00
1.392767e-02
9.103858e+02
3.071884e+01
2.859397e+00
2.149159e+01
4.783426e+01
2.933608e-01
4.764184e+02
5.522623e+01
5.732101e-02
2.160566e+00
5.582307e-05
3.735902e-02
2.111532e-03
2.034913e-05
1.240185e-01
6.708195e-01
1.166605e-04
3.417522e-03
2.133988e+00
1.996341e+02
