9.903878e-01
1.218651e+04
1.697881e+03
8.223519e+01
2.924109e+03
2.597600e+01
2.165231e+00
2.304341e-04
3.757636e-03
2.607977e-02
7.985859e+01
2.977522e+06
6.549907e+00
4.586470e-03
5.178390e-01
7.046790e+00
1.118321e+01
7.355987e+03
2.075234e-01
3.878377e+04
1.031682e-01
1.956735e+06
3.297200e+02
1.256488e-01
6.078964e-01
6.287097e+00
6.741420e+00
3.870072e+01
6.103094e+02
2.862415e+01
3.798205e-02
7.478345e+02
3.684409e-01
1.216226e+01
7.633038e-01
2.035700e+01
2.872897e+00
1.461914e-02
9.696668e-04
3.171158e-05
2.112484e+00
3.438835e+03
2.597714e-03
5.168393e+01
6.396760e-01
4.097733e+00
2.664037e+00
4.144704e-02
9.808102e-01
3.293449e+05
5.897747e-03
3.836933e+02
4.783487e+00
1.708871e-03
1.670815e-01
8.889555e+02
3.822813e+00
1.671781e-02
2.743538e+01
2.659483e+03
9.895265e-02
2.443076e+01
1.979543e+01
3.116340e-01
1.372369e+00
8.005600e-03
1.191956e-04
2.613860e-03
2.096867e-03
4.109381e-03
5.135433e-03
2.296650e-03
1.641261e-02
3.890913e+00
3.763668e+02
