9.542843e+00
1.481490e+03
3.650196e+00
1.288091e+02
2.908147e+01
2.753308e+00
1.178526e+00
1.964537e-04
4.074409e-01
1.419866e-02
3.110580e+00
9.531279e+04
8.124622e-01
8.908335e-05
1.861246e-03
8.137175e-04
4.560975e-03
1.855446e+04
1.775295e-02
1.605229e+04
1.247336e-01
2.951607e+06
6.106610e-01
1.102019e+00
8.641722e-02
5.554513e+00
2.003046e+00
1.088549e+01
4.564173e+02
1.438559e+01
1.803798e+00
1.917928e+04
3.679048e-01
4.541824e+01
5.468412e-02
1.300631e+03
1.723595e+00
2.513348e-03
1.456413e-02
1.483002e-05
1.169773e+02
1.735859e+04
1.007568e-02
8.267457e+01
1.810318e-01
7.403238e-01
8.176197e-01
4.880580e-03
3.238463e+00
1.800693e+03
6.808340e-02
6.062038e+01
1.678209e-01
2.026432e-03
9.536616e-02
2.725585e+01
3.293274e+00
5.964111e-01
6.480208e-01
3.757385e+01
6.251064e-04
5.540913e+02
8.128545e-02
7.835863e-01
2.552239e+00
9.452501e-05
1.716672e-03
1.937913e-01
1.073663e-05
4.181674e-01
6.758123e-03
5.588626e-05
3.171194e-01
1.661342e+00
4.249606e+00
