5.869512e-01
6.238017e+02
9.628504e+00
1.322591e+01
1.098424e+00
1.690474e+00
3.801439e+00
8.021876e-04
3.011320e-03
1.245747e-05
4.201694e+00
2.567708e+04
2.182736e+00
3.357697e-04
4.564404e-04
3.622488e-03
1.576787e-03
9.084836e+04
3.185906e-02
9.666012e+00
1.318687e+00
8.741123e+05
6.906594e+01
9.139399e-03
1.750964e-02
4.384097e-02
4.263993e-01
5.271052e+01
3.342117e+00
7.476310e-01
5.232187e-01
2.331154e+03
1.029816e+03
7.737820e-01
3.537234e+00
5.502589e+00
3.079202e+00
1.047223e-02
1.052624e-03
2.833349e-03
1.114846e-01
1.750587e+02
1.693679e-05
5.434228e+02
2.188501e+00
2.107220e-02
1.768628e-02
1.755868e-03
9.099687e-03
3.992061e+01
7.671746e-04
2.823405e+04
1.926024e+00
5.116820e-04
1.337660e-03
3.733317e+00
6.860205e-03
9.562042e-01
5.717117e-01
2.167195e+01
1.646825e-04
1.370222e+02
1.750456e-01
1.152294e-01
1.255047e+00
2.704880e-06
1.484796e-02
3.392255e-05
1.090764e-03
1.989880e-04
3.662630e-01
4.130000e-07
1.700401e-03
2.109193e+00
6.024469e+01
