6.514579e-01
4.109887e+03
1.776759e+01
1.665240e+02
1.251161e+02
1.180085e+03
1.466686e+00
1.588771e-04
3.010216e-03
2.035115e-03
7.687190e+00
2.605153e+06
2.189414e+01
3.486173e-04
1.157358e-01
5.380941e-02
3.204938e-02
2.184136e+05
1.891668e-04
2.433578e+02
3.712850e+00
8.454310e+05
9.279490e+02
1.405357e+00
1.179946e-01
2.929818e-02
3.228428e-01
1.008669e+03
7.145694e-01
2.064689e+01
2.523384e+00
2.029542e+04
1.274151e+01
3.723260e+02
7.150036e-02
2.130415e+03
1.839520e+00
1.184591e-03
4.895111e-03
2.206420e-04
3.479882e+00
8.793769e+04
6.319294e-05
2.782757e+03
9.159545e-02
1.836063e-01
1.020873e+00
1.394718e-01
9.940239e-01
2.768564e+05
2.880075e-03
3.724829e+04
1.744462e-03
8.819737e-04
2.980671e-03
8.064536e+00
9.881370e-02
1.837566e-01
3.648465e-01
1.518496e+02
7.071786e-02
1.260657e+02
1.468846e+00
6.276082e-02
2.146749e+00
1.539418e-04
5.620236e-05
6.613282e-03
1.181203e-04
2.723970e-03
8.988835e-03
1.294212e-06
4.416088e-02
1.566201e+00
2.364133e+02
