1.098755e-01
6.096366e+02
7.995562e+00
5.692589e-01
6.070295e+01
2.294517e+01
1.556460e+00
5.566529e-04
1.520667e-03
2.077170e-04
4.987916e-01
2.482802e+04
2.379751e+01
2.113223e-03
4.944410e-02
3.751125e-02
3.827097e-02
3.074259e+06
5.280616e-03
7.754403e+02
2.400210e-01
8.443867e+03
3.210123e+02
6.231314e+00
9.396200e-02
1.915420e+00
8.444538e+00
6.543616e+02
2.082214e+01
2.267717e+01
4.706170e-02
3.652471e+04
1.045502e+01
5.177619e-01
1.415647e+01
3.020196e+01
1.320155e+00
5.410459e-03
8.330870e-04
5.454702e-05
5.147233e+01
3.307484e+04
5.220219e-03
1.779565e+03
2.477377e+00
5.733223e-02
1.970708e-01
2.531440e-01
2.514240e-01
6.199132e+03
1.099579e+00
2.159955e+04
1.524017e-01
3.980773e-03
7.192114e-04
4.700688e+01
9.662338e-01
3.026449e-01
1.748951e+00
1.077018e+02
1.368817e-02
1.262207e+02
1.543064e+00
1.038544e+00
1.542201e+00
2.282938e-04
3.511018e-03
7.750215e-04
3.674391e-05
2.018981e-01
1.289100e-01
2.185043e-05
1.566990e-01
1.747483e+00
2.588617e+02
