4.205350e-01
1.041361e+03
2.129492e+01
7.326313e+01
7.652671e+01
1.467266e+02
2.180257e+00
9.455207e-05
4.397673e-02
3.551517e-03
8.162217e+00
3.452140e+04
3.847731e-01
4.159073e-04
1.430455e-01
9.384382e-02
2.142153e-01
4.456548e+05
5.626521e-04
4.953710e+02
6.698132e-01
3.876979e+05
4.408114e+01
3.599012e+01
1.691738e-01
2.065355e-01
5.542262e+01
1.128198e+04
6.599937e+00
1.144593e+01
1.985679e-01
6.506475e+03
2.043849e+01
3.544284e+01
1.067701e+01
3.527780e+02
1.812893e+00
3.471418e-03
8.339681e-04
3.736137e-05
1.679014e+01
2.639920e+04
6.800098e-04
1.286961e+03
3.534554e+00
3.489291e-01
3.195521e-01
1.549300e+00
2.184962e+00
5.855553e+03
2.626684e-02
1.783149e+03
4.112041e-02
7.054867e-02
4.439981e-04
9.324570e+01
7.048100e-01
6.844438e-02
1.483763e+01
7.158103e+00
1.202245e-02
5.276035e+00
2.601512e+01
8.974448e-01
1.791982e+00
2.257111e-04
1.737169e-03
3.365047e-03
1.610889e-04
9.979178e-03
6.551083e-01
3.721001e-05
9.615141e-02
2.631516e+00
1.789591e+02
