9.071367e-02
3.885594e+02
3.239709e+01
2.369545e+01
7.897152e+00
5.656605e+01
1.676475e+00
2.208633e-04
3.290319e-03
1.076926e-03
2.269239e+00
6.772421e+03
1.082224e+00
3.184041e-03
1.700361e-02
1.037713e-02
4.060667e-02
2.243299e+06
8.710534e-03
2.241909e+02
2.547758e-01
6.240598e+04
1.521277e+01
3.301477e-01
2.107082e-02
2.313767e-02
2.223214e+01
8.393033e+02
2.195617e+00
2.498505e+01
1.518395e-01
1.198257e+04
3.842734e+00
5.514375e+00
4.765523e-01
5.615641e+01
1.492970e+00
3.162536e-03
6.729979e-04
5.709939e-05
5.572552e+00
6.657163e+03
4.531437e-04
1.467316e+02
8.376965e-02
1.568507e-01
7.740505e-01
1.356182e-02
1.603394e-01
8.916539e+03
2.336343e-02
5.872572e+02
4.669733e-02
1.338469e-02
2.665392e-03
1.415420e+01
8.128903e-01
1.811274e-01
1.282872e+00
7.454841e+00
1.372461e-02
1.791092e+00
6.068451e-01
2.324635e-01
1.885718e+00
3.297602e-04
2.457104e-03
4.718121e-03
2.226007e-05
2.273914e-01
5.526156e-02
1.747907e-06
5.468049e-03
1.838947e+00
2.539046e+02
