1.019342e-01
6.919570e+02
2.530196e+01
2.730513e+01
1.623447e+02
5.486228e+01
2.053203e+00
1.426422e-04
8.934045e-03
7.685865e-04
2.034421e+00
6.248629e+03
5.534879e+00
5.249944e-04
1.679794e-02
3.413187e-02
4.640061e-02
1.361788e+06
3.544528e-03
4.248363e+02
2.573766e-01
6.070930e+04
1.372449e+01
6.241865e+00
9.618601e-02
4.612822e-01
2.891247e+01
1.904870e+03
7.256109e+00
6.891582e+00
3.311653e-01
2.454729e+04
1.649204e+01
9.276199e+00
6.752264e-01
1.221319e+01
1.487907e+00
2.474095e-03
8.628415e-04
9.194529e-05
8.861001e+00
4.702124e+03
7.484940e-04
3.174755e+02
1.534036e+00
3.039272e-01
1.862467e-01
6.935367e-02
8.764972e-01
7.964461e+03
4.221126e-02
3.285948e+02
8.662140e-02
7.137878e-02
8.886117e-04
8.391265e+00
9.111503e-01
5.071004e-01
1.659553e+01
6.783384e+01
4.820224e-03
3.449425e+00
2.103250e+00
4.330390e-01
1.675409e+00
1.590887e-04
5.832891e-04
6.572350e-03
2.079310e-04
1.733118e-02
2.554806e-02
2.363067e-05
8.879018e-03
1.775857e+00
3.055248e+02
