1.173484e-01
2.913560e+02
2.823501e+01
1.455638e+01
6.283176e+00
3.618307e+01
1.699719e+00
2.330236e-04
2.626122e-03
1.693526e-03
1.721141e+00
7.112048e+03
2.284298e+00
2.754846e-03
1.830212e-02
1.003655e-02
5.142357e-02
1.861623e+06
9.389296e-03
2.090552e+02
2.675702e-01
7.203956e+04
1.457880e+01
2.954323e-01
1.754606e-02
2.414541e-02
2.176197e+01
6.127185e+02
2.199127e+00
1.709530e+01
1.303536e-01
1.081779e+04
5.192494e+00
7.829721e+00
4.405819e-01
1.527408e+02
1.406887e+00
2.869483e-03
6.694096e-04
7.576388e-05
6.095192e+00
3.702148e+03
2.592903e-04
1.451151e+02
7.157864e-02
1.751836e-01
1.132159e+00
1.568538e-02
1.910530e-01
5.652039e+03
2.929802e-02
8.969964e+02
6.788200e-02
1.124947e-02
2.290983e-03
1.266243e+01
3.983133e-01
1.401604e-01
1.347704e+00
5.391773e+00
1.240119e-02
3.221497e+00
2.455580e-01
2.176696e-01
1.785879e+00
3.101286e-04
4.505650e-03
4.731126e-03
2.644696e-05
1.219709e-01
6.315671e-02
3.165839e-06
2.916687e-03
2.108353e+00
2.060598e+02
