2.873847e-01
1.537584e+02
2.676668e+01
2.551683e+01
5.037182e+01
4.231315e+01
1.499205e+00
1.009611e-04
2.190762e-03
7.757009e-04
6.484556e-01
4.155217e+04
8.618829e-01
3.605012e-04
4.627815e-03
3.144838e-02
2.785735e-01
1.286425e+06
3.780430e-03
1.329716e+02
8.897505e-01
5.212365e+04
4.913652e+01
1.602527e+00
8.049706e-03
9.358701e-02
1.274201e+01
2.500236e+03
4.140751e-01
1.437270e+00
2.233343e-01
5.409248e+03
2.475978e+00
3.642044e+01
7.715649e-02
1.153805e+02
1.581468e+00
2.368153e-03
3.467747e-03
2.157199e-04
2.365977e+00
2.399467e+03
1.572431e-04
4.295131e+02
7.081528e-01
3.782201e-03
1.110515e+00
1.749010e-01
1.730053e-01
1.798112e+03
4.083163e-02
1.681636e+02
1.821359e-01
9.539821e-03
6.168737e-04
2.234501e+01
4.088609e-01
2.253077e-01
2.680930e+00
1.174353e+01
8.725979e-03
2.699351e+00
1.894765e-01
7.017139e-01
1.553854e+00
5.537661e-04
1.469663e-03
4.563526e-04
1.012970e-05
1.040676e-02
7.484244e-02
2.942764e-04
5.301166e-02
1.857834e+00
1.201938e+02
