4.054979e-02
3.070415e+04
3.645098e+00
6.430878e+00
1.422269e+01
1.977141e+02
2.773514e+00
3.131811e-04
4.498404e-03
6.812993e-05
6.631916e-01
3.317239e+05
2.387260e+02
1.897591e-02
3.946656e-01
1.925879e+00
8.634258e+00
1.705682e+07
2.029907e-04
7.305196e+01
1.142879e-01
1.056815e+06
3.406793e+01
1.052445e-02
1.170221e-02
2.429127e+00
1.604671e+01
2.536717e+03
3.745968e+00
1.650822e+00
2.565717e+00
2.072387e+06
9.621951e+02
5.122023e+00
5.150113e+00
4.317206e+02
1.121912e+00
3.831412e-03
1.192632e-03
3.676541e-04
2.126253e+02
3.386645e+05
5.973150e-02
8.773076e+01
1.103958e+00
4.757697e+00
6.545784e-01
4.781051e+00
2.450719e-01
2.572954e+04
4.342848e-01
4.640045e+04
8.405013e-03
4.015740e-01
3.657679e-02
7.961979e+01
1.542406e+01
3.836579e+00
2.335459e+02
4.532078e+01
4.771323e-03
2.356951e+00
3.181595e+00
1.633926e+00
1.458880e+00
1.032518e-05
7.843763e-02
2.448164e-01
1.477282e-03
9.543476e-01
1.353776e+00
2.356950e-05
7.120081e-04
1.324565e+00
2.186276e+04
