4.278180e-01
1.485416e+03
2.343629e+01
5.557451e+01
6.242276e+01
1.356894e+02
2.053919e+00
1.391331e-04
3.851094e-02
2.407015e-03
8.646240e+00
4.965752e+04
3.076177e-01
3.948935e-04
2.066154e-01
8.988800e-02
2.233829e-01
5.482188e+05
5.191624e-04
3.944984e+02
5.591064e-01
4.904253e+05
3.664903e+01
4.627424e+01
1.112381e-01
1.545135e-01
5.267571e+01
1.345944e+04
5.871926e+00
1.066664e+01
1.608371e-01
6.340864e+03
2.935308e+01
2.574221e+01
7.504971e+00
3.120829e+02
1.813368e+00
2.102630e-03
8.616967e-04
3.098779e-05
1.129753e+01
1.749898e+04
8.299646e-04
1.524883e+03
3.779025e+00
3.593976e-01
3.589086e-01
1.653979e+00
1.534711e+00
5.970520e+03
2.154579e-02
1.321171e+03
2.931390e-02
7.542804e-02
3.390146e-04
1.007344e+02
8.551953e-01
5.833573e-02
2.191268e+01
7.457287e+00
7.779332e-03
4.515552e+00
2.032815e+01
7.154985e-01
1.780571e+00
2.669424e-04
1.554118e-03
2.581974e-03
1.925859e-04
1.379207e-02
6.653862e-01
3.148426e-05
7.996621e-02
2.465517e+00
1.893059e+02
