3.162887e-01
9.266112e+02
2.432547e+01
7.241643e+01
6.663717e+01
9.393512e+01
1.975327e+00
9.045749e-05
5.149635e-02
4.061869e-03
5.491767e+00
3.831997e+04
3.492622e-01
1.961259e-04
1.343958e-01
4.393744e-02
1.330538e-01
4.885783e+05
4.226116e-04
5.062479e+02
9.048631e-01
2.947091e+05
5.062552e+01
4.685647e+01
1.799745e-01
3.468180e-01
3.267076e+01
5.947095e+03
8.453024e+00
1.183368e+01
2.283925e-01
1.065039e+04
1.396022e+01
2.790934e+01
3.578156e+00
2.982497e+02
1.794842e+00
2.814275e-03
1.062837e-03
4.894351e-05
1.432995e+01
2.163789e+04
6.398830e-04
1.534591e+03
4.345676e+00
2.681265e-01
2.429615e-01
1.521250e+00
1.301680e+00
4.111056e+03
2.346798e-02
9.250253e+02
2.176755e-02
5.986741e-02
6.547694e-04
9.629446e+01
5.928350e-01
7.588156e-02
1.583807e+01
1.135484e+01
1.140084e-02
4.707743e+00
1.394332e+01
8.060362e-01
1.785182e+00
1.846512e-04
1.360734e-03
6.379163e-03
1.141161e-04
6.804499e-03
5.871694e-01
3.058203e-05
8.724485e-02
2.338838e+00
1.373380e+02
