9.770896e-01
9.867352e+02
1.258309e+02
7.370675e+01
1.102266e+02
7.258947e+01
2.231431e+00
8.307586e-04
6.623372e-03
3.056858e-03
5.850698e+00
2.578796e+04
6.358666e+00
4.947786e-03
4.578399e-02
2.901300e-02
4.551218e-01
8.525627e+06
5.924631e-04
2.408414e+03
9.671797e-01
1.477617e+05
4.783807e+00
2.674734e+00
4.316108e-02
2.161129e-01
5.959379e+01
6.409283e+03
4.500865e+00
4.300273e+01
3.692960e-01
3.555866e+04
1.200172e+00
6.742615e+01
1.068465e-01
2.355542e+02
1.793250e+00
2.822334e-02
9.854430e-04
2.418695e-04
6.252038e+00
2.605666e+03
2.261049e-04
2.539965e+02
1.447463e+00
1.107487e+00
1.032139e+00
8.601300e-02
1.761655e+00
1.985056e+04
1.871065e-01
1.303158e+03
4.956324e-01
2.250292e-01
9.238297e-03
1.715341e+01
1.063529e+00
1.408306e+00
4.838925e+00
4.314991e+01
3.612336e-02
1.182894e+01
7.633008e-01
2.052200e-01
1.972046e+00
1.192645e-03
2.218824e-03
1.200059e-02
6.676261e-05
2.847582e-02
9.792839e-02
5.327120e-05
4.063693e-02
2.187711e+00
8.621797e+01
