1.504286e-01
1.946119e+03
1.980660e+01
1.102340e+01
5.576650e+01
3.319924e+01
1.623989e+00
2.101112e-04
9.347783e-03
5.390727e-04
2.029503e+00
2.061878e+04
1.802019e+00
3.241174e-03
6.442811e-02
3.099473e-02
1.108861e-01
5.533254e+05
3.938114e-04
1.425699e+02
2.885603e-01
1.097518e+04
2.919096e+01
1.725689e+00
8.509138e-03
1.761430e-01
1.980641e+01
3.605505e+02
1.201811e+00
3.826638e+00
2.042151e-01
9.872808e+03
2.455267e+00
6.334457e+00
5.548451e-02
9.531106e+01
1.428192e+00
1.878947e-03
1.394684e-03
2.563309e-05
1.053143e+00
6.765204e+03
3.473684e-04
3.167037e+02
1.241435e+00
6.291753e-02
3.176305e-01
2.683452e-02
2.954948e-01
3.079150e+04
4.461087e-01
1.519116e+02
1.600368e-02
3.311537e-02
1.520511e-03
9.630827e+00
1.347528e+00
1.724660e+00
1.529750e+01
1.416265e+01
3.011650e-03
3.736358e+00
1.523634e-01
2.358884e-01
1.252166e+00
8.880666e-05
2.861403e-04
8.102012e-03
1.341367e-04
4.352690e-03
3.503597e-01
8.445907e-06
6.579687e-04
2.021867e+00
5.410461e+02
