9.613481e-01
8.574223e+01
1.000834e+00
1.625042e+01
1.825519e+01
1.690474e+00
1.525700e+00
1.812090e-03
7.579114e-04
7.054329e-05
1.416327e-01
5.007301e+05
2.992347e-02
1.172165e-05
3.632203e-04
3.144282e-03
6.926904e-01
5.383618e+04
5.751390e-04
2.405726e+01
1.036052e+00
1.133731e+03
2.398284e+00
1.921885e-02
2.592506e-04
3.186219e+00
1.923118e-01
8.214736e+02
2.322284e+00
2.798122e-01
1.364309e-01
6.458550e+05
2.596120e-01
4.406242e+01
6.085119e-01
9.122480e+03
1.011178e+00
9.383466e-02
5.727970e-02
4.737335e-04
2.790319e+01
4.939885e+03
2.886381e-04
2.029015e+04
1.745848e+02
7.037924e+00
5.106863e+00
1.556250e-01
2.666779e+00
3.490187e+04
9.752359e-02
5.532886e+03
9.374621e-03
5.116820e+00
6.697666e-03
1.190642e+02
6.428791e-01
7.287725e-01
8.473370e+01
2.659483e+03
1.399031e-03
1.341131e+02
1.346222e-01
2.866045e+00
1.007248e+00
2.704880e-02
1.562499e-04
1.008447e-03
3.419711e-04
5.584482e-04
1.776723e+01
2.718363e-03
2.304319e-03
1.830209e+00
1.207324e+01
