1.103794e+00
1.706227e+03
3.992419e+01
1.832071e+01
6.198991e+00
5.724239e+01
1.841572e+00
1.057738e-05
2.434258e-03
3.158617e-02
2.365754e+00
7.497632e+04
6.785709e+00
7.105613e-04
1.600225e-01
4.869503e-03
2.698945e-02
3.686939e+06
2.384925e-02
2.230369e+02
1.174470e-01
3.785226e+05
4.937705e+01
1.735291e+00
5.268059e-02
3.820241e-02
4.645873e+01
1.388934e+02
7.506416e-01
3.672244e+01
3.012827e+00
5.897873e+04
2.507548e+00
6.533359e+01
1.791071e+00
3.007922e+02
1.467801e+00
2.016222e-02
8.681490e-04
9.464363e-05
1.605831e+00
1.091219e+03
9.728780e-04
1.397659e+02
1.203596e+00
4.476775e-01
4.379534e+00
3.613755e-02
3.904595e+00
8.075905e+03
3.216407e-01
1.008565e+04
4.520851e-02
7.599824e-02
8.837306e-04
2.871197e+01
1.536466e+00
3.286106e-02
6.215222e-01
4.082425e-01
8.394691e-03
3.156168e+00
3.701859e+00
2.306529e-01
1.648911e+00
1.260860e-05
5.792049e-03
1.477576e-04
5.717758e-05
7.851350e-02
7.305880e-02
9.486755e-06
4.169403e-03
2.783106e+00
1.224160e+02
