9.367850e-01
4.348795e+03
8.389272e+01
1.341031e+02
1.920311e+01
6.621747e+01
1.555629e+00
3.642941e-04
2.467394e-03
2.016222e-03
1.634513e+02
6.639842e+04
1.022174e+02
1.758047e-03
1.022798e-02
3.257543e-01
4.146702e-02
9.066178e+05
4.075508e-02
3.212661e+02
6.551201e-01
2.521944e+04
3.697275e+01
1.057844e+00
8.789282e-02
9.928402e-02
1.214147e+02
9.668448e+02
3.066347e+01
7.667177e+01
1.220667e+00
4.541845e+05
9.335839e+01
7.081464e+01
1.124066e-01
2.994852e+03
2.003859e+00
1.020236e-02
8.110450e-04
3.230433e-04
5.624134e+01
2.201477e+04
5.082171e-03
1.330877e+02
1.798488e+00
8.976432e-03
6.768263e-01
2.719555e-02
4.210887e-01
1.112361e+04
5.924788e-02
8.784361e+03
3.763797e-01
3.570570e-02
2.811856e-03
7.979347e+00
1.980769e-01
2.184627e-01
1.685871e+00
1.168603e+02
1.233918e-02
1.538025e+00
5.225126e-01
3.931574e-01
1.240305e+00
7.754166e-04
7.238788e-04
3.268613e-02
1.153360e-03
5.839491e-03
4.930842e-01
7.651802e-06
2.602620e-02
2.543213e+00
2.511741e+02
