3.428484e+01
7.984241e+03
2.637515e+02
2.771593e+03
3.202908e+01
1.246021e+01
3.346824e+00
2.932650e-05
4.741467e-02
2.922359e-02
1.170455e+01
3.418048e+06
1.600696e+00
1.374047e-03
3.779151e-02
5.145796e-02
1.576787e+01
7.355987e+07
5.191199e-01
2.917618e+01
1.049201e+00
6.641785e+04
3.653560e+01
2.399567e-01
2.486664e+00
2.065894e-01
5.210411e+00
3.213200e+02
1.400948e+01
4.158402e+01
5.185298e+01
3.347501e+05
9.369964e+01
1.504397e+03
1.836894e-01
2.761512e+02
1.704947e+00
5.060573e-02
1.863567e-03
2.668096e-05
5.313726e+01
6.556270e+03
5.575892e-02
9.487058e+03
1.563204e+01
7.037924e+00
5.452852e+01
1.332498e+01
9.099687e+01
3.992061e+05
6.018980e-01
3.150408e+03
1.056979e+00
5.116820e+00
2.399898e-03
8.716404e+01
1.633363e+01
3.489678e+00
3.762881e+01
2.659483e+03
5.762607e-03
1.761575e+00
8.197600e-01
7.760144e+00
2.044451e+00
2.236476e-05
2.210030e-05
5.897864e-03
1.006963e-03
1.989880e+00
3.969506e+01
1.423875e-05
1.659605e-02
4.000000e+00
1.841769e+01
