1.306403e+00
4.768850e+02
8.492917e+00
2.392942e+00
8.825010e+00
1.556578e+03
1.829767e+00
2.815306e-04
2.417137e-02
2.825149e-02
1.542380e+00
5.963865e+03
6.670436e+00
3.463443e-04
9.836186e-03
3.580212e-02
9.510018e-02
7.258649e+05
5.610486e-03
1.142522e+04
1.099220e+00
3.989455e+04
3.361739e+01
4.257827e-01
1.089301e-01
9.199276e-02
2.800201e+02
1.037689e+03
7.133756e+01
4.557426e+00
2.334445e-01
3.254222e+05
5.953780e+00
2.736522e+01
4.556811e-01
4.170492e+00
1.209410e+00
8.174141e-03
9.290401e-04
3.505958e-06
9.546122e-01
4.478106e+03
6.680488e-04
3.526810e+02
9.414615e-02
2.650247e-02
2.441909e-01
6.762844e-02
5.086298e-01
1.444650e+04
1.316207e+00
4.171570e+02
4.646246e-03
8.177791e-03
7.885381e-04
1.680990e+01
6.986591e-01
1.272056e-01
1.114187e+00
2.930501e+00
4.204350e-03
1.522003e+02
3.834177e-01
2.456857e-01
1.649098e+00
4.491065e-05
9.966792e-04
1.771066e-02
5.322857e-05
2.448159e-03
2.794359e-02
4.138919e-05
3.145607e-03
1.288516e+00
5.890318e+01
