1.059771e-02
1.741750e+03
3.784055e+01
2.222113e+02
1.160606e+01
3.789910e+00
1.183776e+00
1.248345e-03
1.052393e-04
1.158992e-03
1.063187e+02
3.418048e+06
2.908229e+00
2.340694e-04
1.400027e-01
1.601282e+00
1.797285e+00
1.146969e+07
5.648117e-01
5.059488e+03
1.211833e+01
2.951607e+06
1.306265e+01
5.495346e-01
1.302181e-02
1.456457e-01
6.509168e+00
1.605375e+03
5.173071e+00
1.892670e+01
1.780782e-01
4.408248e+03
1.074633e+02
3.653762e-01
6.552142e-03
2.757407e+02
1.652305e+00
3.284434e-01
3.537230e-04
3.095961e-04
1.141579e+02
7.626748e+02
4.065639e-04
2.554642e+02
1.120502e+01
2.729551e-01
5.649918e-01
2.927683e+00
4.153877e-01
6.728158e+02
3.713740e-03
4.470074e+01
6.621303e-02
3.582063e-03
1.262128e-02
1.339065e+00
1.893240e+01
4.450309e-03
2.968120e-01
2.659483e+03
6.518500e-02
4.534891e+01
6.551400e+01
1.248025e+00
3.475774e+00
1.805745e-02
3.168110e-02
2.133411e-02
3.419996e-04
1.989880e+00
2.499790e-01
2.343583e-04
4.118572e-03
4.000000e+00
1.274186e+02
