7.939515e-02
5.158430e+02
2.942414e+01
2.952710e+01
1.655338e+02
4.708825e+01
2.057952e+00
1.375924e-04
1.240606e-02
5.872046e-04
1.713714e+00
7.825144e+03
5.878766e+00
6.835264e-04
1.748900e-02
4.018627e-02
4.659180e-02
1.537406e+06
3.501012e-03
4.477847e+02
2.786075e-01
6.164962e+04
1.515217e+01
5.428212e+00
9.221403e-02
4.691256e-01
2.619349e+01
1.623205e+03
5.384172e+00
7.130395e+00
3.678828e-01
2.771359e+04
1.702141e+01
1.070361e+01
9.994261e-01
9.236538e+00
1.475366e+00
1.598020e-03
8.172103e-04
6.541573e-05
7.795965e+00
3.806676e+03
6.826160e-04
3.498882e+02
1.633210e+00
1.792107e-01
3.000152e-01
7.831525e-02
6.822072e-01
9.202159e+03
4.265613e-02
3.679075e+02
1.034134e-01
7.001515e-02
9.692106e-04
9.739261e+00
9.851054e-01
5.672256e-01
2.050545e+01
8.518408e+01
6.539862e-03
2.686008e+00
2.027069e+00
3.737571e-01
1.616619e+00
2.191232e-04
8.905307e-04
3.835731e-03
1.940634e-04
2.219923e-02
2.020963e-02
3.450135e-05
9.652141e-03
1.852834e+00
3.316536e+02
