1.283648e-02
5.841295e+01
4.641817e+01
1.047494e+03
1.928158e+03
2.620183e+01
1.071023e+00
6.051787e-06
4.666554e-04
1.438503e-02
4.013813e+00
6.332575e+03
3.910756e-01
2.536877e-04
5.018728e-01
7.857782e-02
1.444946e-01
2.089523e+04
1.438453e-04
4.711928e+00
7.933974e-01
7.138830e+02
2.007522e+00
1.353652e+01
5.555698e-01
3.043173e+00
1.336519e+01
2.729418e+03
1.544813e+02
1.575212e+01
1.832582e-01
3.820489e+05
5.164843e+02
9.185573e+00
5.485708e+00
5.863722e+02
1.045497e+00
2.800995e-02
2.041565e-03
9.279092e-06
3.241511e-01
1.071852e+03
1.741586e-03
6.243100e+01
3.075704e-02
3.020795e-03
1.543374e-02
3.660920e-01
6.209644e-02
3.264451e+03
4.306246e-02
3.415549e+04
2.149494e-02
1.002206e-01
1.252789e-03
2.303778e+01
4.186749e+00
1.917438e-01
1.313355e+02
5.177399e+01
1.994110e-03
5.317331e+00
2.679092e-02
1.326899e+00
2.416404e+00
2.453997e-03
8.858589e-03
2.806926e-02
1.569682e-05
3.224025e-04
1.510348e-01
1.377408e-05
2.024016e-03
1.782666e+00
7.449616e+00
