1.537686e+00
4.421987e+03
2.142017e+01
5.847116e+01
2.416143e+02
1.560548e+02
1.727981e+00
1.433174e-04
4.988193e-03
7.617169e-05
2.244178e+01
4.633039e+04
2.286484e+02
1.109546e-04
3.383736e-02
2.946441e-03
7.399098e-03
2.224022e+06
2.136866e-02
2.069481e+04
1.800067e+00
6.257028e+04
4.873921e+01
2.881698e-02
2.591462e-02
8.684203e-02
3.068975e+01
1.018148e+04
2.864735e+00
9.813091e+01
4.033679e-01
1.538378e+04
4.848465e+01
2.715036e+02
1.015623e+00
2.075486e+03
1.792897e+00
4.778159e-03
5.803395e-04
1.537172e-04
4.693364e+00
1.655946e+04
6.461034e-04
2.402133e+02
1.286067e+00
1.638963e-01
3.697236e-01
1.472056e-03
2.616943e+00
5.556197e+03
3.472905e-01
4.957295e+04
2.829035e-02
2.203720e-03
2.466583e-05
2.142620e+00
6.264551e+00
8.735571e-02
2.886964e+00
5.712142e+00
1.578255e-02
5.274118e+00
1.837502e-02
4.349889e+00
2.156115e+00
1.432781e-04
1.024765e-02
2.119467e-04
6.517645e-05
7.979538e-03
3.022115e+00
4.096357e-06
1.199921e-02
2.306482e+00
1.155290e+02
