2.064645e-01
2.734123e+03
1.568155e+01
1.116015e+01
1.166592e+01
6.386494e+01
1.762019e+00
1.720034e-04
3.382037e-02
5.989173e-03
1.568800e+00
3.201520e+03
1.263921e+00
2.474672e-03
1.660044e-02
8.591477e-03
6.458439e-01
1.807373e+05
5.745827e-04
1.763653e+02
2.082962e+00
4.239071e+03
2.192043e+02
4.621143e+00
5.791046e-03
1.655221e-01
1.871238e+00
1.043115e+02
2.822123e+00
1.541819e+00
4.068462e-01
1.683673e+05
4.093544e+00
4.377538e+01
7.189863e-02
9.469471e+00
1.545416e+00
1.219132e-03
2.028185e-03
1.389502e-04
7.614616e-01
5.086628e+02
6.274014e-04
4.347829e+02
5.188805e-01
2.652520e-03
6.904146e-01
9.339184e-02
3.748690e-02
2.897753e+04
4.223775e-01
2.605576e+01
2.066928e-02
1.215508e-01
3.283170e-04
4.500378e+01
2.414949e+01
1.284544e+00
2.031442e+01
2.212146e+01
4.230264e-03
1.903641e+00
1.314390e-02
9.253794e-01
1.346098e+00
1.363469e-04
9.227781e-05
1.012244e-01
1.020627e-04
3.433446e-03
9.696379e-02
1.355796e-05
2.970800e-02
2.554042e+00
4.372491e+02
