4.286247e-01
1.067631e+03
1.347313e+01
2.689780e+01
3.020168e+00
6.010163e+01
1.412078e+00
3.035614e-04
1.241771e-02
5.292838e-03
1.226680e+00
1.493483e+04
2.524356e+00
1.457901e-04
5.516819e-02
1.498830e-02
2.482584e+00
3.426163e+04
3.074786e-04
1.872109e+02
5.851189e+00
1.581571e+04
2.241942e+02
1.505055e+00
2.496122e-03
1.021501e-01
3.510523e+00
8.216956e+02
2.542096e+00
2.260447e+00
3.050615e-01
7.296160e+04
2.224815e+00
3.161111e+01
3.871069e-02
4.947359e+00
1.690058e+00
8.372384e-04
2.572638e-03
9.401949e-05
9.514852e-01
8.333960e+02
2.692603e-04
1.412232e+03
2.187891e-01
1.184242e-02
2.404107e-01
1.495428e-02
3.866872e-02
1.990691e+04
1.702459e-01
8.830678e+01
2.448610e-02
3.088860e-01
4.643437e-03
4.588185e+01
1.502779e+01
8.104669e-01
2.171812e+01
1.483481e+02
5.687223e-03
1.129690e+00
2.349531e-02
1.698652e-01
1.313035e+00
7.030456e-05
4.510341e-05
8.192387e-02
1.562285e-04
3.463048e-03
1.429945e-01
2.622220e-06
1.350898e-01
1.612967e+00
1.430687e+02
