1.381138e+00
3.070415e+04
1.949872e+03
2.994074e+03
8.490836e+01
3.053586e+01
3.593490e+00
4.484104e-06
1.098443e-02
7.209835e-02
3.972268e+02
5.291423e+03
4.640817e+00
8.716625e-05
1.799241e-02
1.738612e-03
2.145268e-01
2.117161e+06
7.160058e-03
3.920698e+02
9.624215e-01
4.133347e+04
3.420094e+01
4.914924e+01
2.482835e-02
1.200943e+00
3.430148e+01
6.379990e+02
3.798429e+01
1.499181e+03
8.204666e-01
1.338649e+06
7.197308e+00
2.485232e+01
5.816371e+01
1.767025e+01
3.208808e+00
1.424353e-03
8.641525e-04
9.976028e-06
1.140649e+01
1.051127e+03
3.311000e-03
1.439359e+04
1.126224e+02
2.208895e-01
1.552873e+01
1.487582e+00
9.099687e+01
3.888707e+04
7.671746e+00
8.142865e+02
2.151851e-03
5.116820e+00
1.170891e-02
1.580784e+03
6.860205e+01
2.796741e+00
4.222427e+01
2.919771e+01
2.190088e-01
9.544308e+02
2.754871e+01
1.026485e-01
1.524213e+00
1.670047e-05
7.685888e-02
3.669662e-03
9.782416e-05
1.351009e+00
4.417692e+00
6.170898e-04
3.573060e-03
3.026732e+00
3.196955e+02
