5.106965e-03
3.224916e+02
1.452722e+01
7.227453e-01
1.963111e+01
2.799546e+02
2.461710e+00
4.905755e-05
3.308377e-03
5.657719e-04
2.247284e+00
3.457089e+03
9.582340e+01
2.119061e-04
1.746291e-02
3.765770e-02
6.040034e-02
4.002048e+06
9.316521e-03
1.791881e+02
2.272679e-01
5.043515e+04
3.812434e+00
1.261090e+00
8.461954e-02
5.557521e+00
2.250416e+02
3.479542e+02
3.400256e+01
1.612952e+01
3.249815e-01
5.930581e+04
3.716722e+00
3.054616e+00
2.854402e+00
3.841827e+01
1.460817e+00
8.488001e-02
1.133132e-03
1.475388e-05
1.271020e+01
5.814617e+03
2.162342e-04
1.767829e+01
1.758181e-01
9.200603e-03
1.077935e-01
4.396457e-02
2.451194e-01
5.867956e+03
7.420325e-01
8.501796e+01
5.203611e-01
7.096798e-02
3.708178e-03
5.148875e+00
2.936232e-01
6.551961e-01
2.596814e+00
6.006624e+02
2.823604e-02
1.666079e+01
1.486562e-01
2.736058e+01
2.575866e+00
1.317122e-03
1.863852e-03
1.495786e-02
2.544483e-05
2.376610e-03
1.189223e-02
1.966009e-04
3.225139e-03
1.722112e+00
2.818750e+03
