1.720751e-01
2.277295e+02
2.323458e+01
1.697002e+01
4.763130e+01
5.215231e+01
1.395787e+00
1.163635e-04
1.930898e-03
7.192642e-04
3.919555e-01
2.033793e+04
6.810155e-01
2.162983e-04
6.423561e-03
2.717745e-02
2.254471e-01
8.080281e+05
2.882602e-03
8.140723e+01
9.243723e-01
7.141805e+04
2.912976e+01
9.945427e-01
5.264509e-03
1.410291e-01
1.487156e+01
2.406630e+03
3.035723e-01
9.531310e-01
1.733254e-01
4.887973e+03
1.849793e+00
1.816365e+01
7.231445e-02
9.807498e+01
1.572603e+00
1.893251e-03
2.412157e-03
7.729718e-05
1.282483e+00
1.513571e+03
1.912532e-04
2.411640e+02
1.054722e+00
1.799232e-03
7.695396e-01
1.456456e-01
2.093015e-01
1.294508e+03
4.821212e-02
6.992479e+01
1.354419e-01
1.237499e-02
6.414111e-04
8.546496e+00
5.219763e-01
2.550919e-01
1.050738e+00
1.409539e+01
4.944752e-03
3.154994e+00
1.141001e-01
1.549799e+00
1.457424e+00
4.255894e-04
2.885693e-03
6.790572e-04
9.029598e-06
1.080474e-02
1.023684e-01
1.841732e-04
2.256566e-02
1.678087e+00
1.355304e+02
