1.283430e-01
4.862685e+03
1.313986e+01
2.865618e+01
6.998242e+01
3.032582e+02
1.944355e+00
2.691185e-04
1.649707e-02
1.417487e-04
3.344094e+01
7.414537e+02
5.787518e+00
1.033193e-02
2.017163e-02
1.448816e+00
1.375752e-01
2.485038e+04
1.601794e-02
4.023090e+02
3.738624e-01
2.567238e+04
2.207235e+01
4.538795e+00
6.517853e-03
4.407776e-02
1.948898e+02
3.625854e+02
6.361488e+01
1.049266e+00
1.360416e+01
9.497325e+05
3.917432e+01
1.408863e+00
1.103242e+00
1.446192e+02
1.458017e+00
2.884744e-03
3.543548e-04
2.205621e-04
1.235566e+01
1.200483e+05
4.249712e-03
9.727180e+00
1.015930e-01
1.853090e+00
1.435606e+01
4.641620e-02
1.710710e+00
1.365343e+02
1.114364e-01
4.692249e+02
5.519893e+00
2.062220e-01
1.201298e-04
1.186038e+02
2.864686e-01
1.100522e-01
8.700563e-01
1.419160e+01
1.424722e-03
6.497086e+01
1.157921e+01
1.304968e+00
1.331719e+00
2.072066e-03
5.071928e-04
1.001245e-02
3.565802e-04
9.720351e-01
4.781969e-01
7.149371e-05
1.340275e-02
2.713964e+00
7.288473e+02
