1.182656e-02
1.391880e+03
2.008653e+01
1.382810e+02
2.765582e+02
2.290537e+02
1.464142e+00
1.937105e-04
2.907322e-03
1.367077e-03
1.140240e+02
3.296192e+03
8.147981e-01
2.075047e-03
4.258243e-02
1.433918e-01
2.804578e-01
1.867708e+07
4.178624e-04
1.057504e+02
1.661099e-01
2.524817e+05
3.217839e+02
1.108894e-01
3.563614e-03
1.288622e-01
7.769330e+00
1.649119e+01
1.115762e+01
1.797180e+00
3.964143e+00
6.578499e+03
6.536972e+02
4.326949e+00
2.227649e+01
1.677261e+02
1.438054e+00
9.972312e-02
1.304213e-03
8.158882e-05
1.071824e+02
4.875622e+03
7.172442e-03
1.292475e+01
4.506239e+00
7.752314e-02
3.802363e-01
8.939306e-01
1.390912e-01
2.306864e+03
1.672231e-02
3.787399e+02
2.699049e-01
2.413951e-02
1.680518e-03
4.035558e+01
2.452651e-01
2.822907e+00
2.038187e+01
1.029697e+01
8.091921e-04
4.704840e+00
4.238714e+00
1.789170e-01
1.553299e+00
5.157662e-05
1.704202e-03
5.253621e-03
5.637508e-07
2.128605e-01
2.682065e+00
3.823217e-03
2.098020e-03
2.146290e+00
1.574690e+03
