1.945637e+00
1.200849e+02
3.159163e+01
2.431671e+02
1.400412e+03
3.690836e+00
3.712784e+00
3.059578e-04
8.766971e-02
1.129915e-03
1.831607e+01
1.146891e+04
1.255141e-01
8.613017e-03
2.085657e+00
1.183253e-01
1.582546e-01
3.953174e+05
7.857022e-05
2.136587e+02
1.795874e-02
8.540206e+02
3.480254e+01
8.753549e-01
4.084647e-02
1.086574e-01
2.032062e+00
1.778324e+03
3.224025e-01
2.593533e+01
1.687396e-01
8.336359e+03
5.969846e+02
1.713680e+02
2.466846e-01
2.073376e+02
1.630651e+00
6.535556e-02
4.452810e-04
3.288501e-05
3.480862e+02
6.848476e+05
2.127777e-05
3.798038e+01
7.764602e+01
3.320330e-01
1.197250e-02
2.662752e-03
1.089806e-01
3.331825e+05
5.924122e-03
3.361992e+01
7.131280e-01
1.279453e-03
2.336507e-03
5.948848e+00
1.683883e-01
1.063840e+00
5.425173e-01
9.948328e-01
5.183114e-02
6.764268e+02
5.839426e-01
9.887883e-01
1.253846e+00
9.086031e-05
1.193737e-04
1.681334e-01
3.572155e-05
5.230776e-03
2.650559e+01
9.772814e-04
4.451127e-04
2.021783e+00
2.540521e+01
