1.674072e-01
1.022307e+03
1.055725e+01
2.387723e+01
8.815016e+00
6.985966e+01
1.558360e+00
2.416268e-04
7.254063e-03
6.445331e-03
5.311106e+00
7.908494e+03
2.082181e+00
2.038989e-03
1.787120e-02
2.117050e-02
4.135177e-02
3.839466e+05
8.501092e-03
4.095724e+02
4.498868e-01
1.933794e+04
2.669886e+01
5.735243e-01
5.087782e-02
8.521281e-02
6.261429e+00
3.966067e+02
2.251134e+00
2.338448e+01
2.045199e-01
6.130006e+04
7.013799e+00
3.696474e+00
9.308487e-02
2.191311e+01
1.322690e+00
5.971007e-03
8.426500e-04
2.588582e-05
1.441572e+01
2.647544e+04
7.015856e-05
3.289613e+02
3.119580e-01
4.686318e-03
1.528626e-01
1.249013e-01
5.636314e-01
7.825195e+03
1.090219e-01
1.592783e+03
4.649430e-01
1.825002e-02
5.567521e-04
4.227154e+00
4.475906e-01
9.751226e-01
1.330429e+00
1.115985e+01
6.871479e-03
1.600708e+01
8.959389e-01
1.504225e+00
1.129427e+00
1.756551e-04
9.477113e-04
4.766456e-04
3.273945e-05
1.061601e-02
1.439028e-01
2.135669e-05
2.155928e-03
1.578852e+00
2.622032e+02
