3.315378e-01
1.441927e+03
1.684331e+01
4.159785e+01
5.487089e+01
4.410815e+02
1.545215e+00
2.161952e-04
2.654854e-03
5.088723e-03
8.704347e+00
1.227001e+04
4.290687e-01
2.442093e-04
5.527110e-03
2.313264e-01
1.058635e+00
2.395632e+06
2.712340e-02
4.496934e+01
7.634062e-01
1.805533e+05
6.071319e+00
3.969294e-01
5.019252e-01
2.752539e-01
1.842260e+01
2.556485e+03
1.392598e+01
4.101346e+01
5.027126e+00
2.811126e+04
1.752320e+00
2.557926e+00
5.296363e+00
4.427337e+03
2.734352e+00
1.946455e-02
6.001380e-04
4.383991e-05
4.145029e+01
1.695994e+04
1.011628e-02
1.509007e+02
4.980768e+00
1.577977e-01
7.955192e+00
2.276005e-01
4.098174e-01
2.186360e+03
1.132172e-02
3.297250e+03
3.194868e-01
2.423898e-01
7.444991e-05
5.009944e+00
8.718189e-01
7.489334e-01
1.073952e+00
1.557018e+02
1.301516e-02
4.899470e+00
2.091048e+00
2.219661e+00
2.259646e+00
5.338726e-04
2.733790e-04
1.982531e-03
6.066843e-05
2.843147e-03
2.566375e-01
3.765205e-05
8.828934e-04
2.951145e+00
1.832599e+02
