2.892991e-01
8.768653e+02
3.101465e+01
3.286507e+01
2.406017e+01
5.655257e+01
2.019709e+00
1.161919e-04
2.196655e-03
3.249500e-04
1.547969e+01
1.000061e+06
7.677658e-01
4.514440e-04
1.908146e-02
9.577597e-02
2.166408e-01
1.596621e+05
2.010067e-03
3.379079e+02
2.967883e+00
6.460665e+04
2.800460e+01
6.934573e-01
2.440558e-02
1.812831e-02
3.630334e+01
2.973855e+03
3.367009e+01
2.775742e+01
7.217531e-01
5.336362e+03
7.696773e+00
2.417296e-01
3.358547e-01
2.796090e+03
2.037637e+00
5.387574e-03
8.131228e-04
7.131960e-05
5.176056e+01
2.616242e+04
3.896368e-04
3.800223e+02
4.497681e-01
4.884624e-02
4.323163e-01
2.337227e-01
2.345198e+00
1.455560e+03
1.467327e-01
1.540743e+03
1.739972e-02
3.128296e-01
5.100260e-04
8.419316e+01
5.585498e-01
1.054047e+00
3.700114e+00
1.336183e+01
1.225887e-01
3.765184e+00
4.305493e+00
7.653486e-01
1.375407e+00
9.939093e-04
2.120143e-02
1.246332e-03
2.735680e-04
7.447644e-03
1.098645e-02
1.287145e-04
9.425687e-03
2.217499e+00
1.853940e+02
