1.265580e-02
3.172166e+02
1.379590e+01
6.380307e+01
1.528280e+02
4.250016e+02
1.487705e+00
1.639827e-04
1.488136e-03
9.119726e-04
1.063221e+02
1.181159e+03
2.738888e-01
8.340733e-04
5.246646e-02
1.266946e-01
2.763490e-01
8.452926e+06
1.752171e-04
2.855006e+01
5.222753e-02
1.470191e+05
1.201025e+02
2.805417e-02
1.714735e-03
1.116141e-01
5.377352e+00
2.051331e+01
5.876124e+00
1.144616e+00
2.512541e+00
1.585585e+03
4.471468e+02
2.119529e+00
4.816321e+00
5.797430e+01
1.564635e+00
2.530168e-02
3.506569e-04
2.591020e-05
7.404811e+01
2.691833e+03
8.309832e-03
5.814140e+00
2.399659e+00
2.871553e-02
2.604636e-01
4.286799e-01
8.019146e-02
1.255205e+03
1.167606e-02
4.536602e+02
1.925754e-01
1.112914e-02
1.913035e-03
4.605987e+01
4.468279e-01
1.671857e+00
1.162469e+01
3.311865e+00
5.445916e-04
4.650638e+00
5.690933e+00
5.294506e-02
1.546581e+00
2.187220e-05
2.728107e-03
3.178328e-03
4.703864e-07
2.267093e-01
3.732226e+00
4.051598e-03
1.578379e-03
2.126902e+00
1.071525e+03
