1.335897e-02
1.193130e+03
1.236631e+01
3.471388e+02
2.128248e+02
4.950341e+02
1.903290e+00
2.701981e-04
1.616436e-03
8.062475e-04
9.609906e+01
1.010687e+04
2.436767e+00
1.828319e-03
6.701014e-02
3.023170e-01
2.906108e-01
6.002001e+07
1.251347e-03
3.704316e+01
7.920898e-02
5.409270e+04
1.460792e+02
3.100583e-02
4.160970e-03
1.163699e-01
1.331086e+01
9.179006e+01
2.395278e+01
2.140006e+00
2.168688e+00
1.643212e+04
1.931584e+02
2.352518e+00
4.256713e+01
1.077848e+03
1.520015e+00
1.245133e-01
3.783524e-04
1.560808e-04
1.173430e+02
1.998797e+04
1.177176e-02
6.015957e+00
2.005115e+00
8.227476e-02
4.601824e-01
1.732974e-01
2.433591e-01
6.826723e+03
9.449078e-03
5.984085e+02
1.973626e+00
4.813468e-02
6.521607e-04
4.602804e+01
5.386363e-01
6.264854e-01
1.120769e+01
9.330541e+00
2.549669e-04
1.356870e+01
2.096519e+00
1.238465e-01
1.846209e+00
3.014298e-04
3.420523e-03
3.644955e-02
3.012804e-06
5.390550e-01
9.541401e-01
1.764602e-03
1.017006e-02
2.169924e+00
1.436631e+03
