1.511270e+00
6.190815e+03
2.807781e+01
1.700737e+02
2.063837e+02
2.625445e+03
1.758318e+00
3.421768e-05
1.214628e-03
8.226765e-03
3.836635e+00
6.199495e+05
2.010637e+00
6.950255e-04
5.978617e-02
3.734483e-03
1.549042e+00
1.971207e+05
4.153324e-02
1.714536e+02
3.150765e+00
9.826115e+04
7.877982e+00
1.274455e-01
2.090451e-02
1.304337e-01
5.659769e+01
2.076197e+02
1.999116e+02
4.311941e+01
6.552061e+00
1.187786e+05
1.009893e+01
1.065678e+00
2.362338e-01
1.034783e+03
1.837293e+00
3.993107e-02
8.663892e-04
4.124452e-06
1.364563e+01
3.034565e+04
5.705842e-03
3.545516e+01
9.628503e-01
6.405847e-02
1.256023e+00
4.247926e-01
1.144754e-01
4.648429e+04
8.493257e-02
5.588411e+03
1.377013e-01
3.891662e-01
2.986086e-03
4.035356e+01
2.754855e+00
9.063482e+00
2.062674e+01
7.137473e+02
3.394473e-02
3.518841e+01
3.365952e+00
3.588700e-01
1.382192e+00
1.643217e-03
2.970081e-02
2.265210e-04
3.137079e-04
3.095730e-03
1.927346e-01
1.751671e-05
1.626842e-02
3.092916e+00
2.819931e+02
