2.173110e-02
1.032093e+03
1.770068e+01
3.410079e+02
2.449731e+02
2.441354e+02
1.562191e+00
1.460960e-04
3.363134e-03
1.329352e-03
9.467558e+01
3.117280e+03
1.208904e+00
1.264685e-03
4.979216e-02
1.560237e-01
2.230031e-01
5.978015e+07
5.103822e-04
4.423227e+01
9.410777e-02
1.016345e+05
2.712015e+02
8.972875e-02
1.883267e-03
6.048395e-02
7.465229e+00
3.868465e+01
9.285322e+00
5.278392e-01
1.942600e+00
1.011249e+04
1.922903e+02
3.577000e+00
5.291785e+01
3.273816e+02
1.312212e+00
1.672659e-01
7.069493e-04
9.570338e-05
1.936780e+02
1.355718e+04
6.051095e-03
5.655875e+00
2.223196e+00
1.236450e-01
3.751134e-01
1.888108e-01
1.084767e-01
1.361878e+03
1.164914e-02
5.741855e+02
5.195404e-01
3.173496e-02
1.059261e-03
2.460739e+01
1.579387e-01
1.314559e+00
1.322772e+01
7.608252e+00
3.132754e-04
4.227130e+00
2.753894e+00
1.260306e-01
1.698058e+00
2.282818e-04
1.716975e-03
2.959866e-02
2.212458e-06
1.608692e-01
2.553108e+00
2.550109e-03
2.959744e-03
2.005969e+00
9.577820e+02
