3.613501e-02
1.386901e+02
1.500503e+01
1.284798e+03
3.379111e+00
6.794788e+01
1.824729e+00
8.379363e-06
5.534793e-03
3.801373e-05
2.401115e+02
1.054876e+03
1.281611e+02
6.860747e-02
1.386791e-02
8.092953e-03
1.315865e-02
1.188670e+07
3.462336e-03
8.649718e+00
6.986280e-01
1.344191e+03
3.981995e+02
8.370424e-01
7.145321e-04
2.427144e-01
1.270610e+03
2.006611e+02
2.793471e+01
2.385930e+00
4.002169e-02
1.474453e+05
2.398306e+02
2.111249e+01
2.114621e+01
1.539209e+03
1.625195e+00
5.525819e-02
4.717087e-02
7.162279e-05
1.630400e+00
2.817959e+03
4.767073e-04
2.070831e+03
2.022755e+01
1.356469e+00
9.234765e-03
2.282328e-01
3.583970e+00
2.523371e+04
1.257858e-03
6.355333e+03
1.501664e+00
6.569203e-01
3.739003e-05
2.574116e-01
1.510354e-01
7.169938e-01
5.942294e-02
1.203803e+02
1.925631e-03
1.006013e+02
1.522521e-02
2.701008e-01
2.451526e+00
6.839742e-04
2.965049e-05
9.836949e-03
1.150321e-05
1.112657e-01
1.088836e-02
1.081310e-04
5.108739e-03
1.040744e+00
1.672125e+02
