6.747220e+00
1.708639e+03
5.968964e+00
3.960860e+01
2.093378e+03
2.818731e+03
1.808453e+00
2.540175e-03
6.232151e-02
1.115697e-03
8.614227e+01
3.096956e+04
8.961584e+01
1.389044e-03
5.106389e-04
7.293158e-03
7.432228e-02
4.679381e+06
4.080474e-01
2.262738e+01
4.946263e-02
6.121659e+04
1.866558e+02
6.621560e-01
1.032134e-01
6.139204e+00
6.989869e+02
1.453424e+03
3.792217e+02
1.214079e+00
5.015878e+00
5.993286e+04
5.343131e-01
1.173269e+00
3.965022e+01
2.141674e+00
3.756785e+00
1.341263e-01
6.380724e-03
1.562013e-03
4.127705e+00
2.551009e+05
7.824295e-04
5.116887e+02
3.812605e-02
6.930975e-02
2.041438e-01
4.746911e-03
4.856228e-01
8.645094e+01
1.494740e-01
2.628325e+03
1.195412e-02
2.300944e+00
3.113349e-05
3.016599e-01
1.114100e-02
2.204278e-01
1.129784e-01
1.073191e+03
3.370028e-03
1.541933e+00
8.268985e-02
6.653139e-01
2.386031e+00
3.411494e-03
6.523445e-02
2.223612e-01
2.652344e-05
1.001292e-01
7.066829e+00
3.692784e-06
9.032979e-01
1.293966e+00
3.070620e+01
