1.108107e-01
9.845623e+02
1.359339e+01
1.974982e+01
6.060651e+00
7.941735e+01
1.581747e+00
2.455042e-04
4.880240e-03
5.026036e-03
3.704278e+00
1.286613e+04
3.417088e+00
1.946811e-03
1.844797e-02
2.333816e-02
4.420687e-02
3.999817e+05
7.332625e-03
2.533213e+02
5.223185e-01
1.516160e+04
2.636713e+01
3.435921e-01
4.834980e-02
9.070388e-02
5.571443e+00
5.326416e+02
2.120441e+00
2.138074e+01
3.254398e-01
4.247412e+04
4.017881e+00
5.549325e+00
1.764456e-01
3.732111e+01
1.492943e+00
6.363907e-03
8.640559e-04
2.755586e-05
2.160498e+01
4.159167e+04
1.015865e-04
5.575364e+02
3.488106e-01
5.273273e-03
2.171190e-01
1.215343e-01
7.634973e-01
1.200627e+04
9.192022e-02
9.779062e+02
3.145925e-01
2.909503e-02
6.219132e-04
2.316993e+00
3.782688e-01
1.061189e+00
1.228737e+00
1.067877e+01
9.230240e-03
1.865463e+01
6.842593e-01
1.210300e+00
1.258919e+00
2.202546e-04
4.713844e-04
3.128394e-04
3.345436e-05
8.538094e-03
1.298295e-01
3.072610e-05
1.529942e-03
1.647548e+00
3.181587e+02
