1.232357e-01
6.226958e+02
1.851700e+01
1.783471e+01
1.274703e+01
2.391371e+01
1.966459e+00
2.844540e-04
7.484378e-03
2.822721e-04
1.421704e+01
1.058609e+05
4.573778e+00
4.728160e-04
1.971393e-02
2.334907e-01
3.740125e-02
4.776942e+05
3.215422e-03
9.336235e+02
1.982650e+00
1.507672e+04
3.930159e+01
2.078628e-01
6.585672e-03
5.872384e-02
3.204226e+01
2.581100e+02
3.513047e+00
5.728980e+01
2.404982e-01
9.440057e+03
1.821409e+01
2.451548e+01
3.624746e-01
2.778090e+02
1.968488e+00
2.122508e-03
3.874127e-03
1.917447e-04
1.294996e+01
6.518193e+03
2.449064e-04
3.151412e+02
4.079195e+00
2.043950e-02
1.400850e+00
2.552387e-01
2.104157e+00
1.365693e+04
5.967947e-02
2.014191e+03
1.801810e-02
7.174764e-02
3.191532e-03
3.850386e+01
3.955852e-01
4.277615e-01
7.649611e+00
2.477959e+01
1.052172e-02
1.306092e+00
6.615846e+00
3.146246e-01
1.520619e+00
8.861190e-04
2.275352e-03
1.727105e-03
3.895740e-05
1.640468e-02
4.289277e-02
6.911695e-05
1.667108e-02
1.532878e+00
2.693437e+02
