1.116381e-01
4.934756e+03
8.545477e+00
8.620876e-01
8.120666e+00
9.057789e+02
1.410516e+00
1.560336e-05
1.280454e-03
7.935922e-02
1.008018e+00
3.021334e+05
4.405574e+00
4.514925e-04
2.485713e-03
1.133661e+00
8.892656e-01
9.185315e+06
1.489734e-02
4.750735e+01
3.239559e-02
8.507492e+03
1.770764e+01
4.353938e-01
4.173628e-03
5.553665e-02
6.559641e+02
1.598915e+02
2.537373e+00
3.849882e+00
2.108756e+00
1.349820e+06
3.905235e+02
5.522575e+01
1.117798e-02
6.005637e+00
1.309887e+00
1.138489e-03
2.167747e-02
1.590785e-05
6.781053e-01
6.591612e+04
1.755129e-05
3.067319e+02
1.369201e+00
9.718638e-01
2.594343e-02
1.491943e-03
8.425559e-02
5.105027e+04
1.160575e-01
1.221055e+02
2.542173e+00
1.675324e+00
1.015119e-02
5.873709e+00
1.184623e+01
4.903666e+00
1.063842e+02
1.024536e+01
1.829859e-02
1.261831e+02
1.281381e-01
2.018880e-02
2.512844e+00
7.497951e-05
5.054686e-05
1.373964e-04
3.786492e-05
1.690210e-02
7.546609e-01
1.093207e-03
1.326133e-02
2.233118e+00
1.273812e+03
