1.633868e-01
7.487126e+02
1.722473e+01
8.427614e+01
5.378064e+01
7.153976e+01
1.716187e+00
7.843218e-05
4.594062e-02
1.122351e-02
6.595001e+00
7.141381e+03
5.877512e-01
8.367677e-04
3.184332e-02
2.770820e-02
1.019523e+00
1.374958e+06
3.926860e-02
1.233328e+03
3.548092e-02
6.772393e+03
6.162802e+00
1.539421e+00
4.324963e-03
9.692723e-02
1.419314e+01
1.301245e+02
1.227226e+00
9.285297e+00
2.658400e-01
1.922817e+04
6.568288e+00
3.024884e+00
9.112605e-02
3.548105e+01
1.199937e+00
4.622194e-03
7.008547e-04
8.116353e-06
5.877348e+00
1.240872e+04
1.181068e-03
1.636667e+01
5.578497e-01
1.265646e-01
3.978759e-01
3.211933e-01
5.046482e-01
1.493626e+03
1.108010e-01
1.011585e+03
1.525755e-01
1.233221e-02
1.670897e-03
3.279912e+01
2.365550e+00
1.351311e-01
9.054246e-01
3.009581e+01
2.183602e-03
3.748289e+00
2.258442e+00
7.411146e-01
1.539310e+00
8.034592e-05
4.371880e-04
5.838304e-03
8.874668e-05
1.292088e-01
3.538789e-01
6.630907e-05
5.656054e-03
1.756141e+00
2.221599e+02
