3.542328e-03
5.955015e+00
4.169659e+01
1.578727e+02
2.924109e+03
4.523825e+03
2.395540e+00
3.239692e-04
1.867396e-01
6.299505e-02
6.035891e-01
2.342561e+06
1.266547e+00
4.152024e-02
4.097469e-01
7.046790e+00
1.521704e-02
7.638970e+06
1.114578e-03
1.280239e+04
2.933646e-02
2.951607e+02
4.173158e-01
1.798371e-01
2.525578e-02
1.061855e-02
8.906778e-01
1.424175e+01
7.939451e+01
6.299193e+02
8.234468e+00
8.086525e+03
3.301161e+01
6.681422e+02
1.015498e+00
4.149701e+01
1.543223e+00
1.667959e-01
7.817509e-04
1.240516e-03
8.881162e+02
2.661244e+05
6.820770e-03
6.295528e+03
2.334716e+01
3.804300e-01
2.589261e+01
4.797122e-02
2.406205e+01
5.572870e+01
1.990564e+00
1.157116e+05
4.830647e-03
5.916876e-04
1.117543e-03
1.225462e+03
9.534137e-01
5.127380e-03
1.099778e+00
7.916466e+02
1.963467e-01
2.216368e+02
1.273200e+01
8.516324e+00
4.000000e+00
7.950039e-03
2.669692e-03
1.517969e-03
5.182829e-07
1.101340e-02
3.969506e+01
8.827762e-04
1.577716e-01
3.733879e+00
2.928256e+02
