9.655660e-01
6.529870e+02
2.787637e+01
6.230873e+00
6.323525e+01
5.606459e+01
1.768989e+00
6.904225e-06
6.452052e-03
1.107775e-02
1.331578e+01
3.555593e+03
6.842729e-01
1.172165e-01
1.069515e+00
1.384191e-01
2.197277e-02
3.257784e+07
5.707403e-03
3.664077e+01
7.636930e+00
1.406295e+06
4.831254e+01
7.697569e-01
5.220128e-01
1.277074e+00
1.751236e+00
2.214423e+03
3.038051e+00
1.180558e+02
3.015203e-01
5.219343e+04
2.785416e+01
1.006087e+03
1.151012e+01
3.279412e+03
2.901778e+00
1.040597e-04
1.089249e-02
1.505853e-03
8.907637e+02
8.562744e+05
6.532798e-05
3.521962e+02
1.259578e+01
5.814771e-01
5.452852e+01
1.083733e-01
1.782790e+00
1.618792e+04
4.305453e-02
6.823766e+02
3.181226e-01
5.116820e+00
1.813664e-04
2.564901e+02
5.171199e-01
1.807645e-02
1.421194e+00
7.198781e+01
5.339306e-03
2.329998e-01
1.593080e+00
1.974880e-01
1.853346e+00
1.585407e-03
4.066323e-04
4.120431e-05
4.045196e-06
1.802133e-03
4.016202e-02
8.518696e-05
2.885731e-04
1.264931e+00
4.590367e+01
