3.217570e-01
5.882539e+02
2.874897e+01
1.803325e+01
2.143414e+01
3.137993e+01
1.966632e+00
9.102664e-05
2.266817e-03
3.676739e-04
1.126991e+01
7.512315e+05
3.095007e-01
5.758880e-04
2.075427e-02
5.050918e-02
1.300361e-01
1.602792e+05
1.647030e-03
1.735390e+02
2.282153e+00
3.029598e+04
3.797989e+01
4.475158e-01
9.624323e-03
1.849474e-02
2.735034e+01
2.108099e+03
2.449847e+01
1.750213e+01
4.664946e-01
5.788351e+03
5.347078e+00
3.314390e-01
3.389649e-01
3.690081e+03
1.864961e+00
4.735987e-03
6.497299e-04
5.046121e-05
8.159633e+01
3.113197e+04
2.152740e-04
6.853064e+02
3.883622e-01
2.515033e-02
2.891637e-01
2.178468e-01
3.210887e+00
2.058555e+03
6.240961e-02
2.282472e+03
1.229725e-02
3.179593e-01
6.286254e-04
6.177699e+01
9.356350e-01
1.177685e+00
3.773073e+00
1.876538e+01
9.029456e-02
3.417097e+00
4.643606e+00
5.081477e-01
1.342605e+00
1.007239e-03
1.858261e-02
5.886131e-04
1.880142e-04
9.405726e-03
1.120230e-02
1.159115e-04
1.193147e-02
1.976050e+00
1.938941e+02
