2.849211e-01
8.347608e+02
1.416458e+01
2.693719e+02
1.461427e+01
3.936297e+02
2.026764e+00
4.907215e-04
2.441012e-03
1.969144e-03
5.605986e+00
6.094896e+05
1.086251e+01
3.947087e-03
6.765059e-02
3.245143e-01
1.766113e+00
2.975143e+06
5.682448e-03
1.291497e+03
1.373924e-01
4.469961e+04
2.870559e+00
4.231703e-01
4.774041e-02
7.999474e-01
6.662189e+00
3.525477e+02
2.877376e+01
1.069863e+01
7.724962e+00
4.267262e+04
5.557983e+01
5.123118e+01
7.795459e-02
4.004063e+02
2.337617e+00
1.181356e-03
5.311694e-03
1.201390e-03
8.649372e+00
7.124635e+04
1.053043e-03
1.930686e+02
3.551308e+00
7.257063e-02
8.529643e-01
1.177528e-01
2.895878e-01
3.492921e+03
7.602081e-02
6.987496e+02
2.452901e-01
7.597525e-03
7.373912e-04
2.048654e+01
1.067389e-01
1.734045e-01
1.233828e+00
2.341338e+01
3.472624e-02
2.817748e+01
2.397671e+00
6.560805e-01
1.729890e+00
7.308964e-05
2.837854e-03
9.749152e-04
2.166590e-05
2.423541e-02
6.196288e-01
4.662001e-05
1.547364e-02
1.938685e+00
1.587734e+02
