2.914093e-01
9.912554e+02
2.458135e+01
4.321281e+01
9.615636e+01
1.141969e+02
2.395643e+00
4.488396e-05
6.644112e-03
6.901674e-04
1.955798e+00
1.842592e+05
4.367012e+01
2.358699e-04
7.189478e-02
8.000949e-02
6.493456e-01
1.968229e+06
2.080048e-02
2.089863e+02
5.320046e-01
8.986896e+04
9.771153e+00
1.752266e-01
4.381290e-02
1.171374e-01
7.385140e+01
6.256972e+02
4.968247e+01
1.927015e+01
9.862351e-01
6.584196e+03
4.735253e+01
9.921556e+01
5.634186e-02
5.480734e+01
2.284773e+00
7.997600e-03
6.433311e-04
2.216255e-05
1.712617e+01
3.062008e+04
5.307408e-04
1.321911e+02
9.282803e-01
1.521952e-01
3.682346e-02
4.369937e-01
2.582474e+00
1.714718e+03
7.796450e-03
4.030105e+03
7.668614e-01
6.318751e-02
1.891700e-04
2.513942e+01
4.795306e-02
1.029761e+00
2.620122e+01
6.017675e+01
1.152500e-02
3.144633e-01
5.938683e+00
3.312073e-01
1.436602e+00
2.148662e-03
2.385528e-04
1.655231e-03
1.683066e-04
1.326018e-01
7.243213e-01
7.361198e-05
2.008593e-01
2.559008e+00
2.035416e+02
