1.244060e+00
5.479335e+02
1.757639e+01
1.316588e+02
1.311960e+02
2.743730e+02
1.711781e+00
1.234843e-04
1.583067e-03
2.043728e-04
4.042138e+00
1.754476e+04
3.341396e+00
6.727077e-04
3.838683e-02
6.864547e-02
2.054922e-02
7.344268e+05
2.285583e-03
8.708619e+01
1.210540e-01
4.621159e+04
1.062005e+01
3.739821e-02
9.123310e-02
8.098540e-02
4.625248e+01
2.089380e+03
4.822302e+01
3.000445e+02
7.259165e-02
9.223709e+03
1.447098e+01
5.897967e+00
2.585783e+00
1.504559e+02
2.043833e+00
2.210718e-03
1.126694e-03
3.794343e-05
5.975357e-01
7.682555e+04
2.403637e-04
2.869779e+03
5.992890e-01
1.197156e-02
5.721304e-01
3.749448e-02
5.208729e-02
9.987731e+02
1.092685e-01
4.472039e+03
3.205154e-02
1.534518e+00
2.160592e-03
1.652255e+01
7.457982e-01
1.758144e-01
3.260553e-01
1.199768e+01
9.758538e-03
4.252373e+00
2.640983e-01
3.193521e+00
2.744432e+00
5.019727e-04
3.264294e-03
3.401883e-02
5.421783e-05
4.899963e-03
3.676806e+00
2.466528e-05
9.509502e-02
2.762454e+00
8.639483e+01
