1.168815e-02
6.087785e+03
3.483239e+01
3.292638e+02
7.566280e+00
1.242255e+03
1.353477e+00
6.214118e-05
5.674767e-03
6.222216e-02
7.156340e-02
1.959469e+05
8.739417e-02
7.401727e-04
2.005325e-02
1.011516e-01
7.275460e+00
1.417991e+04
3.717675e-01
1.207654e+03
1.441929e+00
3.406004e+03
6.503855e+02
6.603077e+00
5.859542e-01
1.298040e+01
4.234706e+01
7.712378e+00
1.625010e+01
7.114655e+01
5.791914e-02
1.874345e+05
1.809516e+00
4.457409e+01
1.252998e+01
2.999492e+01
2.736443e+00
4.733260e-04
1.775523e-02
1.274395e-03
7.690064e-01
5.044826e+03
1.272074e-02
9.235798e+02
1.052614e+02
1.514248e-02
2.964437e-02
3.655265e-03
8.751017e-02
1.547740e+03
1.114638e-03
6.049242e+02
7.834431e+00
4.992509e+00
7.868613e-05
2.936353e+00
2.866207e-02
2.456593e+00
3.023018e+01
1.197177e+02
1.646825e+00
6.908661e+01
6.246198e+00
7.050476e-02
2.306838e+00
1.508220e-04
1.348250e-04
2.448164e-01
2.541448e-04
1.032626e-03
3.969506e+01
5.337675e-04
9.552725e-04
1.747239e+00
4.813822e+03
