2.161704e-02
8.678933e+03
3.475826e-01
2.737959e+02
8.232239e+02
4.388166e+01
1.396334e+00
7.678676e-05
2.166138e-03
1.108343e-01
5.997324e+01
8.824269e+02
8.252311e+01
1.650511e-03
1.613639e-02
8.343185e-03
6.956651e+00
1.789767e+07
1.014519e-03
1.756612e+01
2.025509e+00
1.907977e+04
3.017224e+00
6.386378e+00
6.539206e-04
2.087842e-02
9.787883e+00
5.766376e+01
1.154417e+01
1.121184e+00
8.245906e-01
2.564119e+03
4.783258e-01
7.936839e+02
2.239179e+01
6.406749e+02
1.201824e+00
6.239270e-03
1.795129e-02
8.585225e-05
7.378597e+01
1.017917e+05
4.520949e-02
2.397402e+04
1.117106e+01
3.687433e-01
7.820307e-02
4.310899e-01
3.874166e+01
3.410840e+02
1.011048e-01
3.187661e+02
5.986109e-03
9.336585e-03
5.847174e-05
1.461301e+00
7.091034e-03
1.303439e+00
3.171468e+00
3.465490e+00
7.495581e-03
1.012950e+02
2.042238e+01
2.914187e-01
3.240894e+00
4.245655e-03
2.056341e-03
4.485252e-02
4.605053e-06
4.270626e-04
1.541322e+00
1.095830e-05
1.288513e+00
1.673318e+00
1.166595e+01
