2.851627e+00
2.042180e+03
1.483571e+01
1.245460e+01
8.359066e+01
4.548146e+01
1.881360e+00
8.662034e-05
5.602320e-04
1.213519e-04
2.865513e+01
2.227196e+06
7.127748e+01
1.968161e-02
5.294386e-01
2.585046e-03
1.712588e+00
3.034085e+06
2.813295e-03
2.425500e+03
3.502682e-02
2.115041e+04
2.384211e+01
1.659627e+00
2.016626e-01
3.096832e-02
2.939639e+02
1.588408e+04
4.680595e+01
8.818974e+01
2.656195e+01
3.952233e+05
4.978462e+00
4.670789e+01
9.329304e-02
5.462048e+03
1.623096e+00
1.846642e-02
5.318278e-04
1.688216e-04
2.130820e+01
9.585122e+02
2.346899e-04
1.051175e+04
4.942753e+00
7.837766e-02
1.414519e+00
1.345114e-01
8.754935e+00
2.414907e+03
1.014912e+00
3.242193e+01
1.406872e-01
2.467512e+00
7.530383e-03
7.703788e+00
1.003579e+00
3.745308e-01
8.649104e+01
1.347210e+02
8.088441e-04
1.764601e+00
9.625131e+00
7.616718e+00
2.244624e+00
3.007631e-05
1.155073e-03
2.346540e-04
7.552704e-05
6.163567e-02
1.868099e-01
7.871480e-04
4.757926e-03
3.179657e+00
7.703879e+01
