2.060232e+00
1.326963e+03
9.511382e+00
1.880499e+01
1.001944e+00
1.457626e+03
1.803647e+00
5.616768e-06
4.999667e-04
2.638889e-02
9.591402e+00
1.195977e+06
8.653860e-01
2.163824e-02
5.776914e-03
6.157062e-03
4.892809e+00
3.893635e+04
7.236506e-04
2.134675e+01
1.452512e-01
1.307312e+05
3.632779e+02
3.183034e-02
8.614153e-01
3.318140e-01
7.980912e+00
1.615187e+04
2.093608e+01
5.563408e+02
1.086254e+01
7.674565e+05
4.612028e+01
8.954304e-01
2.755422e-01
5.625481e+03
2.095805e+00
2.415228e-02
3.627406e-04
1.633152e-04
2.324162e+00
8.648688e+03
3.748670e-03
6.439051e+03
1.099571e+00
2.543924e-03
1.041119e+00
5.112172e-01
7.732282e-01
2.474308e+05
8.869485e-02
1.289323e+03
2.367089e-01
4.410443e-02
1.444488e-02
2.806934e+01
2.046346e+01
9.880132e-01
6.319534e+00
2.596897e+00
1.073690e-02
6.320168e+02
4.659845e-01
3.360359e-02
1.740511e+00
5.508752e-03
6.978733e-02
1.244111e-02
6.888746e-07
6.914768e-03
2.765096e-01
1.831740e-05
2.610782e-04
1.124565e+00
6.072642e+01
