1.063977e+00
1.569917e+02
2.233484e+01
2.180551e+01
6.091803e+01
1.307975e+02
1.615155e+00
2.896862e-05
1.498748e-03
6.272475e-04
1.283187e+00
4.127032e+04
9.681784e-01
7.983060e-04
3.712975e-02
1.456145e-02
1.376772e-02
3.812105e+05
4.194600e-04
5.987421e+01
1.398211e-01
2.579016e+04
4.796214e+00
1.238874e-01
3.217806e-02
6.374898e-02
2.808406e+01
8.864015e+02
3.515840e+01
2.207952e+02
1.110606e-01
7.143296e+03
1.090101e+01
2.662757e+00
8.306044e-01
5.654466e+01
2.239888e+00
1.887907e-03
1.151018e-03
2.067560e-05
9.219753e-01
2.566207e+04
1.897003e-04
2.437331e+03
4.394609e-01
8.494158e-03
2.889350e-01
1.264114e-02
4.630105e-02
4.922525e+02
5.053406e-02
1.647888e+03
9.773995e-03
1.269579e+00
5.724575e-04
8.879409e+00
1.446791e+00
2.251901e-01
4.930106e-01
6.204676e+00
1.235373e-02
3.081531e+00
4.149920e-01
5.451646e-01
2.357401e+00
1.003996e-03
2.632452e-03
9.310990e-03
6.107527e-05
3.643067e-03
8.279930e-01
7.479760e-05
1.520272e-02
2.273128e+00
4.951850e+01
