6.601069e-01
1.294665e+04
4.445427e+01
3.261854e+01
6.006708e+02
7.813579e+02
1.870311e+00
4.072701e-05
4.314220e-03
1.088903e-01
7.521948e+01
5.720914e+03
1.370075e+00
8.300052e-03
2.440708e-02
1.919182e-01
4.350002e-01
2.348594e+05
2.634145e-03
2.235856e+03
3.449795e-01
7.965475e+05
7.775341e+00
1.351712e+01
2.100825e-02
6.678290e-01
1.268779e+03
3.169350e+02
1.389803e+01
9.939534e+01
8.859236e-01
7.339754e+04
5.195878e+00
4.771287e+01
3.151885e+00
1.642929e+02
2.270824e+00
2.265815e-03
1.166273e-03
1.604740e-05
8.357045e-01
4.389242e+03
4.388711e-04
9.340803e+02
1.152383e+01
1.472400e-01
2.526202e+00
1.878101e-02
1.204508e+00
1.297663e+03
8.198063e-03
2.152473e+04
1.490003e-02
3.157487e-02
1.757727e-03
2.426343e+01
5.399974e-01
1.180167e+00
6.771627e+00
9.296901e-01
4.919553e-02
2.302398e+01
8.706353e-01
1.087306e+00
1.609012e+00
4.645485e-04
8.719923e-04
2.882921e-03
1.843011e-05
2.144821e-01
1.572938e+00
1.184480e-05
3.848007e-03
1.899053e+00
4.930357e+02
