3.341341e-01
3.390168e+03
1.569378e+01
1.004159e+01
5.787114e+01
1.044882e+02
1.655380e+00
2.602751e-05
1.653357e-03
1.777737e-03
1.275519e+00
1.154995e+05
8.388284e+00
4.384042e-03
1.573501e-02
9.509592e-03
4.883743e-02
2.128136e+05
2.114935e-03
4.582670e+02
3.831847e-02
2.346594e+04
1.670357e+01
1.624304e+00
3.029418e-02
2.548790e-01
7.450575e+01
7.798563e+01
2.196615e+00
1.526693e+00
1.494903e-01
1.039917e+04
1.504550e+00
2.299981e+00
3.451441e-01
8.207280e+01
1.489063e+00
3.141384e-03
1.288735e-03
3.791217e-05
1.192955e+00
3.265843e+02
2.500372e-04
4.506109e+02
3.987589e+00
5.616003e-02
2.131007e-01
7.400471e-01
9.027546e-01
4.418320e+03
3.214307e-02
4.468973e+02
1.311593e-02
2.725678e-02
1.088424e-03
1.585401e+00
1.426077e-01
6.985538e-01
1.019636e+01
3.170181e+01
2.335911e-03
3.265373e+00
5.602765e-01
1.659087e-01
1.868431e+00
2.650718e-04
2.405010e-04
6.696962e-04
2.337769e-05
5.706363e-03
3.493805e-01
6.887049e-05
3.129827e-03
1.970137e+00
2.625365e+02
