8.312670e-01
3.317745e+03
7.349603e+01
1.225525e+03
2.084307e+02
7.572310e+02
1.647487e+00
1.588502e-04
4.571307e-03
5.838022e-04
3.702871e+00
1.098369e+05
1.518043e+01
1.001635e-03
4.450379e-02
9.902456e-02
1.027601e-01
2.826408e+05
1.117754e-03
7.995546e+01
6.027776e-01
1.615796e+05
1.808086e+01
4.976592e-02
1.699381e-01
1.685361e-01
1.253380e+02
1.970870e+03
9.288159e+01
4.024048e+02
8.039602e-02
9.384194e+03
3.254297e+01
5.130421e+00
5.475905e+00
1.271276e+02
2.171661e+00
2.335296e-03
2.336704e-03
1.018427e-04
4.597239e-01
1.366971e+05
6.152535e-04
1.663400e+03
2.652509e+00
1.962367e-02
1.795288e+00
1.002203e-01
2.237800e-01
4.246676e+02
2.020652e-01
1.180161e+04
9.507943e-02
3.872138e+00
2.761711e-03
3.050441e+01
5.004206e-01
1.709741e-01
6.698778e-01
4.720681e+01
6.680434e-03
5.577586e+00
2.628240e-01
3.586387e+00
2.767678e+00
1.304213e-03
1.903806e-03
4.138266e-02
7.549935e-05
2.160579e-02
6.835308e+00
4.125828e-05
1.995502e-01
3.067026e+00
1.516926e+02
