8.027163e-01
7.749020e+02
2.919124e+01
4.710541e+02
9.569501e+02
2.190405e+00
3.468696e+00
3.804172e-04
1.051731e-01
4.976725e-02
2.016348e-01
1.503919e+06
1.151127e+02
1.608379e-05
2.210126e-03
4.317861e-01
5.143613e+00
3.828523e+07
5.057912e-01
2.445191e+02
3.099075e+00
6.803640e+04
3.539365e+01
9.495666e+00
9.338593e-02
3.517413e-01
9.125942e-01
4.415834e+04
1.078301e+01
1.499181e+03
8.825873e-02
2.393076e+05
4.423268e-01
1.257274e+00
2.564679e-02
8.033615e+00
1.387458e+00
7.794072e-02
5.207855e-03
3.624358e-03
4.101895e+01
1.671944e+04
6.341590e-03
3.038675e+02
3.905995e+00
3.138465e-02
1.383884e+00
1.340170e-01
1.868758e-01
8.707860e+02
3.675795e-02
8.739196e+02
1.519359e-02
2.692021e-02
1.668797e-04
1.460896e+01
2.552558e-01
6.891774e+00
9.631654e-01
3.087094e+02
6.654996e-04
1.398002e+01
8.056032e-01
9.936271e-02
1.885129e+00
1.878998e-03
2.996913e-05
2.448164e-01
6.954930e-06
6.401402e-01
3.969506e-03
2.413119e-05
3.437550e-01
2.870726e+00
1.717754e+01
