2.846350e-01
1.271246e+03
1.884526e+01
4.115000e+01
5.430415e+02
1.358819e+02
2.198081e+00
1.396479e-05
2.611204e-03
4.626331e-04
8.560573e+01
1.008247e+04
3.069940e-01
1.335270e-04
1.450002e-02
1.636810e-02
2.494519e-02
1.185496e+06
4.213346e-03
5.661879e+03
1.189692e+01
1.842242e+05
3.893303e+02
1.436957e+00
3.545465e-02
1.389734e-01
2.046660e+01
2.361176e+02
9.596179e+00
2.323217e+02
4.202958e-01
3.804777e+04
1.192330e+01
2.753805e+02
3.190971e-02
1.457864e+03
2.048918e+00
4.991108e-03
5.629057e-04
1.544802e-04
3.180908e+00
1.147517e+04
2.194548e-02
7.247709e+01
9.566309e-02
4.471573e-02
4.591566e-01
5.656710e+00
6.583234e+00
1.329452e+03
1.208028e-01
7.849752e+02
6.149994e-02
5.327161e-01
4.125536e-03
4.521263e+01
8.685694e-01
3.948228e-01
4.878672e+00
2.028049e+02
2.564677e-03
1.172066e+00
2.309640e+00
2.598096e-01
1.706116e+00
1.608269e-05
1.441355e-03
2.863464e-05
6.033583e-06
2.316712e-02
1.165171e-01
8.113921e-06
1.916441e-04
1.987487e+00
1.462596e+02
