2.024277e-01
1.028946e+03
9.467550e+01
1.269509e+02
1.615843e+02
6.325021e+02
1.677740e+00
1.151069e-04
1.846191e-02
1.101618e-01
6.084993e+00
1.150043e+05
7.206531e+01
6.291999e-04
1.563001e-01
4.945702e-02
6.114289e-01
7.180001e+06
5.418954e-03
1.741543e+03
5.281605e-02
2.620433e+03
1.456122e+01
4.495224e+00
2.051790e-03
5.789530e-02
5.393050e+00
3.316787e+03
1.189498e+00
1.589758e+01
9.123864e-03
9.816924e+03
7.716021e+01
4.532472e+01
2.675122e-01
1.711802e+02
1.516623e+00
1.540149e-03
3.820985e-03
9.669480e-05
1.322973e+02
3.922890e+04
3.503340e-04
1.909539e+03
2.810016e-01
4.304531e-03
7.306200e-01
2.413130e-02
2.916831e-01
1.463544e+03
3.332294e-01
2.387892e+03
6.920193e-01
3.090427e-01
1.368255e-03
2.214315e+00
1.340410e-01
7.437815e+00
3.824481e-01
6.511472e+01
2.012905e-02
1.155394e+01
7.150509e-01
1.190941e-01
1.303400e+00
6.358514e-04
2.472387e-03
1.258031e-03
6.316148e-05
1.862894e-01
1.482217e+00
5.027144e-05
2.163165e-01
1.361185e+00
4.319123e+02
