1.713916e-01
3.956106e+01
1.792283e+03
4.044894e+02
3.670291e-01
4.864788e+00
1.444031e+00
3.291245e-03
1.053904e-03
3.273904e-03
3.799186e+01
2.688024e+03
5.682775e-02
6.164131e-05
2.485330e-02
2.798324e-03
1.690724e-03
7.355987e+03
4.666299e-04
4.865955e+02
5.503461e-03
8.853820e+04
5.933871e-01
5.136855e-01
4.732208e-01
1.713204e-02
1.635560e+01
1.199107e+03
1.318716e+01
1.184240e+01
6.871504e-02
9.868524e+05
4.504319e+02
1.163642e+00
6.079421e-01
7.838479e+00
1.489613e+00
3.623913e-02
1.996607e-03
2.391827e-06
1.674132e+02
1.600969e+05
5.973150e-06
5.358921e+01
1.430805e+01
3.377026e-02
4.513569e-02
1.424522e-01
9.099687e-03
1.325407e+02
4.442328e-02
6.284392e+01
3.056605e-01
4.040448e-01
3.247494e-04
1.580784e-01
1.318504e-01
5.467984e-01
1.097673e+00
1.172955e+02
8.345031e-02
1.421935e+00
2.499224e-01
7.291433e-02
1.375679e+00
9.363722e-05
9.523971e-04
1.076611e-02
3.318379e-04
2.319674e-03
3.969506e-03
4.951027e-06
2.811156e-04
1.067298e+00
1.754613e+02
