1.479154e-01
5.673840e+03
1.318036e+03
6.040165e+02
2.277716e+00
1.145377e+01
2.037918e+00
5.797191e-03
5.108256e-04
8.267519e-04
4.621555e+01
3.008782e+04
2.055989e+01
1.924834e-02
7.201556e-01
3.539324e-03
1.451149e+01
1.987143e+04
2.483443e-01
8.418029e+02
2.920902e+00
5.872672e+02
6.549084e+02
5.589945e+01
3.825249e-01
2.675769e-01
1.035245e+00
9.653916e+00
4.686830e+02
8.652101e+02
3.347218e-01
5.499317e+04
7.680727e+01
1.428729e+02
6.521600e-02
1.300517e+01
1.531393e+00
8.674397e-02
1.349483e-03
8.173064e-05
4.116160e-01
9.995673e+04
4.249371e-03
2.528024e+02
8.528525e+00
4.520427e+00
5.350519e-02
4.767665e+00
3.081783e+01
4.547460e+02
2.100568e-01
2.683314e+01
1.174142e+00
1.250350e-01
8.326711e-05
2.930094e+01
5.268989e-02
2.590414e+00
4.287926e+01
2.517118e+00
9.340867e-01
3.867295e+02
2.551473e+00
7.747768e-02
1.764287e+00
2.663917e-02
6.169777e-03
9.197776e-02
7.564448e-06
1.160933e-02
8.954782e-01
7.826661e-06
3.713768e-01
3.053185e+00
6.328790e+02
