2.741905e-01
2.250216e+03
6.453849e+01
1.405932e+03
2.448939e+01
2.309140e+02
2.191857e+00
1.524785e-04
1.737217e-03
1.681077e-03
2.196472e+01
8.126229e+04
3.423386e+01
2.241671e-04
3.607737e-03
9.628973e-03
1.690883e-01
1.017628e+06
1.177394e-01
1.009468e+02
1.298346e-01
1.407408e+05
5.168942e+00
4.608108e+00
1.334794e-01
5.648212e+00
6.111980e+01
5.930497e+01
1.963113e+00
3.479707e+00
6.173839e-02
2.313144e+03
8.013202e+02
8.090361e+01
3.606369e-01
3.038013e+02
2.831576e+00
1.991244e-02
1.131738e-03
4.186106e-06
6.646801e+00
4.617033e+03
5.764165e-02
5.693640e+02
3.180226e-02
3.576793e-03
1.027692e+00
1.224174e-02
7.259130e-01
7.495598e+04
9.960528e-02
1.150719e+05
1.423341e-02
3.971501e-01
2.862826e-04
1.052066e+00
4.668203e-02
6.300158e-01
9.726579e-01
2.391430e+02
4.234308e-03
2.161725e+01
2.174350e+01
9.637661e-02
2.471178e+00
8.813475e-03
3.361826e-04
1.655823e-04
3.521525e-05
7.145502e-01
1.238551e+01
3.181433e-04
3.377366e-03
2.059826e+00
2.675479e+02
