3.244383e-01
6.810313e+02
1.819310e+01
2.572936e+01
1.853713e+01
2.619969e+02
1.768667e+00
6.523111e-05
4.437617e-03
2.965334e-03
1.977090e+01
4.076283e+04
3.529118e+00
1.742551e-03
8.821970e-03
2.545640e-02
4.781992e-02
7.590289e+05
4.705045e-03
2.182078e+02
9.626875e-02
9.277934e+03
2.190402e+01
9.629088e-01
1.365817e-02
6.212127e-02
2.151361e+01
6.607132e+02
1.210774e+00
4.189345e+00
2.352296e-01
6.526071e+03
1.874238e+01
6.798829e+00
4.178984e-01
7.412296e+01
1.999808e+00
3.868177e-03
5.564108e-04
1.762163e-04
3.685722e+00
5.096638e+03
2.798512e-04
4.890992e+02
9.526154e-01
1.237570e-02
4.307435e-01
1.049868e-01
6.950581e-01
2.049780e+03
3.862402e-01
1.355425e+03
2.054799e-01
2.608621e-02
1.293088e-03
4.623027e+00
3.312224e-01
2.026568e-01
3.753051e-01
4.516340e+01
1.072980e-02
2.028236e+01
7.523730e-01
3.322729e-01
1.598914e+00
7.649357e-04
3.495531e-04
5.043372e-04
4.093752e-06
9.185755e-03
3.572972e-01
3.031083e-05
2.504111e-03
1.691249e+00
1.581204e+02
