9.769152e-03
5.127745e+02
1.219724e+02
2.133385e+02
1.024253e+01
1.630941e+01
1.975536e+00
3.670407e-04
1.433289e-03
5.563974e-04
2.682085e-01
5.948070e+04
2.227893e+02
2.515561e-05
1.588527e-03
9.107430e-03
6.619742e-02
2.716090e+04
3.565822e-02
6.746797e+02
1.164407e-02
3.270637e+04
2.620175e+01
4.280664e-02
5.210663e-03
9.410422e-01
1.170416e+02
1.570192e+03
6.574760e-02
3.052170e+01
1.957232e-01
2.131269e+02
6.263960e-01
1.417728e+00
1.815531e-02
4.186563e+02
1.000000e+00
3.072806e-02
2.314096e-02
9.802126e-07
1.080988e+02
5.292997e+04
2.845169e-03
5.285524e+00
1.202149e+00
3.665747e-02
1.737441e-02
3.172175e-02
4.758362e+01
7.052960e+04
1.169237e-03
2.807213e+04
5.699853e-02
9.374135e-01
1.405159e-03
3.315048e-01
7.379252e-02
5.588412e+00
1.610777e-01
2.659483e+03
3.625343e-01
8.029908e+01
8.018221e+01
4.288455e-02
1.000000e+00
1.771744e-04
5.383917e-03
9.842480e-02
1.903418e-04
3.631620e-03
2.730041e+01
7.789998e-05
3.742752e-04
2.422998e+00
1.767242e+03
