9.072031e-03
9.223209e+02
2.722256e+02
1.314988e+03
2.825271e+01
1.265951e+01
1.909146e+00
1.488401e-03
3.784225e-03
1.110131e-03
2.071940e+00
3.381237e+04
1.980483e+02
5.493355e-05
1.960552e-03
2.575693e-02
6.717878e-02
1.058170e+05
6.852938e-02
9.639334e+02
3.227772e-02
2.573169e+04
5.965972e+01
3.771835e-02
7.862603e-03
3.630918e+00
3.887551e+02
5.187626e+03
6.991860e-02
3.832680e+01
7.880387e-02
2.640908e+02
1.174067e+00
5.836035e-01
7.326287e-02
3.366710e+02
1.011522e+00
5.664304e-02
2.140178e-02
1.066143e-06
3.202688e+01
9.943126e+04
4.359845e-03
5.347892e+00
2.353498e+00
4.987178e-02
1.404699e-02
7.212519e-02
1.554185e+01
3.018438e+05
2.515910e-03
3.220752e+04
1.263153e-02
4.212903e-01
8.540900e-04
6.640655e-01
1.884358e-01
8.828405e+00
2.452749e-01
1.396076e+03
1.010256e-01
2.540372e+02
6.578913e+01
2.422704e-02
1.158558e+00
4.262526e-04
1.624586e-02
9.041228e-02
1.283466e-04
3.569822e-02
2.041585e+01
4.259305e-05
5.317295e-04
2.890105e+00
1.284407e+03
