3.907518e-01
2.223833e+03
2.695261e+01
6.577317e+01
7.585334e+00
5.991501e+01
1.777848e+00
6.928736e-04
1.239789e-03
1.375767e-03
1.569196e+01
1.572049e+04
5.639439e+00
2.376484e-04
6.001800e-03
2.193406e-02
2.520898e-02
1.049168e+06
1.956265e-03
3.425928e+02
1.181616e-01
7.313963e+04
3.084365e+01
2.464713e-01
1.530272e-02
6.521185e-02
9.670800e+00
7.500799e+01
3.366522e+01
3.755654e+00
1.231993e-01
1.449222e+04
4.928196e+01
6.062115e+00
1.729816e+00
3.027388e+02
1.957809e+00
1.569965e-03
1.083218e-03
2.128887e-05
8.579436e+00
9.235964e+03
3.992926e-04
5.342651e+01
1.003184e+00
3.748136e-02
1.225932e-01
1.735276e-02
1.678535e-01
2.027436e+04
2.245909e-01
1.766171e+03
1.460054e-01
1.517026e-02
3.220110e-03
1.300305e+01
3.918091e-01
1.250532e-01
1.699596e+00
1.352454e+02
2.106182e-02
4.009796e+01
3.699715e-01
3.912667e-01
1.595208e+00
9.398544e-05
1.603499e-04
2.629076e-03
1.695331e-05
8.980623e-02
2.029702e-01
4.184258e-05
8.567095e-03
1.904511e+00
2.829998e+02
