9.924249e-02
3.456532e+03
1.258894e+03
5.400488e+02
1.772337e+00
6.940823e+00
2.067078e+00
3.853414e-03
3.304848e-04
5.116767e-04
3.694969e+01
1.602277e+04
1.270406e+01
1.621765e-02
9.185611e-01
3.720370e-03
1.251872e+01
1.754229e+04
2.239100e-01
5.336433e+02
2.317269e+00
5.881003e+02
3.116299e+02
6.438307e+01
2.975145e-01
2.654387e-01
8.662488e-01
8.232685e+00
5.014472e+02
5.664063e+02
3.581048e-01
7.527794e+04
8.755180e+01
1.633111e+02
4.634042e-02
9.194057e+00
1.561029e+00
8.268222e-02
6.913136e-04
1.033532e-04
3.163195e-01
8.538840e+04
4.564918e-03
2.902769e+02
6.427772e+00
4.412230e+00
6.463119e-02
2.978668e+00
1.921778e+01
2.649209e+02
9.820690e-02
1.680242e+01
1.016556e+00
1.457501e-01
8.536754e-05
2.031893e+01
3.837479e-02
1.572143e+00
6.532545e+01
2.288030e+00
6.165409e-01
2.397559e+02
2.233432e+00
6.819333e-02
1.654819e+00
1.323790e-02
3.863044e-03
4.531959e-02
9.559053e-06
5.869368e-03
8.178885e-01
8.309746e-06
3.568346e-01
2.776334e+00
5.515321e+02
