7.286104e-01
2.195738e+03
2.130647e+01
5.197979e+01
5.314872e+00
8.702052e+01
2.037802e+00
2.441185e-04
1.260949e-03
2.356741e-03
3.132151e+01
1.140687e+04
5.619229e+00
2.855291e-04
1.878284e-02
4.383600e-02
2.487463e-02
1.741604e+06
2.448704e-03
6.105377e+02
1.793720e-01
1.865702e+04
3.216187e+01
3.653124e-01
1.754059e-02
6.337535e-02
5.700220e+00
5.805747e+01
2.667667e+01
6.114933e+00
1.808292e-01
5.409055e+04
5.643694e+01
5.951141e+00
2.308394e+00
1.682047e+02
2.089024e+00
2.261005e-03
7.420756e-04
3.306700e-05
7.098695e+00
3.591538e+03
5.213337e-04
8.854217e+01
2.455228e+00
8.891923e-02
1.515457e-01
3.505489e-02
3.656384e-01
2.464266e+04
1.461621e-01
1.970133e+03
2.771605e-01
2.589887e-02
3.475910e-03
2.821726e+01
7.288680e-01
1.094021e-01
1.512826e+00
1.553591e+02
2.950113e-02
3.619084e+01
7.825392e-01
6.594945e-01
1.590786e+00
1.957622e-04
2.586665e-04
3.742654e-03
1.399730e-05
1.582373e-01
4.432944e-01
9.162581e-05
6.970804e-03
2.069517e+00
1.477687e+02
