6.174819e-01
7.463406e+02
2.913827e+01
4.063207e+01
5.343596e+00
6.034453e+01
1.882159e+00
5.034510e-04
1.297447e-03
9.094001e-04
8.638043e+00
9.330419e+03
3.530641e+00
4.890124e-04
7.850017e-03
2.333196e-02
1.684225e-02
3.813714e+05
1.247416e-03
2.603692e+02
1.000088e-01
4.218637e+04
1.528097e+01
1.635886e-01
9.222528e-03
3.525078e-02
7.731067e+00
1.191053e+02
1.872709e+01
4.392105e+00
2.603759e-01
1.842750e+04
5.558834e+01
5.989843e+00
1.445454e+00
1.491760e+02
1.953894e+00
1.669897e-03
6.008992e-04
1.768114e-05
8.523345e+00
3.276486e+03
1.689327e-04
4.415580e+01
1.253391e+00
3.714043e-02
1.280270e-01
1.912612e-02
3.662179e-01
1.304511e+04
1.111167e-01
8.630132e+02
1.370565e-01
2.358336e-02
1.730607e-03
1.196022e+01
3.150331e-01
8.968185e-02
6.636055e-01
1.098887e+02
2.171572e-02
1.498774e+01
2.491031e-01
3.160597e-01
1.527746e+00
4.761991e-05
1.572057e-04
1.517710e-03
1.658127e-05
5.952975e-02
2.558518e-01
4.080967e-05
8.982434e-03
1.868350e+00
1.174703e+02
