7.100734e-02
7.505897e+02
3.623024e+01
7.894765e+01
5.942504e+01
6.071587e+01
2.676625e+00
4.176633e-05
8.129036e-03
1.034875e-03
7.202147e+00
1.270342e+04
2.536510e-01
1.159938e-03
2.740283e-01
1.202769e-01
1.447151e-01
2.099198e+06
5.853813e-03
6.507197e+01
4.159566e-02
4.859410e+03
2.262666e+01
1.755802e+00
2.721496e-02
6.021303e-02
1.467386e+01
4.741464e+02
3.438184e+00
1.403228e+00
5.274178e-01
3.528223e+04
2.498309e+01
2.164234e+01
2.298045e+00
1.213477e+02
1.969385e+00
1.580326e-03
1.476296e-03
1.034371e-05
3.733716e+00
4.717261e+05
1.130538e-04
2.486261e+02
1.595487e+00
5.464704e-02
4.818309e-01
1.188499e-01
3.969541e-02
3.809705e+03
1.573273e-02
1.655710e+02
1.250855e-01
1.469091e-02
1.509826e-02
7.090000e+00
5.114879e-01
3.850130e-01
6.503934e+00
1.971826e+02
2.164627e-02
8.344393e+00
4.430749e-01
1.102211e+00
1.390103e+00
9.742694e-05
1.427459e-03
1.199357e-03
1.631345e-05
9.040054e-02
3.620077e+00
1.705734e-06
2.427312e-02
1.571066e+00
5.052089e+02
