1.316291e-01
4.204798e+02
3.022867e+01
1.434128e+02
1.936557e+02
7.153923e+01
2.036917e+00
6.972986e-05
1.859625e-02
1.885872e-03
5.917127e+01
2.861746e+04
2.894922e+00
2.322528e-03
5.181665e-02
1.435639e-02
1.048281e+00
1.721454e+06
4.927478e-02
9.270826e+02
4.840606e-01
2.886116e+04
4.199102e+01
8.709445e-01
5.047557e-02
2.031367e-01
6.673840e+01
3.284936e+02
1.338002e+01
2.044854e+01
4.029814e-01
6.031472e+03
1.832798e+01
7.227328e+01
4.892047e-01
1.466752e+02
2.210520e+00
3.296946e-02
8.909148e-04
1.802583e-05
5.205617e+00
1.179086e+04
7.475080e-04
5.404685e+02
1.645957e+00
3.376170e-01
3.720117e+00
3.154563e-01
7.171866e+00
6.594867e+03
1.623051e-01
8.272466e+02
4.854153e-02
7.705841e-02
6.788188e-03
3.071927e+01
3.378472e-01
3.036021e+00
5.188535e+00
9.688881e+01
4.724846e-02
9.289265e+01
5.714025e-01
8.876119e-01
1.821561e+00
2.050749e-04
2.145327e-03
1.583082e-02
9.083057e-05
6.089152e-02
2.698445e+00
1.218220e-05
1.087065e-01
2.358179e+00
2.983899e+02
