2.917299e-01
2.368520e+03
3.322949e+01
6.597870e+01
8.944645e+00
6.584265e+01
1.974285e+00
4.670301e-04
2.774143e-03
2.098772e-03
1.016233e+02
4.960464e+04
2.545570e+00
6.006094e-03
8.305592e-03
6.165263e-01
2.962848e-02
9.417658e+06
5.089925e-03
5.334517e+02
9.476429e-01
4.614885e+04
3.273300e+01
5.209009e-01
2.896437e-01
3.433527e-01
7.121438e+01
5.806630e+02
1.326237e+01
1.502498e+00
2.437815e+00
8.301276e+03
3.761040e+01
6.540453e+01
1.020801e+00
3.134961e+02
1.877115e+00
2.360356e-03
8.728044e-04
2.024495e-04
1.729622e+00
1.928603e+04
1.944427e-04
4.346600e+02
1.658709e+00
3.180194e-02
2.220056e+00
1.514128e-01
1.713992e+00
1.089774e+04
2.183203e-01
6.866987e+03
1.071228e-01
7.321967e-02
5.932594e-04
4.309667e+01
2.225689e+00
8.072361e-01
4.215609e+00
2.892347e+01
7.849959e-02
6.917463e+00
5.326585e+00
7.054820e-01
1.860789e+00
4.053331e-04
1.210884e-03
3.120614e-03
2.265859e-04
6.770328e-02
2.153684e+00
1.116431e-05
6.919845e-03
1.586490e+00
2.663931e+02
