3.474042e-03
2.029006e+02
2.472803e+01
5.776799e-01
8.475173e-01
4.429207e+02
2.820416e+00
2.154635e-04
4.007654e-04
1.999456e-03
1.271494e+01
2.865015e+04
5.318518e+01
4.354136e-03
2.426976e+00
7.046790e+00
7.588161e-02
2.670948e+06
1.236808e-04
5.733579e+02
9.207968e-03
7.655474e+03
2.053622e+00
2.848176e+00
3.999030e-03
3.034735e-01
1.645145e+01
1.279932e+01
3.362784e+01
4.860149e+00
5.185298e+01
2.082247e+04
6.697016e+02
4.750007e+00
1.479808e+01
9.007522e+01
2.007229e+00
5.505844e-03
7.298977e-04
7.938885e-05
1.515751e+02
3.726282e+05
3.282781e-04
9.763886e+02
8.985216e+00
3.990028e-03
9.475106e+00
4.647220e-02
2.043728e+01
3.267276e+03
2.821255e-01
9.368605e+03
1.037127e+00
3.222301e-03
1.963328e-02
1.580784e+03
1.006215e-01
3.606730e-02
1.720200e+01
1.605493e+01
6.844295e-04
5.755680e+00
2.240140e+00
3.511278e+01
2.286550e+00
2.183123e-04
8.568428e-03
2.448164e-05
3.176243e-04
2.040097e-02
2.554909e+01
8.353396e-07
2.382293e-01
2.101046e+00
5.025745e+03
