7.090935e-01
5.342044e+02
5.695803e+01
1.189139e+02
7.783212e+01
4.017323e+01
1.571792e+00
2.137892e-04
1.069371e-02
4.600069e-04
1.381628e+01
4.070583e+05
2.874893e+00
1.772079e-04
4.751623e-03
7.756502e-02
4.110042e-01
8.715656e+05
7.138258e-03
2.142340e+02
2.023724e+00
4.177302e+05
1.563235e+01
3.484317e-01
1.151083e-01
2.672787e+00
3.033652e+02
1.744703e+03
9.194220e-01
3.512143e+00
1.758142e-01
1.313353e+04
7.219492e+01
2.975605e+01
7.751147e-01
2.911487e+02
2.574119e+00
9.396814e-04
2.639549e-03
4.890305e-06
7.681280e+01
4.106581e+04
4.863211e-04
6.455020e+02
1.279043e+02
1.063309e-01
2.299629e+00
3.438809e-02
5.904276e+00
1.274870e+03
9.710104e-02
1.781749e+04
3.199951e-03
1.392749e-02
5.593398e-02
5.533569e+00
7.277907e-02
1.401639e+00
4.066196e+00
2.060902e+01
1.375358e+00
4.330045e+01
4.114228e+00
4.571775e-02
1.657774e+00
1.087929e-04
4.136939e-04
1.343906e-03
1.065860e-05
3.255030e-03
8.030470e-02
3.749614e-05
1.471257e-03
2.006635e+00
1.442112e+02
