2.121750e-01
1.230686e+03
3.428860e+01
8.838317e+01
5.943625e+00
4.391685e+01
1.895456e+00
6.946825e-04
3.945245e-03
2.170472e-03
2.843475e+02
7.769586e+04
2.103844e+00
5.884926e-03
1.447735e-02
5.140133e-01
3.158882e-02
1.385284e+07
6.743833e-03
5.439518e+02
1.941449e+00
4.821756e+04
4.215531e+01
6.034855e-01
2.186217e-01
3.774653e-01
6.799109e+01
4.475307e+02
2.426796e+01
2.981058e+00
1.857560e+00
6.388291e+03
1.738153e+01
7.705368e+01
1.364842e+00
2.062482e+02
1.682930e+00
6.233631e-03
6.839223e-04
1.888508e-04
1.063256e+00
1.477410e+04
1.941401e-04
9.610127e+02
1.137386e+00
4.236267e-02
4.483552e+00
2.142548e-01
1.046332e+00
9.372074e+03
5.807129e-01
5.211950e+03
1.730155e-01
1.475316e-01
7.941367e-04
8.477951e+01
1.949086e+00
7.212558e-01
4.255054e+00
4.492884e+01
8.277600e-02
1.024326e+01
4.151892e+00
6.497381e-01
2.020288e+00
3.498299e-04
1.105346e-03
4.209563e-03
2.266579e-04
3.675033e-02
9.416465e-01
1.356457e-05
4.534105e-03
1.524235e+00
2.429823e+02
