9.317245e-02
8.989726e+02
3.183197e+01
7.456152e+01
6.599802e+01
7.279948e+01
2.648338e+00
3.285640e-05
8.056495e-03
9.882957e-04
8.933886e+00
1.332064e+04
2.090514e-01
8.253837e-04
2.540098e-01
1.336274e-01
8.862462e-02
3.126633e+06
6.925613e-03
5.749400e+01
4.339288e-02
4.356825e+03
2.649608e+01
2.324918e+00
4.710973e-02
8.690008e-02
1.177060e+01
4.568944e+02
3.763515e+00
1.143899e+00
4.405335e-01
3.163328e+04
4.156300e+01
2.469610e+01
1.572184e+00
1.115845e+02
1.923232e+00
1.435320e-03
1.309236e-03
9.534340e-06
3.888279e+00
3.583285e+05
9.324820e-05
2.756387e+02
2.259287e+00
7.783317e-02
4.010560e-01
1.094403e-01
2.894765e-02
4.587398e+03
1.993107e-02
2.063888e+02
1.106600e-01
1.336294e-02
1.410098e-02
5.359829e+00
6.975796e-01
6.210656e-01
6.779458e+00
2.553884e+02
2.750948e-02
9.271582e+00
3.850281e-01
1.291450e+00
1.360416e+00
1.192189e-04
9.906627e-04
1.364965e-03
1.555881e-05
9.286138e-02
5.025299e+00
1.772884e-06
2.106740e-02
1.593597e+00
4.131999e+02
