5.661682e-01
1.345081e+03
1.088217e+02
9.440864e+01
9.153850e+01
1.066101e+02
2.149713e+00
6.193077e-04
8.832957e-04
1.822503e-03
6.549272e-01
8.791773e+03
1.669303e+00
6.832805e-04
2.203047e-02
3.449233e-01
5.958343e-01
4.717291e+05
3.730978e-02
2.286587e+03
2.692736e+00
4.242214e+03
8.145526e+02
2.952124e+00
5.881022e-02
9.685471e-02
1.416812e+02
2.101097e+03
3.100461e+01
1.645503e+01
1.928386e+00
4.995683e+04
7.236485e+00
7.617778e+00
8.819804e-01
1.199835e+02
2.137271e+00
9.476267e-04
6.437094e-03
3.450007e-05
1.382264e+01
4.663013e+04
1.177960e-04
1.894071e+03
4.451959e+01
5.236235e-02
8.898782e-01
5.295588e-02
3.846311e+00
3.869787e+03
7.515959e-02
3.941325e+03
2.009499e-01
1.305875e-01
2.239842e-03
9.659778e+01
2.274036e-01
5.206000e-02
5.585808e-01
1.465630e+02
4.992701e-02
1.949387e+01
1.947733e+00
5.778962e-01
1.104843e+00
6.713401e-04
1.734369e-03
1.321283e-02
5.937162e-05
1.148457e-02
1.337785e+00
9.012875e-05
8.730091e-03
3.341037e+00
2.257689e+02
