7.040311e-01
9.797713e+02
6.432871e+01
5.441074e+01
1.697872e+03
3.806247e+02
2.126383e+00
5.939324e-05
1.691739e-02
6.901989e-02
1.774850e+02
2.656517e+04
1.393143e+01
6.738461e-03
6.997340e-02
3.914044e-02
9.981957e-02
1.068267e+06
4.086876e-02
3.593216e+03
3.285051e+00
6.219500e+04
7.277199e+01
7.905261e+00
7.268466e-02
2.228758e+00
2.593087e+00
2.950399e+03
1.426079e-01
2.013849e+00
4.275300e+00
5.074451e+04
5.033416e+01
1.432155e+02
2.091280e+00
1.000874e+01
1.760451e+00
4.568230e-03
2.735575e-03
5.720754e-05
3.697261e+01
6.651946e+03
4.514509e-03
5.336325e+02
5.139664e+01
8.786870e-02
6.498374e+00
2.014163e-01
1.114168e+00
2.073686e+05
1.466958e-02
7.437861e+03
3.310673e-01
1.300081e-01
4.295452e-03
7.693956e+01
2.231651e+00
1.020078e+00
1.563230e+00
4.532280e+01
2.842550e-02
4.573053e+01
6.057883e+00
9.865563e-01
1.674974e+00
2.829933e-04
1.410872e-02
3.646052e-02
3.414759e-04
3.661328e-02
2.926094e+00
8.282225e-05
8.305829e-03
1.917176e+00
1.400004e+02
