6.320744e-01
8.514981e+01
1.496063e+01
7.199475e+01
5.757714e+00
9.166407e+01
2.287238e+00
4.724640e-04
1.557190e-02
2.573663e-03
2.416870e+01
1.122348e+04
7.351600e-01
1.032514e-02
9.527404e-01
2.247772e-03
7.601646e-02
3.678975e+05
3.038193e-02
8.057687e+01
1.137999e-01
5.372818e+04
8.504912e+00
6.515650e-01
4.372514e-03
1.067790e-01
1.809994e+01
3.049790e+02
1.031273e+01
1.202344e+00
5.198737e-01
1.081191e+05
1.417676e+01
4.453248e+01
7.238707e-01
1.050277e+02
1.697235e+00
7.923831e-02
1.111409e-03
2.083505e-05
6.022646e+00
1.100665e+04
5.031599e-04
1.064347e+02
1.220245e+00
1.603193e-02
4.249882e+01
1.555962e-01
2.341877e-01
4.131546e+02
5.675887e-03
6.396119e+03
5.609122e-02
2.571328e-02
5.448239e-04
1.620910e+02
8.579342e-01
9.986436e-02
8.066754e-01
7.049212e+01
9.031169e-03
4.838440e+00
1.304156e+00
6.591347e-01
1.874699e+00
2.372134e-05
2.803932e-03
7.568564e-03
1.111133e-05
7.381670e-02
2.719938e-01
7.015207e-06
9.316080e-03
1.884032e+00
8.073021e+01
