2.572353e-01
2.263767e+03
3.130091e+01
7.083417e+01
7.119322e+00
6.376712e+01
1.968623e+00
4.660189e-04
2.964811e-03
2.163890e-03
1.401551e+02
4.702472e+04
3.010774e+00
5.053264e-03
9.226883e-03
5.711493e-01
2.755915e-02
1.047191e+07
5.030958e-03
5.396293e+02
1.077815e+00
4.880481e+04
3.546453e+01
5.033448e-01
3.174438e-01
3.706999e-01
7.213766e+01
5.482864e+02
1.506597e+01
1.729023e+00
2.210518e+00
8.588150e+03
3.701197e+01
7.376159e+01
1.042506e+00
3.308521e+02
1.869326e+00
2.471961e-03
8.267122e-04
2.276704e-04
1.552817e+00
1.862614e+04
1.739468e-04
5.864891e+02
1.758770e+00
3.330708e-02
2.692246e+00
1.600328e-01
1.569764e+00
9.400724e+03
2.430097e-01
7.326786e+03
1.116613e-01
7.978174e-02
5.248420e-04
5.478554e+01
2.297877e+00
9.613985e-01
4.343897e+00
3.028977e+01
7.900621e-02
6.255534e+00
5.903658e+00
7.381420e-01
1.825710e+00
4.233892e-04
1.123370e-03
3.357838e-03
1.981697e-04
7.510301e-02
1.958158e+00
1.134045e-05
8.330939e-03
1.558400e+00
2.751851e+02
