2.977396e-01
1.936147e+03
3.686603e+01
1.328312e+02
5.995638e+00
4.533734e+01
1.926609e+00
7.615520e-04
4.027718e-03
2.642357e-03
3.305085e+02
6.844434e+04
2.414911e+00
6.511424e-03
1.425730e-02
7.908676e-01
2.337544e-02
1.662660e+07
5.992270e-03
9.996838e+02
2.104792e+00
5.386123e+04
5.600790e+01
8.121004e-01
3.430073e-01
6.571990e-01
1.093882e+02
5.276005e+02
2.536737e+01
3.575648e+00
1.896718e+00
5.037581e+03
2.902510e+01
6.986345e+01
1.409646e+00
2.626229e+02
1.778846e+00
6.427102e-03
7.730298e-04
1.903548e-04
1.298333e+00
1.572044e+04
1.642443e-04
6.416617e+02
1.439748e+00
6.282092e-02
6.435831e+00
1.768428e-01
1.532982e+00
9.147667e+03
5.411030e-01
7.363025e+03
1.290516e-01
1.171019e-01
8.120139e-04
8.027304e+01
3.032654e+00
9.870850e-01
5.959174e+00
3.460361e+01
1.058654e-01
9.096356e+00
3.221370e+00
8.855905e-01
1.854201e+00
3.570097e-04
1.075916e-03
4.029257e-03
1.969864e-04
4.967117e-02
1.205117e+00
1.457294e-05
4.122817e-03
1.549992e+00
2.502894e+02
