2.159779e-01
1.275735e+03
4.432797e+00
2.542871e+01
1.950214e+01
8.624835e+02
2.125939e+00
1.649017e-04
2.485115e-03
2.034333e-03
7.354372e+00
9.649660e+03
4.978128e+00
9.411887e-03
1.033493e-01
6.540639e-02
1.332076e-01
2.413512e+06
4.580884e-03
2.682596e+01
2.036259e+00
1.909349e+04
3.299887e+01
6.947632e-02
4.298264e-03
1.012601e+00
4.995442e+01
2.217366e+02
6.596058e+00
1.616514e+02
2.223422e-01
2.504877e+04
4.583334e+01
1.686249e+00
8.275937e+00
1.280945e+03
1.447970e+00
1.876250e-02
7.331225e-04
4.521091e-05
6.677329e+00
5.406973e+02
3.613342e-04
3.694765e+01
7.293632e-01
1.301249e-02
9.440759e+00
1.317501e-01
7.121418e-01
1.482089e+04
3.199722e-02
2.670700e+03
3.627451e-02
1.254010e-01
6.625620e-04
2.006660e+01
2.348456e-01
9.783224e-02
2.395245e+00
8.238992e+01
2.310476e-04
1.333752e+01
2.603575e-01
4.066380e-01
1.742869e+00
1.599353e-04
7.367174e-04
4.627012e-04
4.833364e-05
1.332865e-03
3.154043e+00
1.939326e-04
3.022522e-02
1.420026e+00
1.964853e+02
