3.211608e-01
2.321712e+03
3.011136e+01
6.584172e+01
9.120984e+00
6.252095e+01
2.035761e+00
5.175010e-04
2.720564e-03
1.546547e-03
7.871253e+01
5.288168e+04
2.336791e+00
5.930642e-03
9.603200e-03
8.434521e-01
3.320057e-02
1.036900e+07
5.186302e-03
5.392064e+02
1.040581e+00
4.689886e+04
3.643375e+01
5.178505e-01
2.695717e-01
3.705948e-01
7.122455e+01
6.277477e+02
1.165900e+01
1.251753e+00
2.229898e+00
8.503662e+03
5.389019e+01
9.204955e+01
1.249810e+00
3.830059e+02
1.908226e+00
1.816769e-03
9.583106e-04
1.652661e-04
1.922816e+00
2.620125e+04
2.082026e-04
3.777905e+02
2.375604e+00
2.965869e-02
2.329416e+00
1.365497e-01
1.860247e+00
1.079012e+04
1.959594e-01
6.410436e+03
1.079297e-01
6.083477e-02
6.454142e-04
3.084747e+01
2.007551e+00
9.303322e-01
4.998556e+00
3.213115e+01
8.189993e-02
5.756518e+00
4.954935e+00
8.988190e-01
1.832606e+00
3.681456e-04
1.050101e-03
3.177035e-03
2.861207e-04
5.908376e-02
2.530237e+00
1.127164e-05
5.392563e-03
1.596487e+00
2.654782e+02
