7.413802e+00
1.886139e+04
1.165421e+01
2.615991e+02
1.053825e+00
1.322797e+04
1.094837e+00
7.896909e-04
1.287516e-04
3.301384e-02
1.355912e+02
3.939822e+04
6.460035e-01
5.095415e-03
1.333602e-01
7.255287e-04
7.984188e+00
9.276929e+04
7.821223e-03
5.686201e+01
1.161934e-01
2.466470e+04
2.367314e+02
1.957187e+01
2.982270e-04
5.292695e-01
3.062716e+00
2.142232e+02
5.883340e-01
2.852607e+01
2.702680e+01
4.395296e+03
3.502650e+02
2.241026e+02
6.973036e-01
5.417804e+01
1.601106e+00
1.733696e-03
3.748559e-03
7.070967e-06
1.130055e+01
2.363268e+03
8.566675e-05
8.798285e+00
1.680861e+01
6.911395e-01
6.624033e-03
4.059739e+00
5.996813e+00
7.258686e+03
2.590470e-03
4.737016e+02
9.555588e-02
3.804180e-02
6.006220e-04
2.310255e+01
3.018673e+01
8.076300e-03
9.604619e-02
6.912300e+02
2.335288e-02
8.236751e+01
3.110469e+01
2.157398e+01
1.695216e+00
1.045192e-03
5.578691e-02
3.238732e-02
3.903945e-07
9.918306e-01
2.507880e-01
3.805354e-03
2.685866e-03
1.115084e+00
8.963934e+01
