1.005329e-01
3.634830e+02
3.081510e+01
1.288673e+02
3.537308e+01
7.996464e+01
2.785832e+00
5.786060e-05
1.160830e-02
1.500893e-03
9.474520e+00
7.662921e+03
2.844974e-01
1.047212e-03
1.569201e-01
1.545270e-01
1.406902e-01
3.684973e+06
2.537771e-03
7.851067e+01
4.728367e-02
5.958933e+03
2.424793e+01
1.914306e+00
4.843451e-02
5.365402e-02
9.509116e+00
3.126868e+02
3.785106e+00
2.922610e+00
3.351853e-01
2.154148e+04
2.161675e+01
2.148108e+01
3.189394e+00
9.335139e+01
2.137459e+00
1.715088e-03
1.176615e-03
9.418056e-06
2.319533e+00
1.618848e+05
1.670699e-04
2.204400e+02
2.827045e+00
4.193025e-02
9.816739e-01
9.860099e-02
4.967833e-02
3.375140e+03
1.444054e-02
2.486169e+02
9.534402e-02
1.399838e-02
1.351231e-02
8.726966e+00
3.478535e-01
3.330333e-01
7.295004e+00
1.169675e+02
2.140756e-02
4.167991e+00
5.511536e-01
1.227405e+00
1.310207e+00
8.473255e-05
1.617058e-03
1.014079e-03
1.383117e-05
9.060147e-02
2.324035e+00
2.190914e-06
1.047598e-02
1.475705e+00
3.030075e+02
