3.629332e-01
7.259531e+02
5.516787e+02
7.444068e+02
1.585217e+01
2.827904e+01
2.237289e+00
3.473212e-04
1.062404e-02
2.953061e-02
5.511472e+01
2.020288e+04
5.132223e+00
4.541299e-03
9.608337e-02
1.711968e-01
9.931426e-01
4.850974e+05
1.583891e-01
3.781127e+03
2.137385e+00
7.149307e+04
5.656986e+01
4.283368e+00
4.423539e-02
2.011314e-01
4.659380e+01
4.475205e+02
3.587617e+01
1.144157e+01
7.212431e-01
8.432177e+04
4.833938e-01
1.625933e+01
3.096494e+00
4.857242e+01
1.334574e+00
1.722012e-02
8.686380e-04
1.120837e-04
7.985760e-01
2.313251e+03
4.458027e-04
1.392739e+04
4.341788e+01
8.953078e-03
2.218941e-01
1.185484e+00
7.092632e-01
8.118362e+03
1.989273e-02
1.786677e+03
1.305556e-02
2.732768e-02
9.202199e-04
2.271085e+01
2.470567e-01
3.633690e-02
4.227555e+00
2.017644e+02
4.693412e-03
3.085170e+01
5.014232e-01
4.121332e-01
1.673380e+00
1.394889e-04
4.530408e-03
5.378954e-02
5.548589e-06
1.381899e-01
3.707567e-01
8.455091e-05
2.249579e-02
2.027048e+00
1.440649e+02
