3.034067e-01
1.791163e+03
2.919049e+01
4.318392e+01
1.159852e+01
3.270287e+01
2.028078e+00
5.044614e-04
6.081629e-03
3.330945e-03
1.688096e+02
5.855788e+04
2.041238e+00
9.116693e-03
1.419340e-02
4.202914e-01
3.006400e-02
6.759135e+06
9.648460e-03
7.308006e+02
1.405939e+00
4.982875e+04
2.729555e+01
6.860631e-01
1.434843e-01
2.487522e-01
7.137000e+01
7.743658e+02
3.395342e+01
3.145309e+00
2.193150e+00
6.003232e+03
1.525353e+01
4.680308e+01
1.059432e+00
3.702183e+02
1.722024e+00
3.714532e-03
6.418474e-04
2.104305e-04
2.197301e+00
2.358750e+04
2.031835e-04
9.085372e+02
2.502396e+00
3.841999e-02
4.288189e+00
1.354374e-01
1.407281e+00
5.149900e+03
3.694041e-01
6.077281e+03
1.370005e-01
1.027840e-01
1.002151e-03
5.594413e+01
2.731448e+00
5.923931e-01
3.462468e+00
3.052792e+01
7.046351e-02
1.348657e+01
5.258393e+00
8.741809e-01
2.201280e+00
2.784468e-04
1.733719e-03
3.472071e-03
2.278577e-04
3.068581e-02
1.375371e+00
1.940444e-05
3.622388e-03
1.682984e+00
1.748287e+02
