3.536021e-01
1.058333e+03
2.935769e+01
2.745110e+01
5.990267e+01
5.233565e+01
1.965052e+00
2.277169e-04
1.039585e-02
2.682691e-03
4.148241e+00
2.124916e+04
3.345991e+00
2.555555e-03
1.618956e-02
4.583841e-02
5.173786e-01
1.287458e+06
4.470643e-03
1.428236e+03
3.598128e-01
1.216270e+05
1.745010e+01
5.804744e-01
8.884734e-02
5.308738e-01
1.015337e+01
1.639265e+02
1.746781e+01
2.255245e+01
1.059320e+00
5.626371e+03
8.701307e+00
9.512666e+01
9.880053e-01
1.414367e+02
2.239596e+00
4.112871e-03
5.952495e-04
3.288915e-05
1.777204e+01
6.727788e+03
1.234469e-03
3.538161e+02
6.404967e+00
2.873509e-02
1.558827e+00
8.766139e-02
8.431517e-01
7.664968e+02
1.571343e-01
1.427491e+04
3.126860e-02
3.984443e-02
1.901307e-04
1.779425e+01
1.120383e-01
4.857978e-01
1.455907e+00
2.438721e+01
7.664593e-03
7.222524e+00
1.291983e+00
2.364878e+00
1.911569e+00
9.304365e-04
1.234269e-03
6.684241e-03
7.504556e-05
2.649927e-01
4.495976e-01
4.441698e-06
7.717470e-03
1.891333e+00
2.101948e+02
