1.013600e+01
1.465984e+04
2.091936e+01
2.248010e+02
5.698560e-01
1.708495e+03
1.000000e+00
7.202445e-04
7.875765e-05
2.932585e-02
7.706141e+01
1.155436e+04
1.749213e-01
1.521714e-03
1.055140e-01
7.046790e-04
1.624748e+00
1.318100e+05
3.186112e-03
5.036292e+01
1.161153e-01
1.464205e+04
1.642476e+02
3.419245e+01
2.592506e-04
6.514663e-01
2.309467e+00
6.713518e+01
2.284716e-01
7.814220e+00
7.381398e+00
4.476830e+03
2.093576e+02
2.194579e+02
2.094090e-01
2.032081e+01
1.617836e+00
1.210702e-03
4.901408e-03
1.840307e-06
1.009776e+01
8.349073e+02
6.932579e-05
5.285524e+00
7.981825e+00
3.355627e-01
5.452852e-03
2.069401e+00
5.935762e+00
9.240706e+03
9.112875e-04
2.509690e+02
1.130658e-01
4.091462e-02
3.578622e-04
1.594477e+01
1.450839e+01
8.054724e-03
2.335459e-02
1.044765e+03
1.445304e-02
4.626129e+01
1.275714e+01
1.657548e+01
1.607751e+00
3.050127e-04
1.443889e-01
3.164020e-02
3.884735e-07
4.877101e-01
1.743816e-01
4.130000e-03
3.006765e-03
1.000000e+00
8.482101e+01
