7.162806e-01
1.426938e+03
4.207025e+01
1.088980e+02
4.091403e+01
8.379629e+01
1.891110e+00
1.531742e-04
3.441608e-03
3.596284e-03
4.767593e+00
1.115308e+05
1.902732e+00
6.111125e-03
2.351622e-03
7.452177e-02
4.624702e-01
2.837890e+05
3.605558e-03
1.793625e+03
3.442293e-01
9.952119e+04
2.267961e+01
9.982326e-01
2.064070e-01
8.907667e-01
1.971293e+01
6.910153e+02
3.192433e+00
5.688678e+00
1.382909e+00
4.808619e+03
1.494101e+01
3.188139e+01
7.650751e-01
4.910432e+01
2.689522e+00
6.952273e-03
6.746450e-04
2.356724e-05
3.042390e+01
8.915796e+03
3.979238e-04
1.634084e+02
5.195950e+00
5.216455e-02
2.358928e-01
5.054462e-02
8.517721e-01
1.110871e+03
6.110706e-02
2.371861e+03
2.619677e-02
9.252085e-03
2.556396e-04
4.755304e+00
6.182257e-01
3.080180e-01
5.636288e-01
2.841256e+01
2.690781e-02
7.575997e+00
1.109287e+00
9.044702e-01
1.776087e+00
8.261039e-04
1.832042e-03
5.020450e-03
2.339933e-04
3.451769e-01
6.723725e-01
1.416382e-06
3.116450e-02
2.003663e+00
1.414089e+02
