3.534467e-02
9.046877e+02
2.584196e+01
2.994074e+03
2.924109e+03
1.097719e+01
3.248081e+00
3.259975e-05
3.007163e-03
2.441319e-02
1.213458e+02
3.582755e+05
2.992347e-02
1.172165e-01
2.000816e+00
7.046790e-04
5.883325e-02
1.726419e+04
3.250894e-03
2.071651e+01
1.029364e+00
3.936987e+05
5.261061e+02
2.889635e-02
4.933795e-01
1.616909e-02
2.334881e+01
5.596144e+03
9.949026e-02
1.499181e-01
1.136511e+00
2.342301e+05
4.776778e-01
8.135312e+01
4.235598e-01
5.560561e+00
1.115139e+00
9.259641e-04
2.171425e-03
4.483289e-06
5.597907e-01
8.884765e+01
1.246635e-04
5.285524e+00
4.190722e-02
7.037924e+00
4.695547e+00
1.332498e+01
6.516322e+00
3.992061e+05
1.069612e-02
3.168527e+04
5.061733e-03
7.924689e-03
7.393244e-04
2.146275e-01
6.860205e+01
9.693458e-02
1.939181e+01
2.960354e+02
1.431521e-01
4.133251e+02
3.717774e-02
9.666351e-03
3.550004e+00
9.338492e-05
2.318711e-02
5.583748e-02
2.645668e-05
5.824259e-04
1.002322e-01
5.794160e-06
3.501993e-01
1.128961e+00
1.102645e+01
