4.398163e-03
7.317156e+02
2.545914e+01
1.888927e+01
3.329518e-01
1.034046e+01
1.165878e+00
8.107797e-04
2.276630e-02
5.842325e-04
5.636949e-02
1.367189e+06
1.708840e+01
2.781869e-05
4.278701e-03
3.095892e-03
2.952360e-02
4.387324e+05
9.506328e-04
3.878377e+04
6.762334e-02
3.466385e+03
1.041569e+02
2.576160e+00
2.532234e-01
2.760577e-01
1.923118e+03
7.682841e+01
6.574760e+02
1.422904e+00
5.576450e-01
6.256172e+05
3.423932e+00
2.300731e+02
1.893085e+00
5.373922e+03
2.301616e+00
1.101412e-03
2.804609e-02
2.448704e-06
6.587544e+01
2.158451e+05
1.171624e-04
1.135264e+02
9.001217e+00
2.353987e+00
5.238483e-01
2.433454e-02
9.099687e+01
2.131716e+05
5.388328e+00
1.231588e+03
1.472018e+00
1.296296e-02
1.262996e-03
4.603086e-01
7.637787e-02
1.578287e+01
5.172673e-01
2.659483e-01
9.536111e-04
3.493130e+00
1.133501e-02
1.040089e-02
2.374995e+00
2.704880e-02
2.057757e-04
3.878254e-04
9.030997e-05
2.316100e-04
1.900512e+01
5.231846e-06
1.918902e-01
2.765603e+00
2.452480e+03
