2.932411e-01
1.177794e+03
2.334497e+01
3.361015e+01
3.755822e+01
5.531863e+01
1.913474e+00
3.731062e-04
7.769368e-03
2.843938e-03
3.387982e+00
2.316334e+04
4.009578e+00
1.101296e-03
8.930861e-03
3.870326e-02
5.072971e-01
1.352341e+06
3.929833e-03
1.273384e+03
3.903339e-01
8.297318e+04
9.570358e+00
7.707393e-01
1.418737e-01
5.055850e-01
5.818404e+00
1.607148e+02
3.391955e+01
2.547670e+01
1.123958e+00
7.747948e+03
6.582313e+00
6.475970e+01
7.136655e-01
5.793208e+01
2.251367e+00
3.031987e-03
6.726118e-04
5.803247e-05
2.405560e+01
5.906485e+03
1.385932e-03
6.303863e+02
3.322578e+00
2.506248e-02
1.988147e+00
1.046441e-01
8.731598e-01
8.751376e+02
2.042660e-01
9.347042e+03
3.497496e-02
5.260323e-02
2.710176e-04
9.354471e+00
1.318665e-01
4.518450e-01
1.368640e+00
2.672928e+01
6.535496e-03
7.595180e+00
1.206979e+00
6.049983e+00
1.873513e+00
6.829121e-04
9.823452e-04
6.123396e-03
4.677018e-05
1.071838e-01
2.784678e-01
5.881260e-06
7.638784e-03
2.041025e+00
1.458152e+02
