6.036774e-02
1.621455e+04
6.696918e+00
1.050349e+02
4.344367e+00
1.783486e+03
4.000000e+00
5.654122e-05
1.812486e-03
5.218446e-02
3.053929e+02
3.418048e+06
9.469091e+01
1.402093e-05
5.020597e-03
3.302534e-03
2.386514e-01
3.874898e+06
9.775537e-03
3.202058e+01
1.486020e-02
5.747970e+02
2.787188e+02
9.139399e+01
8.478295e-03
9.180016e+00
3.671401e+02
6.262669e+02
2.448730e+00
6.168548e-01
9.203589e+00
2.131269e+06
6.913328e+00
1.504397e+03
6.552142e+01
1.118845e+04
1.623725e+00
4.405380e-04
5.381246e-02
5.176169e-03
9.256816e+01
8.562744e+05
1.447622e-03
1.474514e+03
1.793747e-01
3.925846e-03
2.019246e-01
8.759552e+00
5.217262e+00
2.519700e+02
4.682981e-01
1.583333e+03
7.834431e+00
3.474068e-02
2.034161e-04
3.288515e+00
6.860205e+01
7.331024e+00
1.246177e+00
3.266281e+02
1.021579e-03
8.399670e-01
3.473162e+00
8.637021e+00
1.897615e+00
7.529669e-04
1.292584e-02
7.594232e-03
3.249824e-04
1.957833e+00
1.711246e-01
2.653142e-05
1.384439e+00
2.749716e+00
2.937722e+03
