3.428484e-03
5.601504e+01
7.132748e+01
1.617920e+00
2.384679e+02
5.226956e+00
1.000000e+00
1.101638e-04
6.894973e-04
5.021480e-05
5.636949e+02
1.007182e+03
1.076610e+01
5.816805e-04
8.981114e-01
6.826702e-02
9.296920e+00
7.206131e+04
6.746770e-02
3.878377e+00
2.836709e-01
2.471386e+06
1.009064e+03
8.745119e-02
5.104047e-01
9.702739e-01
1.406830e+03
1.039318e+04
8.629654e-01
2.785439e-01
9.238297e-03
5.403317e+05
2.100792e+02
2.361680e+02
6.713720e-01
3.831878e+03
2.004517e+00
1.234065e-03
2.680841e-02
5.295801e-06
2.165271e+01
3.908504e+04
6.865029e-05
3.455711e+02
9.179730e-01
8.091190e-01
1.286683e+01
9.528995e-03
9.099687e+01
2.212652e+04
4.588941e+00
1.918428e+04
2.395506e-03
3.456331e+00
7.532041e-04
1.580784e+03
7.426658e-02
6.158039e-03
2.357856e-02
2.024456e+02
7.675341e-02
1.728957e-01
5.446708e+01
3.557381e+00
1.388854e+00
1.073392e-04
7.536820e-02
1.690760e-04
6.037251e-06
3.689560e-03
1.454213e-01
1.646522e-05
3.820240e-01
1.176755e+00
3.416951e+03
