2.452421e-01
1.548810e+03
3.095794e+01
6.619932e+01
7.062078e+00
3.882248e+01
1.845726e+00
6.268137e-04
3.584572e-03
2.029312e-03
2.537795e+02
7.534961e+04
2.324676e+00
5.954547e-03
1.334955e-02
4.318759e-01
2.597258e-02
1.104319e+07
6.983738e-03
5.043039e+02
1.892252e+00
5.803936e+04
2.617917e+01
6.149904e-01
1.545845e-01
2.628464e-01
6.922185e+01
5.453858e+02
2.504552e+01
3.071776e+00
1.975912e+00
9.278111e+03
1.684353e+01
6.570955e+01
1.442735e+00
2.264529e+02
1.723150e+00
5.885797e-03
5.682680e-04
2.672104e-04
1.139397e+00
1.629351e+04
1.694801e-04
8.079559e+02
1.475962e+00
3.547774e-02
3.725523e+00
1.730177e-01
1.422005e+00
7.234218e+03
4.948005e-01
5.807636e+03
1.605488e-01
1.246329e-01
8.626018e-04
8.329579e+01
2.000533e+00
6.670884e-01
4.123872e+00
3.706768e+01
6.505203e-02
9.798666e+00
4.317190e+00
4.893817e-01
1.987589e+00
3.745748e-04
1.348612e-03
4.226286e-03
1.916720e-04
2.694599e-02
8.880854e-01
2.127054e-05
4.346040e-03
1.565877e+00
1.941821e+02
