2.768734e-01
7.570191e+02
3.561058e+01
1.539940e+01
6.088985e+01
2.918910e+01
1.711687e+00
1.229483e-04
5.943758e-02
7.490757e-03
2.962988e+00
1.282723e+04
1.566384e+00
2.948649e-03
6.565819e-02
1.870317e-01
3.013916e-01
5.134053e+04
2.092720e-03
4.289101e+02
1.517942e-01
6.584119e+04
1.360882e+01
1.987770e+00
2.094036e-02
5.608482e-01
1.969400e+00
2.353992e+03
5.717122e+00
1.475997e+02
3.441253e-01
1.645852e+05
1.945180e+01
2.316087e+01
1.535259e+00
5.807651e+01
1.539578e+00
5.412063e-03
8.071768e-04
8.821928e-05
2.235812e+01
3.377416e+03
8.222330e-04
7.435688e+02
5.973517e+00
4.848326e-02
7.538866e-01
1.912988e-02
1.549809e+00
1.119602e+03
1.246165e-01
1.091827e+03
5.914101e-02
1.932692e-02
1.427128e-03
1.506202e+01
1.659922e+00
3.474474e-01
7.480238e+00
1.003538e+01
1.512021e-02
2.860475e+00
3.702662e-01
1.450144e+00
1.708239e+00
2.567191e-04
1.590843e-02
6.348773e-03
1.034696e-05
9.404509e-02
2.450276e-01
6.905138e-05
3.183313e-03
2.237306e+00
1.537897e+02
