3.238166e+00
2.869035e+04
7.750450e+02
4.432366e+01
6.391420e+01
9.933492e+01
1.196761e+00
4.215894e-04
7.417787e-04
4.156360e-05
1.233812e+01
1.007483e+03
4.809403e-02
3.502577e-04
3.836252e-03
4.607344e-02
4.610311e-01
1.074100e+07
7.529108e-03
8.350130e+01
1.111948e-01
1.033634e+06
1.291067e-01
4.840839e-02
1.012097e-02
1.474346e-01
8.832262e+00
3.677701e+02
1.682094e+01
9.168050e+02
8.391758e-03
1.009610e+03
4.449708e+01
1.123504e+00
1.624300e-02
1.636406e+01
3.683421e+00
1.902084e-01
5.590503e-03
4.767348e-05
2.964127e-01
3.668064e+02
2.084401e-05
1.029561e+01
1.121620e+02
5.616922e+00
2.807485e+00
1.752768e-02
1.411400e+01
2.128822e+05
4.496286e-01
2.065765e+02
1.669786e-01
6.511385e-01
2.537684e-02
1.032860e+02
5.190602e+00
1.478890e-02
7.599724e-02
6.234554e-01
3.361041e-04
5.972538e-01
7.259091e+01
5.456327e-02
1.569386e+00
2.679444e-05
1.363264e-03
2.135658e-04
1.973528e-06
4.627351e-04
6.020800e-02
9.633763e-04
5.094003e-03
3.372631e+00
1.108475e+02
