9.155473e+00
9.518148e+02
9.759693e+00
1.001328e+00
5.286790e+00
4.003820e+01
1.374270e+00
1.031959e-05
8.321094e-02
2.519538e-03
9.257601e+00
1.953103e+04
2.390262e+02
4.393448e-04
5.135815e-02
7.046790e+00
1.158617e-02
1.166958e+05
5.648117e-01
1.082708e+01
5.141844e-01
1.708530e+05
3.667790e+00
2.224445e+00
1.034613e-03
3.223185e-02
1.014290e+01
3.842626e+04
7.021288e+01
2.508514e+02
1.256276e+00
2.420139e+04
1.676365e-01
2.478824e-01
3.352004e-01
3.285852e+01
2.292792e+00
1.507898e-01
1.259081e-02
1.345575e-06
5.945661e+00
1.828714e+05
5.309028e-04
5.285524e+00
1.745848e+02
1.183324e+00
8.793834e-01
1.527757e-03
4.311633e+01
1.342610e+04
1.795656e-02
9.679265e+02
3.853877e-01
6.320346e-04
1.418501e-04
1.615945e+00
3.938071e+01
1.478415e+00
7.562805e-01
1.930851e+01
1.173807e-02
2.504236e+02
2.013606e-01
1.027089e-02
1.310766e+00
5.596732e-06
1.789988e-05
3.101148e-04
2.393889e-03
2.181209e-01
3.434858e+01
4.130000e-03
4.763455e-01
4.000000e+00
9.052443e+00
