3.459985e-03
1.121793e+04
8.408002e+02
2.496676e+01
1.816151e+03
6.429898e+00
1.899426e+00
3.820746e-04
3.102499e-02
9.882682e-02
1.458217e+02
8.924401e+02
2.504284e-01
1.172165e-01
2.259926e-03
2.654935e-03
2.891955e-02
3.483789e+05
5.648117e-01
2.483603e+03
7.876387e-01
2.951607e+06
1.009064e+03
7.605967e+00
2.592506e+00
4.902966e-02
1.923118e+03
4.415834e+04
8.983957e-01
5.502650e+00
1.095561e+00
1.959671e+03
1.702795e+00
4.843301e+02
4.047851e+00
7.608232e+00
2.122397e+00
1.789729e-03
1.346075e-02
1.445540e-04
8.907637e-02
2.392576e+04
6.481150e-05
1.084996e+04
1.745848e+02
4.896872e-03
3.039953e-02
2.342621e-02
7.232289e+01
2.390617e+03
1.381709e-02
2.243100e+01
2.171977e-01
4.923490e-03
1.670815e-05
1.411860e+03
6.711653e+00
1.574713e-02
1.291495e+02
9.202625e-01
6.618378e-02
1.218550e+02
4.572568e+00
4.315204e-02
1.181900e+00
2.786609e-04
1.561720e-04
2.448164e-01
2.984971e-03
8.406405e-03
3.969506e+01
4.144832e-06
1.335775e-02
3.154382e+00
3.589400e+03
