2.699311e-01
1.689182e+03
3.043661e+01
6.665598e+01
7.268276e+00
4.588409e+01
1.845085e+00
5.481997e-04
2.905837e-03
1.499351e-03
1.073285e+02
4.353821e+04
1.897941e+00
3.648106e-03
7.615169e-03
6.215462e-01
3.172166e-02
6.391800e+06
3.645813e-03
5.500738e+02
1.124798e+00
6.272458e+04
2.752738e+01
4.554115e-01
2.610974e-01
3.484133e-01
5.918514e+01
4.695367e+02
9.884254e+00
1.374801e+00
1.742970e+00
7.945515e+03
4.140549e+01
6.692011e+01
7.725953e-01
2.445170e+02
1.754494e+00
2.908922e-03
7.132669e-04
1.410808e-04
1.177308e+00
1.460821e+04
1.900525e-04
4.202746e+02
2.138286e+00
2.606988e-02
2.910183e+00
1.122233e-01
1.687870e+00
9.456263e+03
2.906930e-01
4.951438e+03
9.042665e-02
6.792855e-02
4.784912e-04
4.888171e+01
2.025034e+00
7.316614e-01
3.746930e+00
2.453270e+01
7.372584e-02
5.509973e+00
3.979616e+00
5.227166e-01
1.850848e+00
2.890228e-04
1.021284e-03
2.990631e-03
1.892504e-04
3.836998e-02
1.214417e+00
1.378217e-05
4.767442e-03
1.530048e+00
2.276940e+02
