3.843286e-01
6.257570e+02
2.789319e+01
1.703894e+02
3.547166e+01
1.122953e+02
2.224297e+00
2.536252e-04
1.096893e-02
2.246229e-03
1.197625e+01
1.290973e+05
3.217178e+00
1.145030e-03
4.298952e-02
5.083540e-03
1.429975e-01
7.599190e+04
1.832507e-01
7.820052e+02
1.219045e-02
6.493679e+04
2.952472e+00
3.872662e-01
3.540580e-03
5.849411e-02
4.165611e+01
3.095099e+02
7.642571e+00
2.686615e+00
5.835630e-01
3.271652e+05
1.401602e+02
5.467290e+00
6.005303e+00
2.464329e+02
1.094443e+00
9.589012e-03
1.365746e-03
8.407724e-06
1.074965e+01
3.305104e+03
4.033810e-04
4.405109e+02
2.044977e+01
1.542089e-01
8.937112e-01
2.963896e-01
1.019378e+00
5.256447e+02
1.012995e-01
8.420273e+02
1.610372e-02
5.510289e-02
1.534483e-03
1.006593e+01
2.212604e-01
4.166233e-01
2.320399e-01
1.908314e+02
5.251019e-03
1.498385e+01
8.648510e-01
1.302082e+00
1.081530e+00
4.687544e-05
2.994462e-02
1.592332e-04
2.766186e-06
1.324975e-03
3.457014e-01
4.993389e-05
1.282847e-01
2.037089e+00
1.337100e+02
