3.321712e-01
9.356383e+02
2.820485e+01
7.712882e+01
2.325980e+01
1.081596e+02
2.039474e+00
2.161935e-04
9.447178e-03
1.381011e-03
1.255945e+01
8.006431e+04
1.324268e+00
1.982226e-03
1.644878e-02
6.818374e-02
1.770720e-01
7.452403e+05
3.515977e-03
3.814489e+02
1.499278e+00
4.177935e+04
6.597471e+01
1.205056e+00
1.299851e-01
6.189481e-01
7.866916e+01
6.068650e+02
7.121174e+00
1.637800e+01
1.418913e+00
3.057820e+04
9.172387e+00
3.979795e+01
2.055575e+00
1.220491e+02
2.188162e+00
1.025034e-02
1.133808e-03
4.077326e-05
7.169434e+00
8.050703e+03
3.977783e-04
5.870833e+02
1.929968e+00
1.413271e-01
1.819767e+00
1.363576e-01
1.640203e+00
3.439930e+03
6.596569e-02
1.921244e+03
4.616005e-02
2.851940e-02
5.741581e-04
1.554603e+01
1.031041e+00
1.075624e+00
2.329798e+00
4.269583e+01
5.471977e-02
9.948633e+00
9.596891e-01
8.318229e-01
1.616265e+00
4.588749e-04
1.271710e-03
2.448115e-03
3.009856e-05
4.114661e-02
4.109638e-01
1.411163e-05
1.214998e-02
2.229052e+00
1.884747e+02
