1.029269e-01
6.464793e+02
7.050671e+01
9.237525e+00
1.890653e+01
6.071711e+00
1.514726e+00
1.142347e-03
8.004247e-04
2.678029e-04
4.898662e+01
6.734901e+02
4.802184e-01
4.780620e-04
3.640986e-02
1.000131e-01
1.182315e-01
1.230536e+05
1.048060e-02
2.989956e+03
2.532569e-02
9.670377e+03
6.242306e+00
9.539084e-01
5.903654e-03
4.938148e-02
1.221362e+02
1.094695e+03
4.258106e+00
2.870860e+00
1.627319e+00
1.557569e+04
1.019654e+01
1.082945e+01
2.989773e-02
2.529926e+02
1.821579e+00
3.204454e-03
1.467055e-03
4.133485e-05
5.217453e+00
3.186237e+04
3.594132e-05
3.810392e+02
1.549087e+00
2.938787e-01
5.696574e-01
1.306044e-01
8.926784e-01
6.996379e+03
3.502195e-03
2.833595e+01
5.339224e-02
3.455398e-02
3.526942e-03
3.643309e+01
1.961056e+00
8.836349e-01
1.808325e-01
1.104040e+02
2.590413e-02
1.595088e+01
9.626011e-01
1.257896e+00
1.738997e+00
2.062631e-04
1.712606e-03
3.551005e-04
3.629978e-06
7.577668e-03
8.121559e-01
3.459709e-05
2.459016e-02
1.719689e+00
4.775180e+02
