1.794825e-02
1.056637e+02
1.392564e+01
9.310363e+00
3.149661e+00
1.551573e+02
1.801640e+00
5.035762e-04
1.004605e-03
5.802726e-05
2.256467e+00
4.038522e+03
2.853354e-01
8.123252e-04
7.298897e-03
4.195357e-02
1.053180e-02
1.411245e+06
6.516184e-03
2.404868e+02
8.165180e-02
5.304497e+04
1.136364e+01
1.185371e-01
1.487671e-02
1.517490e-01
1.315574e+01
1.297889e+03
7.661564e-01
8.158245e-01
5.090750e-01
3.419136e+03
2.201882e+01
4.013368e+00
5.318327e-01
6.500914e+02
1.141781e+00
9.275298e-03
4.624810e-03
6.958523e-06
2.127105e+00
3.830480e+03
2.623072e-04
1.444966e+02
2.523897e-01
1.560181e-01
4.684623e-02
1.997503e-01
8.113376e-01
1.858951e+04
2.252800e-02
7.759295e+01
6.894497e-03
9.863022e-02
2.766508e-03
1.813322e+00
1.171325e+00
1.886011e-01
2.845413e+00
3.771747e+01
3.477152e-01
6.752719e+01
2.919237e-01
2.922793e-01
2.095542e+00
1.377517e-05
5.680718e-04
7.029227e-03
1.706705e-05
1.008236e-02
2.927984e-01
1.135759e-04
1.001121e-02
2.516144e+00
4.032713e+02
