5.727309e+00
4.882163e+03
1.169057e+01
4.848863e+01
2.008224e+01
1.171214e+02
1.861081e+00
8.241281e-05
1.280509e-01
1.102243e-02
1.475876e+01
7.486321e+03
1.025596e+01
1.584072e-05
6.975292e-02
4.625020e-03
2.571333e-01
1.892185e+05
1.002283e-03
6.567499e+02
1.716387e-01
1.515050e+05
4.323151e+00
5.260758e+01
4.055353e-01
4.721890e-01
5.345214e+00
2.690117e+02
4.288395e+01
2.214589e+00
6.926376e-01
9.017545e+04
2.818659e+01
1.478823e+03
6.839506e-02
4.267198e+01
1.176104e+00
2.221048e-03
2.162117e-03
2.388975e-04
1.854797e+01
5.211283e+04
1.987397e-03
8.071709e+02
1.136947e+00
6.520261e-02
2.895909e-01
1.229391e-01
4.936754e+00
2.610716e+03
3.290649e-01
2.284294e+04
5.092534e-01
1.682014e+00
9.892106e-03
6.030497e+00
1.000133e+00
5.480396e+00
7.880364e-01
3.793499e+01
2.591633e-01
5.262956e+01
1.629400e+00
2.693656e-01
1.990904e+00
1.040241e-04
2.333431e-04
2.605815e-03
9.642385e-04
1.427065e-01
6.058990e-01
2.841968e-03
5.471999e-01
1.718939e+00
6.474952e+01
