6.839381e-02
2.005906e+02
7.262097e+00
1.901493e+00
9.417201e+01
4.723603e+00
2.155484e+00
1.470028e-03
1.733857e-04
3.170629e-02
8.953702e+01
9.936589e+05
1.480964e-01
1.781193e-03
1.209215e-02
3.411991e+00
1.168004e+01
5.729674e+06
7.068074e-04
7.715665e+03
7.252588e-01
6.249071e+04
4.827959e+00
1.808897e+00
1.890171e-02
1.270088e-02
1.494935e+00
2.271458e+02
7.592631e+01
6.000237e+01
2.580571e+01
5.859414e+02
1.367602e+02
8.778702e+00
2.229920e+01
5.213568e+03
2.955084e+00
5.257865e-03
1.130644e-03
1.248029e-03
2.340635e+00
1.478668e+04
1.273268e-02
3.737454e+02
2.341593e-01
9.357288e-01
6.777344e-01
4.291673e-03
1.081992e+01
1.391374e+03
3.018862e-02
1.176224e+02
1.128665e-01
5.906961e-03
9.647522e-03
2.442726e+01
8.853070e-01
4.018309e+00
1.663004e+02
1.563035e+01
5.542513e-04
2.066039e+01
1.821419e-02
1.216084e-02
3.070438e+00
1.255793e-05
1.046874e-02
4.470810e-03
9.863805e-06
6.293310e-02
8.503005e+00
3.397821e-05
9.537898e-02
2.338967e+00
2.423318e+02
