4.858351e-01
2.036730e+02
4.165292e+01
1.162147e+03
4.920592e+02
1.418848e+03
2.180595e+00
2.589033e-04
1.857606e-03
7.580198e-04
9.282154e-01
1.373226e+04
1.561684e+01
6.078456e-04
3.411660e-02
1.214858e-02
1.799418e-01
1.464407e+06
2.214794e-02
6.644266e+02
3.665055e-01
8.298168e+04
3.130266e+01
4.503169e+00
3.927639e-02
2.171306e+00
1.639982e+02
1.305160e+02
1.240131e+02
4.572739e+01
4.214346e+00
1.399059e+06
7.550363e+00
5.164381e+02
1.002195e-01
1.696533e+02
1.502808e+00
2.996284e-02
6.747908e-04
1.573665e-04
8.974298e+00
1.950324e+04
4.228287e-02
6.208428e+03
6.973065e-01
1.377506e-02
1.222725e+00
1.708036e+00
2.560110e-01
2.331765e+03
8.357805e-02
3.199723e+03
4.241717e-01
7.051454e-01
3.046057e-03
9.374186e+01
2.883950e-01
8.249167e+00
1.034195e+01
4.058202e+00
7.673841e-02
2.991317e+02
5.599174e+00
3.904466e-01
1.936414e+00
1.544726e-04
4.706059e-04
8.436723e-03
1.290951e-04
1.615731e-01
2.282470e-01
5.676914e-05
1.597586e-02
1.783481e+00
1.004149e+02
