7.359023e-01
2.714315e+02
1.967696e+01
9.590698e+00
1.760318e+02
1.069976e+02
1.743784e+00
4.587934e-05
6.696791e-03
2.550549e-03
1.493795e+01
3.119298e+04
2.754585e+01
3.074870e-03
2.618894e-02
1.988828e-02
1.363299e+00
5.914442e+05
9.124205e-03
2.237332e+02
7.773630e-01
1.735582e+04
1.037296e+02
9.081640e-01
1.375869e-01
1.553359e-01
3.162497e+01
4.676373e+02
1.122975e+01
1.328502e+02
2.732610e-01
6.170125e+03
1.833986e+01
4.119296e+01
1.184809e+00
1.192858e+02
1.484021e+00
2.011086e-02
8.515305e-04
3.740313e-04
1.111809e+01
4.173591e+04
1.019653e-03
1.139613e+03
8.508545e+00
1.426922e-01
9.483635e-01
1.104284e+00
2.951307e-01
3.997011e+03
8.104178e-02
1.428119e+03
3.955496e-02
6.106906e-03
1.094144e-03
1.629676e+01
1.431245e+00
9.294825e-01
2.206499e+00
8.029445e+01
6.911143e-03
7.504274e+00
2.252197e+00
1.373460e+01
1.276943e+00
1.843617e-03
4.356886e-04
3.770836e-04
2.261286e-04
2.367704e-02
1.926436e+00
1.764205e-04
4.251902e-03
1.889856e+00
9.205314e+01
