6.745221e-01
2.837124e+03
4.345825e+01
1.329048e+02
7.446685e+01
1.712568e+02
1.987836e+00
9.496949e-05
1.135927e-02
1.423247e-02
8.058612e+00
2.088708e+04
1.625098e+01
3.851764e-04
5.038477e-02
1.080415e-02
1.786157e-01
6.406222e+05
4.228468e-02
1.791357e+02
1.062491e+00
1.130669e+05
1.331094e+02
6.778900e-01
4.543327e-02
2.172466e-02
7.570297e+01
1.151902e+02
8.670936e+00
1.682580e+01
2.805639e+00
2.065748e+04
1.116912e+01
5.446345e+01
2.229322e-01
6.873453e+02
1.949354e+00
1.250957e-02
8.958821e-04
6.108449e-05
1.201908e+01
2.652045e+04
1.508057e-04
4.445111e+03
1.117536e+01
1.422972e-01
7.493609e-01
1.776750e-02
5.470052e+00
2.372015e+03
9.945458e-02
1.237232e+03
1.667966e-01
1.319382e-02
3.221299e-03
1.310350e+02
1.813313e+00
1.000258e+00
4.237999e+00
7.003789e+01
1.043412e-02
2.549747e+01
2.653488e+00
1.694645e-01
2.005289e+00
8.357126e-04
6.055775e-04
2.508023e-04
6.178573e-05
2.430439e-02
2.756485e-01
1.408927e-04
9.167708e-04
1.840310e+00
1.998046e+02
