4.189672e-03
5.076877e+03
2.453669e+02
1.229539e+03
2.216661e+03
1.013167e+02
1.786747e+00
8.887551e-06
5.912977e-03
5.483926e-05
5.750308e-01
1.941276e+03
1.890006e+01
7.662286e-02
4.957582e-04
8.065512e-04
1.330674e-02
1.973130e+06
2.723055e-01
2.026880e+02
7.510767e-02
1.764329e+06
1.120165e+02
3.851854e+00
1.287828e-03
1.653676e-02
1.318093e+02
4.021255e+04
4.307621e+01
1.022787e+03
2.104969e+01
5.041493e+05
5.879278e+00
8.491465e+01
8.169107e-03
1.728422e+03
2.909314e+00
1.339760e-02
1.161575e-02
4.429579e-05
6.262544e-01
1.424740e+04
8.803181e-06
9.680040e+03
1.490858e+01
1.512458e+00
2.128651e-01
2.429021e-03
3.208110e+00
1.300097e+02
2.009858e-01
2.825292e+01
3.774574e+00
6.290293e-01
6.238725e-03
1.397223e+01
4.473356e-02
9.384687e-01
1.162647e-01
1.150954e+02
3.297290e-04
9.946345e+01
3.851656e-01
2.988338e+01
2.384732e+00
3.755539e-06
1.417699e-03
2.973135e-03
1.872878e-05
1.871432e+00
7.931844e-03
9.883275e-07
7.092587e-04
1.434312e+00
5.656332e+03
