1.162868e-01
6.819707e+01
4.283471e+00
1.281572e+00
1.844363e+02
3.811082e+00
1.726961e+00
3.722676e-03
7.875765e-05
4.256176e-02
1.369833e+02
9.390583e+05
2.992347e-02
2.010964e-03
1.509892e-02
8.859116e-01
5.944880e+00
2.663589e+06
5.970683e-04
1.321010e+03
4.466044e-01
3.854077e+04
7.259437e+00
3.789912e+00
8.622633e-03
1.602120e-02
1.498534e+00
2.500687e+02
1.982815e+01
6.068221e+01
1.411947e+01
5.736918e+02
6.605800e+01
8.218533e+00
1.129292e+01
1.050106e+04
2.757826e+00
2.503184e-03
5.992485e-04
1.217195e-03
2.886990e+00
9.307029e+03
1.032019e-02
1.276679e+02
2.016616e-01
4.222483e-01
1.512346e-01
2.603990e-03
2.898069e+00
1.171075e+03
1.059292e-02
9.658226e+01
5.072395e-02
3.309503e-03
4.902959e-03
1.414651e+01
2.733400e-01
5.212549e+00
1.366110e+02
6.237557e+00
3.831875e-04
5.140847e+01
1.259953e-02
1.632356e-02
3.012713e+00
1.036741e-05
2.171645e-03
7.145836e-03
5.382660e-06
3.416684e-02
7.146985e+00
3.230308e-05
3.767491e-02
2.402864e+00
1.686280e+02
