9.438568e-01
1.033227e+03
1.048970e+02
4.351827e+01
4.973875e+01
7.032569e+00
1.593295e+00
8.340769e-04
2.031515e-03
1.115758e-03
2.164387e-01
1.910955e+03
1.321483e+00
3.999927e-04
1.891417e-03
7.542504e-01
7.393977e-03
6.410343e+05
1.817085e-03
4.933048e+01
7.686028e-02
1.537586e+04
1.464992e+02
2.872958e+00
7.305619e-03
2.264490e-02
6.814951e+01
4.824786e+01
1.682614e+00
4.548620e+00
1.697262e+01
7.396580e+04
3.304943e+01
1.023028e+01
1.044764e-01
2.669497e+01
1.056382e+00
2.648310e-03
6.580362e-04
9.574884e-06
1.764811e+01
2.695602e+03
5.168029e-03
5.975143e+02
1.231153e-01
1.133073e-02
3.532434e+00
3.047622e-01
3.398859e-01
4.429738e+02
5.930274e-02
6.156987e+02
1.616377e-02
2.889247e-01
4.994082e-04
6.879769e+01
1.069170e-01
6.870401e-03
5.315479e+00
1.541369e+02
8.499788e-02
5.909422e+00
9.319654e-02
1.215805e-02
1.893097e+00
1.335358e-03
4.196487e-03
2.804998e-03
7.715490e-05
1.552249e-01
4.393132e-01
2.732341e-05
4.133824e-04
1.476834e+00
9.556477e+01
