1.364963e+00
5.337011e+02
1.225225e+01
2.838167e+00
1.664387e+00
1.703705e+02
2.079142e+00
8.942032e-05
1.213248e-02
5.195644e-03
6.274834e-01
3.384948e+04
8.252825e-01
1.388881e-03
3.672547e-02
5.714629e-03
6.715912e-02
1.331576e+07
2.640755e-02
1.164593e+02
1.794253e-01
4.924588e+04
2.577369e+00
9.981908e-02
7.373741e-01
1.015432e-01
1.398158e+01
2.638510e+03
3.459069e+01
8.193796e+00
9.046624e-02
4.006384e+03
1.148455e+01
1.713435e+00
3.182122e-01
1.143153e+02
1.561068e+00
1.423264e-02
2.841612e-04
1.739822e-05
3.117822e+00
6.105301e+04
1.316743e-03
3.733146e+02
2.964529e-01
2.526245e-02
9.277365e-02
8.182220e-02
9.621419e-01
6.481341e+02
9.409303e-02
1.207880e+03
4.231563e-02
1.849425e-02
4.048827e-04
1.269563e+00
1.836601e+00
6.934839e-02
8.284675e+00
3.856195e+00
1.256005e-03
2.311265e+00
4.837944e-01
9.208283e-02
1.672351e+00
7.065439e-04
4.181595e-05
1.882743e-04
1.184864e-04
2.259177e-03
2.560136e-01
2.672090e-05
5.538126e-03
1.522724e+00
4.357925e+01
