9.672650e-01
1.467828e+03
1.209042e+02
6.595814e+01
7.442287e+01
7.649475e+00
1.734965e+00
6.739585e-04
2.408024e-03
1.668440e-03
4.931322e-01
3.375728e+03
6.889576e+00
9.248679e-04
1.501485e-03
7.784269e-01
1.004490e-02
1.545271e+06
2.712346e-03
9.422195e+01
1.499227e-01
1.662713e+04
1.106762e+02
1.983420e+00
1.085514e-02
4.064981e-02
1.049561e+02
8.815873e+01
3.665201e+00
1.425366e+01
1.954069e+01
1.344118e+05
3.282996e+01
2.310561e+01
2.109097e-01
4.433584e+01
1.249352e+00
3.652935e-03
6.863090e-04
1.016536e-05
1.247577e+01
3.005772e+03
1.348737e-02
6.570268e+02
2.069406e-01
1.551617e-02
3.323288e+00
4.099792e-01
3.924622e-01
9.994943e+02
9.173793e-02
1.319682e+03
1.676227e-02
3.461797e-01
1.176533e-03
1.046953e+02
1.032313e-01
1.887978e-02
1.152247e+01
1.654506e+02
6.804329e-02
6.062658e+00
2.450849e-01
2.475275e-02
2.150424e+00
1.643912e-03
5.584105e-03
2.472602e-03
1.123273e-04
3.232873e-01
3.628981e-01
2.163113e-05
1.140726e-03
1.622019e+00
9.351980e+01
