8.839600e-01
1.266572e+03
1.358037e+02
5.015522e+01
9.539364e+01
7.205573e+00
1.684034e+00
6.768599e-04
2.896706e-03
1.352937e-03
2.673537e-01
2.198138e+03
2.413652e+00
4.094178e-04
2.322015e-03
8.420834e-01
1.092495e-02
8.989109e+05
1.984890e-03
6.100334e+01
1.075015e-01
2.240238e+04
1.762518e+02
2.771759e+00
1.050399e-02
2.119244e-02
1.015403e+02
9.343461e+01
3.503239e+00
6.789364e+00
2.195348e+01
1.165153e+05
3.861417e+01
1.476952e+01
1.364173e-01
4.143997e+01
1.157911e+00
3.332205e-03
7.448678e-04
9.600111e-06
1.654937e+01
4.165524e+03
1.223806e-02
8.605159e+02
2.410971e-01
1.572647e-02
4.579698e+00
4.484120e-01
3.796188e-01
6.984243e+02
8.967896e-02
1.007259e+03
1.757466e-02
3.107064e-01
5.869370e-04
7.810745e+01
1.380062e-01
8.273397e-03
6.480594e+00
1.982372e+02
8.627787e-02
6.946150e+00
1.686584e-01
2.428618e-02
1.940441e+00
1.214896e-03
5.170294e-03
3.005944e-03
1.254379e-04
3.075614e-01
4.700588e-01
2.822371e-05
5.403294e-04
1.546516e+00
1.261703e+02
