2.331361e-01
1.371020e+03
2.525638e+01
4.170745e+01
8.510935e+01
2.363190e+02
1.858375e+00
6.658124e-05
3.880406e-03
1.764176e-03
2.078904e+00
4.243243e+03
1.424642e+00
4.103576e-04
2.009832e-02
1.788198e-02
1.203389e-01
1.067293e+06
2.461797e-03
1.988865e+02
2.554321e-01
1.170239e+05
3.189412e+01
1.959109e+00
6.323047e-02
7.439355e-02
1.594723e+01
1.472726e+02
2.826559e+00
8.239535e+00
2.710836e-01
2.681008e+04
2.519509e+00
4.125736e+01
2.765578e-01
6.079660e+01
1.520967e+00
2.053156e-02
7.982079e-04
5.889824e-05
3.282286e+00
1.019969e+04
7.634190e-04
1.159649e+03
7.212224e-01
8.161376e-02
7.298491e-01
1.237233e-01
8.400226e-01
1.643351e+03
4.834549e-02
2.572380e+02
8.418684e-02
2.433158e-01
1.546927e-03
7.460702e+01
3.716383e-01
1.952158e-01
1.863848e+00
3.444429e+01
4.075377e-02
2.412062e+01
7.501386e-01
5.024389e-01
1.483539e+00
4.759038e-04
6.692692e-04
1.304845e-03
2.977676e-05
8.963675e-03
6.658163e-01
1.047687e-04
2.586549e-02
1.855354e+00
2.561296e+02
