4.911714e-01
1.204831e+02
1.281407e+01
7.805481e+01
2.186604e+00
2.361704e+02
1.463261e+00
4.142377e-04
1.053038e-02
5.475830e-03
9.071878e-01
8.558972e+03
6.103672e-01
1.423210e-02
4.047582e-03
5.424657e-03
1.778718e-01
7.549063e+04
8.783354e-03
2.614201e+02
9.706104e-02
3.377643e+04
7.451138e+00
5.637677e+00
3.155019e-04
1.580029e+00
2.300501e+01
5.173338e+01
2.597495e+00
7.122501e+00
6.350329e-02
5.926547e+03
3.148168e+00
3.420806e+00
1.655553e+00
2.476614e+02
1.090395e+00
7.272470e-03
7.117614e-04
2.850174e-04
9.081042e+00
4.282484e+03
5.102898e-05
5.751975e+02
3.986951e+00
5.397673e-02
2.683198e+00
3.329909e-01
2.803201e-01
8.851844e+02
2.039963e-02
3.788034e+02
6.575999e-02
4.551110e-01
3.810247e-04
5.195827e+00
2.504099e-01
7.429785e-01
4.113706e-01
4.662249e+00
4.021817e-02
2.834147e+00
1.103018e-01
1.968997e-01
1.600433e+00
2.111293e-03
2.085656e-03
6.817053e-04
2.061974e-05
7.991949e-03
1.061311e-01
7.624352e-06
4.648087e-03
1.494007e+00
8.967743e+01
