6.774238e-02
4.570536e+03
5.278375e+01
4.103369e+02
9.703890e+01
5.936089e+02
2.356115e+00
6.620899e-05
2.298953e-03
1.719330e-02
1.478721e+00
1.733274e+04
8.735923e-01
5.035447e-04
4.029216e-02
2.417011e-01
2.005841e-01
3.483766e+04
8.855906e-03
2.487996e+02
8.632742e-01
2.320937e+03
9.852433e+01
4.623726e-01
2.889844e-03
1.032291e+00
5.731887e+00
1.946603e+03
5.552216e+01
6.812102e+00
1.238748e-01
4.474554e+04
3.587182e+01
1.118338e+01
1.959591e-01
3.921923e+01
1.307900e+00
3.709690e-02
1.719993e-03
9.394816e-06
7.208853e+01
6.566247e+03
5.616600e-04
6.304306e+03
7.893593e+00
5.119595e-02
2.647479e-01
2.033597e-01
1.312989e-01
2.369275e+05
7.102789e-03
1.193421e+03
5.790770e-03
1.092851e-02
4.132609e-04
3.096494e+01
5.380706e-02
8.172593e-01
6.670852e+00
1.874098e+00
6.573220e-03
4.519049e-01
3.879856e-02
1.875127e-02
1.439995e+00
4.930111e-04
1.007273e-02
4.666732e-05
1.178183e-04
7.836695e-02
1.198472e+00
1.655341e-06
1.762453e-02
1.594345e+00
5.260109e+02
