1.304116e-01
9.563261e+00
4.209094e+02
3.559666e+02
1.777002e+02
3.860801e+02
4.000000e+00
2.476035e-03
1.066218e-03
1.500893e-05
7.599304e+00
1.070565e+04
3.545984e+01
2.584641e-02
1.045817e-03
1.732974e-03
7.494106e-03
3.264911e+07
4.185823e-02
1.894612e+03
1.418182e-01
2.565656e+03
1.601888e+01
6.750345e-01
1.003775e-01
3.173802e-01
2.956640e+01
7.307328e+03
8.170473e+01
1.499181e+03
3.869426e+01
1.448349e+05
4.944333e-01
7.986615e-01
4.814466e+00
1.051542e+04
1.350248e+00
6.819395e-02
6.098175e-04
2.812311e-04
3.493716e+01
2.838108e+05
3.973770e-04
5.285524e+04
2.331949e+00
2.581233e+00
4.478637e-02
1.332498e+01
5.549333e+00
5.435782e+02
3.971702e-02
1.140905e+03
2.625481e-02
1.409141e-03
1.488693e-03
1.039643e+00
1.395272e+00
1.391218e-01
6.561130e+00
1.313944e+01
4.052133e-03
2.319620e+02
1.771125e+01
1.733232e+00
1.252139e+00
8.141166e-04
7.036636e-05
2.659075e-04
1.781288e-03
2.294569e-01
1.601428e+00
2.404506e-05
1.670066e-03
2.342685e+00
1.161662e+02
