1.361383e+01
3.070415e+04
1.133820e+03
5.912546e+01
7.529467e+02
7.304512e+00
2.711778e+00
8.882891e-03
7.875765e-05
1.232224e-03
7.313132e-02
3.766605e+05
2.013100e-01
1.730657e-02
1.492178e-02
4.620478e-03
6.267983e-01
2.025683e+05
5.188900e-04
7.905634e+01
1.457181e+00
1.959799e+04
1.009064e+03
1.729408e+00
2.134809e-02
6.920634e-02
8.541562e-01
4.767852e+02
6.574760e+02
2.603298e+02
5.185298e-03
3.193102e+02
1.787267e-01
9.851870e+01
7.382846e+00
1.013529e+02
2.069611e+00
1.607473e-02
2.782386e-02
1.292774e-06
1.547604e-01
7.747319e+02
2.433420e-04
1.819059e+01
1.843572e+01
3.659474e-03
5.783358e-01
1.337741e-01
2.051431e+00
1.376020e+02
7.421872e-01
1.157116e+01
1.687296e-02
5.116820e-04
2.957451e-04
2.717480e+00
1.175762e-01
3.140789e-01
2.174057e+01
7.323819e+00
2.564818e-04
2.267165e+00
2.405611e-01
1.755725e-01
1.541805e+00
1.571483e-05
3.154291e-05
3.184706e-05
3.874255e-06
9.629064e-03
1.088892e+00
2.560906e-06
9.863132e-02
1.333579e+00
3.808823e+02
