4.585401e-02
2.596357e+03
6.257796e+00
1.433638e+02
1.902447e+01
2.940057e+02
3.028961e+00
8.520949e-04
1.410610e-02
1.245747e-05
4.712894e+02
3.418048e+02
7.162418e+00
2.401011e-04
7.272585e-01
4.619006e-01
2.338376e+00
1.955873e+04
3.889395e-01
1.116436e+02
1.249116e-01
1.138363e+04
2.686456e+02
2.306054e-01
1.371902e-03
1.029927e+00
1.998482e+00
1.838284e+02
1.966856e+01
1.937511e+00
3.993397e-02
7.102682e+04
3.878127e+01
3.812460e+01
7.738679e-01
1.885793e+00
2.811858e+00
7.357923e-03
1.263344e-03
9.990592e-04
1.123915e+01
1.785562e+05
5.974960e-06
3.773953e+04
8.976759e-02
5.790640e-02
2.110688e-02
6.077468e-02
1.001050e+01
4.973819e+04
2.297985e-03
1.157116e+01
8.118578e-01
1.219435e-02
5.124014e-04
1.367752e+00
2.427105e+01
1.740941e-01
6.539123e-01
4.256892e+02
2.856202e-04
5.763859e+00
3.036951e-01
2.809947e-02
1.493395e+00
2.371708e-04
1.832621e-03
1.434879e-02
2.179457e-05
2.834528e-02
4.685961e-03
4.818894e-06
6.717705e-03
1.000000e+00
8.864409e+02
