3.285789e-01
3.929786e+02
1.788440e+01
9.100769e-01
7.398084e-01
1.567776e+02
1.305066e+00
3.400529e-03
7.875765e-05
3.113497e-04
2.092679e+00
2.402288e+06
5.542640e-01
4.023900e-05
3.101755e-02
7.534847e-01
7.112745e-02
5.751412e+06
1.721361e-03
3.132922e+04
8.667794e-03
1.082367e+03
2.065215e+01
5.491633e+00
6.981587e-01
1.083142e+01
1.044907e+02
8.390055e+03
3.057867e+00
1.310257e+00
1.211524e+00
1.560069e+05
5.196334e+00
1.029423e+02
6.552142e-03
2.207343e+01
3.338798e+00
1.168716e-03
8.782237e-03
1.892309e-03
6.058329e-01
2.399420e+02
5.621729e-05
7.008985e+01
1.318985e-01
1.449933e-02
1.149758e-02
2.351596e+00
1.390389e-02
3.739844e+03
1.421550e-01
1.225915e+04
4.087245e-03
2.588472e-02
3.949440e-05
1.580784e-01
2.963658e-02
5.294038e+00
6.582306e-01
2.659483e-01
1.413011e-01
3.001204e+01
3.156693e+00
3.695288e-02
1.281619e+00
8.605495e-05
5.261143e-02
8.340962e-03
3.500000e-07
1.130055e-02
3.885543e-01
5.860562e-04
1.384439e-04
1.737043e+00
8.995717e+01
