5.815747e-01
1.223538e+03
6.982922e+01
1.843872e+02
4.874852e+01
2.234027e+02
1.913029e+00
1.330092e-04
7.682302e-03
4.263291e-03
9.307922e+00
3.785424e+04
5.418557e-01
4.293233e-04
1.409196e-01
1.952301e-01
4.452469e-01
4.705707e+06
7.309642e-03
3.261136e+02
1.592351e-01
4.096114e+03
1.443890e+02
1.467249e+00
5.239610e-02
1.227379e-01
7.273308e+01
5.554045e+02
6.314859e+00
3.510093e+01
1.285821e-01
3.330531e+04
2.877490e+00
1.657454e+02
1.141582e-01
9.226770e+01
2.471307e+00
9.862975e-03
1.364022e-03
2.895869e-04
2.747213e+00
1.428930e+04
1.500151e-04
9.547575e+02
7.093947e-01
4.025798e-02
2.300706e-01
9.981334e-02
9.629554e-01
2.406897e+04
8.295415e-02
8.579414e+03
4.292175e-01
1.442170e-01
2.103923e-03
7.132978e+00
5.475397e-01
6.370862e-01
1.182044e+01
2.349049e+01
2.969789e-02
6.399310e+00
1.728270e+00
1.323175e-01
1.555855e+00
2.748675e-04
1.557776e-03
7.229409e-02
1.808036e-04
3.754453e-02
1.338254e-01
8.858426e-05
2.249000e-02
2.432135e+00
1.554071e+02
