1.862322e-01
7.672150e+02
1.407339e+01
1.522248e+01
5.791661e+01
4.028844e+01
1.848901e+00
1.033125e-04
1.122935e-02
2.435887e-03
4.117422e+00
2.705089e+04
3.190824e+00
3.251313e-03
5.551332e-02
3.015040e-02
8.111560e-02
4.348391e+05
1.613581e-02
4.050955e+02
1.522200e-01
5.118701e+04
1.617343e+01
2.326254e-01
1.309812e-02
2.543730e-01
1.121374e+01
3.312225e+02
3.667623e+00
1.003875e+01
1.649257e+00
5.079473e+04
1.948784e+00
5.515277e+00
9.040544e-01
2.367846e+02
1.800463e+00
4.503876e-03
1.456406e-03
1.813341e-04
4.269633e+00
8.861575e+03
3.582695e-04
6.898069e+02
4.110434e-01
1.277393e-01
6.355424e-02
2.540117e-01
1.046987e+00
1.936456e+03
9.916985e-02
8.216306e+02
1.301114e-02
2.821895e-02
4.756418e-04
7.163132e+00
1.892405e+00
7.253256e-01
2.147177e+00
1.270542e+02
1.316685e-02
3.410216e+01
1.504166e+00
1.391845e+00
1.822613e+00
8.600508e-05
1.026455e-03
4.757469e-03
9.711027e-06
4.889621e-03
4.343041e-01
1.859455e-05
6.200940e-03
2.090013e+00
2.521422e+02
