2.897135e-02
4.085227e+02
2.736137e+01
3.911535e+00
6.043028e+00
4.120627e+02
1.239194e+00
3.367142e-05
2.657951e-04
1.756805e-03
3.372679e+00
3.640534e+02
5.640688e-01
2.567121e-04
2.665597e-02
3.237030e-02
2.583477e-03
7.718867e+06
9.191197e-05
3.247678e+03
2.844643e-01
4.343668e+05
1.521471e+01
2.303502e-01
1.348728e-02
1.400698e-01
2.707069e+01
1.008445e+03
9.602384e+00
2.296271e+01
1.342874e-01
2.025856e+06
2.031424e+00
3.872354e+01
1.463196e-02
3.219662e+00
2.975256e+00
2.450313e-04
8.565845e-03
7.316255e-03
2.566479e+01
2.756886e+05
5.106358e-05
2.336140e+02
9.958852e-02
2.777233e-02
1.199655e-01
4.504862e+00
3.201541e+01
6.936422e+03
1.307784e+00
7.562757e+02
2.365261e-02
1.926488e-02
4.222962e-05
4.910648e+01
2.484356e+01
7.301099e+00
8.226419e+00
7.608237e+00
2.593972e-02
6.420134e+00
1.016409e-01
9.033950e-03
1.147585e+00
1.951813e-04
7.900269e-05
3.486029e-03
6.898444e-06
3.864079e-04
4.585186e-01
2.889253e-03
1.230323e-02
3.744337e+00
9.232659e+02
