1.780551e-01
5.680227e+02
4.827756e+01
7.326915e+01
3.540842e+02
6.668591e+01
2.071281e+00
1.130451e-04
8.986677e-03
2.701745e-04
2.497141e+00
6.724085e+03
2.140443e+00
2.136979e-04
1.016626e-02
9.778746e-02
6.015016e-01
2.471458e+06
9.532919e-04
1.279549e+02
1.056908e-01
7.887030e+04
2.877137e+01
5.999884e-01
3.923716e-02
5.984915e-02
1.513263e+02
5.986805e+01
2.621528e+00
2.667841e+01
2.026227e-01
6.759816e+04
3.341095e+00
6.737339e+01
2.120989e-01
1.998114e+02
2.104764e+00
8.419514e-04
1.973621e-03
1.859642e-04
1.287626e+01
1.885749e+03
1.822680e-04
1.709580e+03
4.267270e+00
4.804078e-02
9.163963e-01
5.601880e-01
1.248747e+00
5.832386e+02
2.944554e-01
8.155545e+03
2.556338e-03
1.911087e-02
9.513046e-03
3.696498e+02
5.028815e+00
2.675509e-01
6.486942e+00
2.672957e+01
6.832138e-02
8.042563e+00
7.539089e-01
1.123454e-02
1.299948e+00
2.213429e-04
1.531000e-03
1.270809e-03
1.405629e-05
1.786898e-02
3.063538e-01
5.468982e-05
6.077757e-04
1.941041e+00
2.454327e+02
