5.157800e-01
1.320394e+03
3.902841e+01
8.442786e+01
1.841736e+02
4.881477e+01
1.553377e+00
3.019069e-05
2.922971e-03
3.846191e-04
8.164742e+00
3.241771e+03
6.524378e+00
7.523673e-03
8.515239e-02
6.222359e-02
8.227144e-02
1.623720e+06
5.690793e-02
3.504382e+02
4.428495e-01
2.065392e+05
6.686336e+00
1.261674e+00
1.421588e-02
2.937950e-01
1.208128e+01
5.903241e+02
4.904275e+00
1.816458e+00
2.456746e-01
4.302023e+04
1.583798e+01
8.632529e+00
4.176728e+00
5.261372e+02
1.639513e+00
1.654134e-03
1.246475e-03
7.747067e-05
3.493438e+00
3.623968e+04
3.636998e-04
4.999860e+02
1.738545e-01
3.379236e-01
1.076074e+00
3.673787e-02
1.485815e-01
8.725631e+02
6.559220e-02
3.436816e+03
5.785950e-02
9.437833e-03
9.676918e-04
4.791869e+00
2.573637e+00
2.872994e-01
6.740610e+00
3.874658e+01
9.526058e-03
3.655258e+00
2.772319e+00
3.819852e+00
1.841308e+00
5.679144e-05
3.234080e-04
1.220749e-02
5.786009e-05
1.053132e-01
5.402634e-01
5.967570e-06
6.243738e-03
1.746041e+00
1.595464e+02
