2.032217e-01
2.122878e+03
9.586089e+00
1.121055e+02
4.730332e+00
1.128714e+02
2.004999e+00
1.850132e-04
2.680606e-03
4.374637e-03
1.257352e-01
1.447401e+04
3.924550e-01
1.743206e-03
1.554150e-02
2.310240e-02
1.337005e-01
6.092534e+05
3.332491e-03
1.493595e+02
7.890638e-02
2.578816e+04
5.009638e+00
4.206749e-01
6.686223e-03
3.163741e-02
1.561674e+00
1.782300e+02
1.162296e+00
2.063177e+00
1.749638e-01
3.178576e+03
1.490467e+01
5.720281e+00
1.948369e-01
4.555831e+01
1.262612e+00
1.499495e-03
1.058895e-03
2.105529e-06
1.184281e+00
8.679842e+03
2.818826e-04
1.251531e+01
3.991615e+00
3.683694e-02
2.073121e-01
1.108926e-01
1.215018e-01
2.383095e+03
1.102243e-01
6.278747e+02
3.572045e-02
2.916514e-03
3.759973e-04
1.458094e+00
2.525970e-01
4.639285e-02
2.794176e-01
5.345793e+00
5.130355e-04
4.071799e+00
7.192105e-02
3.179926e+00
2.551486e+00
1.228857e-04
1.841139e-04
4.438110e-03
1.594708e-05
8.169811e-03
1.094828e-01
3.354027e-05
4.003017e-03
1.432268e+00
1.678979e+02
