3.575102e-01
5.581979e+01
1.340917e+01
1.951559e+01
3.424813e+01
1.033083e+03
1.983469e+00
1.334417e-04
1.854735e-03
7.569828e-04
1.159162e+01
5.549392e+03
8.183678e+00
2.898993e-04
1.402721e-02
5.508511e-02
4.684417e-02
9.201907e+05
1.009940e-02
1.943323e+02
7.059907e-01
6.858908e+04
1.395691e+01
6.392652e-02
6.278367e-03
1.611119e-01
4.734949e+01
2.391768e+02
1.340070e+00
1.735017e+00
9.602731e-02
3.046875e+03
7.772525e+00
4.691958e+00
6.085395e-01
1.552737e+02
2.485440e+00
1.329800e-02
2.009325e-03
5.167869e-05
6.118586e+00
1.310927e+04
6.492872e-05
1.095160e+02
3.518154e+00
9.301557e-02
9.101999e-02
5.422704e-02
1.666522e+00
1.806583e+03
2.321427e-02
2.082383e+02
2.660774e-02
2.465289e-02
3.885165e-05
2.580986e+01
9.761646e-01
1.142505e-01
4.946698e-01
7.580201e+01
1.055588e-02
9.649305e-01
1.491493e+00
2.572333e+00
1.395358e+00
7.481155e-04
5.444929e-05
7.444336e-04
4.978013e-05
9.088225e-03
2.544450e-01
4.712753e-06
1.059148e-02
2.059682e+00
1.148674e+02
