1.368016e-01
5.270296e+02
1.366308e+01
2.552716e+00
7.442280e+00
2.337622e+02
2.223860e+00
2.522947e-05
6.983491e-03
6.069165e-04
1.278870e+00
1.586788e+03
9.392404e-01
7.598117e-04
4.971093e-02
9.944633e-03
1.244215e-02
3.217066e+05
1.813642e-02
6.759524e+02
5.288774e-02
1.157360e+05
2.336664e+00
1.597411e-01
1.122969e-02
3.301634e-01
3.708303e+01
9.087812e+02
6.971091e+00
1.196408e+01
4.615623e-01
1.217174e+04
6.180096e+00
1.003559e+01
3.688190e+00
2.131190e+02
1.713008e+00
1.649044e-03
1.408102e-03
1.231113e-05
4.470529e-01
1.842152e+02
4.487926e-04
7.874773e+01
8.543373e-01
9.766297e-02
2.348648e-01
2.096225e-02
1.878835e-01
2.828440e+03
3.233126e-02
4.195478e+02
3.905726e-02
7.206770e-02
6.664821e-04
1.115805e+00
1.235663e+00
2.246544e-01
1.628129e-01
5.893404e+01
2.239900e-03
6.537588e+01
4.011028e-01
2.208466e-01
1.958016e+00
4.188351e-04
3.550860e-04
3.836114e-03
6.617581e-06
1.377551e-02
2.526598e-01
3.330464e-05
6.167034e-03
1.832373e+00
1.519075e+02
