2.268103e-01
1.211335e+02
2.325140e+01
4.816524e+00
2.112797e+00
6.713194e+01
2.363721e+00
5.446233e-05
5.422476e-03
8.546805e-03
2.695899e+01
6.086881e+04
1.238001e+00
6.428904e-04
4.104190e-03
9.552033e-03
1.206055e-01
9.298794e+05
3.793297e-03
8.911525e+02
5.661080e-02
3.498379e+05
1.131815e+00
1.574275e-01
9.389721e-03
3.735997e-01
6.884879e+01
1.563644e+02
5.479639e+00
1.229242e+01
4.329213e-01
1.246572e+03
2.344450e+01
3.852242e+02
5.861867e-01
2.756057e+02
1.284498e+00
1.266632e-03
1.175482e-03
2.571110e-03
2.242805e+01
1.278458e+04
1.433318e-03
2.543945e+02
7.234099e+00
9.398345e-02
1.164761e+00
1.917426e-01
1.453337e+01
1.885807e+03
2.335424e-01
3.183579e+02
8.315706e-01
3.102484e-02
6.801485e-04
2.630967e+01
1.237714e+00
2.957736e-01
3.246006e-01
1.276538e+02
6.456361e-02
2.167334e+00
8.322512e-01
1.443412e+00
1.600194e+00
3.659773e-05
7.573681e-04
1.012983e-02
1.512349e-04
6.693226e-02
6.627786e-02
2.070026e-05
8.155341e-03
1.581366e+00
1.078956e+02
