1.319425e+01
5.714940e+00
3.478495e+01
6.736354e+00
9.337664e+01
1.690474e+00
1.335119e+00
3.024399e-03
4.946542e-04
5.100912e-04
7.015901e-01
2.932801e+03
2.037212e+01
8.236797e-04
1.894983e+00
1.800045e-02
1.318385e-01
3.995606e+06
1.238907e-04
3.878377e+04
1.144467e-02
1.327730e+05
5.109682e-01
1.482468e-01
6.798054e-04
4.857925e+00
1.923118e-01
7.848494e+01
5.084658e+00
1.246390e+02
1.378433e+00
4.459818e+04
2.939654e+01
1.123297e+00
3.847564e+00
1.490469e+01
1.352666e+00
8.352877e-04
3.456387e-02
7.650000e-03
1.416769e+02
2.026486e+03
3.588761e-05
2.345654e+02
3.810143e+01
5.584664e-01
2.767236e+01
5.192193e-02
1.211181e+01
3.992061e+05
2.763438e-02
1.476992e+03
2.428127e-01
1.834830e-01
3.305762e-03
2.812638e+02
4.196712e-01
1.696223e+00
2.353630e+01
5.179031e+02
7.544148e-04
2.887754e+01
3.357675e+01
2.324960e+01
1.211826e+00
3.265534e-04
6.478430e-04
3.187047e-02
4.731117e-05
2.075104e-02
1.562020e+00
4.130000e-03
1.758404e-02
1.060228e+00
6.876472e+01
