3.870823e-01
1.762950e+03
1.515460e+01
7.077545e+01
1.266373e+03
2.655178e+03
1.081326e+00
7.022956e-04
3.468750e-04
4.058281e-02
1.377171e-01
9.457203e+05
4.714882e-02
1.887045e-03
2.957402e-02
4.642883e+00
1.745012e-03
1.361171e+05
2.175402e-03
7.712853e+01
3.963178e+01
2.634607e+06
1.208164e+01
7.271069e-02
1.495621e-01
1.052639e+01
3.874558e+02
2.155127e+03
4.626182e+02
2.868682e+02
1.533672e+01
2.796733e+03
2.609892e+02
6.327482e+01
1.319066e+01
6.534570e+03
1.350802e+00
6.655991e-03
7.494246e-04
1.276448e-04
3.662985e+01
1.419566e+03
3.166147e-05
8.700666e+02
4.408310e+00
9.948619e-02
4.182952e-01
1.339030e+00
9.978889e-02
3.964941e+03
1.546053e-02
4.236918e+04
5.402669e+00
1.967800e+00
1.992067e-05
7.203708e-01
5.150956e-01
1.167118e-02
2.475976e+01
7.413049e+01
1.506509e-03
3.820041e+01
1.573606e+01
2.268882e+00
2.636424e+00
1.522081e-02
5.190160e-04
5.875264e-02
3.037007e-03
2.157409e-03
7.097614e+00
5.416315e-06
3.305553e-01
3.662657e+00
1.589595e+02
