1.329382e-01
5.297473e+02
1.457561e+01
3.776103e+00
1.619989e+01
7.913710e+01
1.897740e+00
8.333224e-05
2.085702e-02
3.395427e-03
2.898191e+00
8.545619e+04
8.325213e-01
5.775361e-03
4.398586e-01
3.661465e-02
1.132566e-02
1.988728e+05
4.811273e-03
1.005565e+03
4.162905e-01
1.292807e+05
4.649380e+01
1.441009e-01
3.363527e-01
4.593624e-01
1.737791e+00
5.715656e+03
1.036223e+01
8.313115e+00
1.762625e+00
2.055285e+05
1.808585e+01
2.148657e+01
1.367513e-01
5.573865e+01
2.137867e+00
1.276582e-03
1.456261e-03
6.439367e-05
1.320284e+00
2.729851e+03
7.002598e-04
6.139269e+02
2.821925e-01
3.413939e+00
1.318869e-01
2.627280e-01
1.237477e+00
3.510837e+03
1.142038e-01
2.676735e+01
1.353000e-02
6.533752e-03
1.139038e-03
2.583798e+00
1.262141e+01
4.126846e-01
2.515382e+01
2.750468e+01
1.200201e-01
1.055391e+01
1.820980e+00
2.509876e-01
1.521412e+00
9.678654e-04
2.357930e-03
4.356390e-03
5.341581e-06
4.523878e-02
1.840234e+00
5.567833e-05
9.325399e-02
2.632112e+00
2.457810e+02
