3.342738e-02
8.123178e+02
9.438744e+00
1.336027e+01
2.601968e+02
6.832955e+02
1.961084e+00
2.863199e-04
2.862912e-03
2.626001e-05
2.710304e+00
2.373465e+04
1.966163e+00
4.324298e-04
1.369139e-01
2.885325e-02
3.014423e-01
3.350590e+05
4.665738e-03
1.651426e+01
1.162983e-01
6.522484e+04
8.885820e+01
5.625482e-01
3.710401e-02
4.528313e-02
7.460496e-01
2.764118e+03
1.233045e+01
1.489141e+00
8.956946e-02
1.847634e+03
4.877008e+00
5.600716e+00
1.078235e+01
1.159151e+01
2.169121e+00
1.111709e-01
9.205291e-04
2.123666e-05
5.287099e+00
8.829867e+02
3.849264e-05
2.095046e+04
1.184180e+02
1.269440e-02
2.016251e-01
1.598222e+00
4.050219e+01
3.357087e+04
1.943000e+00
6.191945e+03
3.489528e-03
1.838706e-01
2.171784e-04
2.159082e+02
1.644104e-02
2.848944e+00
1.050777e-01
8.538822e+02
1.035270e-01
1.734525e+01
6.543130e+00
1.267100e+00
1.027273e+00
6.533730e-04
2.508478e-04
1.695538e-02
4.445800e-04
1.457702e-03
1.505308e+00
1.487444e-06
7.032052e-04
2.729356e+00
8.755003e+02
