8.702579e-02
1.053759e+03
1.192885e+01
2.740418e+01
1.135824e+02
3.160164e+02
1.854084e+00
1.482947e-05
5.403016e-03
4.961885e-03
6.975082e+00
3.032881e+04
6.813182e+00
5.868237e-04
2.935814e-01
1.213164e-01
2.124476e-01
2.191598e+07
6.679536e-03
3.010342e+03
2.392297e-01
3.034712e+05
9.857868e+00
3.325725e+00
7.216186e-02
1.203566e-01
4.757217e+01
8.494480e+02
3.700403e+00
6.492771e+00
1.800452e+00
2.582821e+04
1.075001e+01
1.003393e+01
1.136511e+01
5.496600e+02
1.642693e+00
3.166973e-03
1.082219e-03
1.060342e-04
5.307796e+00
8.222077e+03
2.077653e-03
3.082799e+02
4.033408e-01
4.970813e-02
3.387128e-01
6.611850e-03
1.519190e-01
3.500612e+03
9.696072e-03
1.588231e+02
1.241772e+00
8.300456e-02
7.203733e-04
1.046661e+01
1.851993e-01
4.256561e-01
3.462369e+00
8.943161e+02
6.087248e-03
3.658310e+01
3.083560e-01
8.214745e-01
1.783939e+00
8.377409e-05
1.538313e-03
2.994172e-02
5.596353e-05
1.930522e-01
2.429551e+00
1.107526e-05
8.137736e-03
2.402493e+00
3.505884e+02
