3.779882e-01
4.032787e+03
2.562459e+01
3.782346e-01
1.155321e+02
1.882399e+01
2.758029e+00
5.139352e-04
7.682750e-04
5.654124e-04
5.747890e+01
2.439516e+06
5.178479e-01
1.478308e-02
4.167607e-01
5.699834e-02
3.379252e-03
4.841299e+06
4.141716e-03
6.602776e+02
1.175122e+00
1.004565e+06
3.966894e-01
3.548213e+00
3.166759e-04
6.093569e-02
9.794681e+01
1.656163e+01
1.378812e+01
1.322763e+01
4.770601e-02
3.588950e+05
9.777911e+01
9.372765e+00
2.281415e+01
5.939628e+02
1.018813e+00
7.997948e-04
1.216368e-03
1.031351e-05
1.491854e+01
4.140785e+05
2.091891e-03
5.027199e+02
9.991679e-02
6.900973e-02
3.534830e-02
6.667924e+00
5.015079e+00
4.868799e+03
2.303134e-02
1.040671e+02
1.196308e-03
1.018796e-03
4.214804e-05
1.766394e+00
4.113600e+01
3.550273e-03
6.765851e-02
6.451007e+01
4.350847e-02
7.101410e+02
1.486898e+00
1.213378e-02
1.932626e+00
1.189739e-03
1.552205e-02
1.279329e-02
4.115101e-04
2.054309e-01
1.033573e+01
3.365955e-05
3.610095e-03
1.439615e+00
5.266429e+02
