2.438048e-01
1.406623e+03
3.425289e+01
1.233861e+00
2.443719e+01
6.283316e+01
1.527046e+00
6.508679e-04
1.584007e-04
3.671983e-04
1.875806e+01
2.319914e+06
3.578592e+00
2.570551e-05
3.445109e-02
5.577681e-01
5.372134e-01
8.956404e+06
2.281150e-03
7.946952e+03
2.218211e-02
2.898057e+03
2.590689e+02
1.079729e+01
2.292196e+00
8.884828e+00
1.549236e+03
1.778763e+04
3.264611e+00
4.210982e+00
1.066246e+00
1.184195e+05
1.841590e+00
6.548122e+02
7.318509e-03
8.406596e+01
3.468019e+00
8.544638e-03
1.729213e-02
5.876595e-03
2.146699e+00
7.613347e+02
9.095076e-05
9.032196e+01
1.017664e+00
2.493575e-02
2.725955e-01
1.278942e+01
1.691926e-01
9.562816e+03
1.831176e-01
8.761136e+04
1.496846e-02
7.768382e-02
1.690129e-04
2.262695e-01
1.173760e-01
1.045697e+00
1.945805e+00
6.750554e-01
4.147222e-01
3.814218e+01
3.252118e+00
1.469083e-01
1.394772e+00
1.297058e-04
5.808872e-02
6.232799e-02
4.500210e-07
1.658444e-02
9.793266e-01
6.336193e-04
1.568222e-04
2.555277e+00
3.052991e+02
