6.038612e-01
1.969993e+04
2.227114e+01
6.968765e+00
5.827260e+01
1.532416e+02
1.209805e+00
6.550909e-05
5.322054e-03
5.452147e-04
2.785993e+00
9.397453e+03
1.108986e+02
2.256431e-02
1.924420e-01
8.576001e-03
2.748390e-02
3.096395e+05
2.989053e-02
3.698679e+03
1.677949e-01
1.493093e+05
1.152634e+01
1.504232e+00
7.304516e-02
2.121417e+00
2.345774e+02
6.041245e+01
2.544833e+00
1.032533e+00
2.455678e-02
1.538154e+05
1.665186e+02
5.966859e+01
5.212347e-01
1.568464e+03
3.049375e+00
1.111855e-03
1.117490e-03
1.144246e-03
3.175751e-01
1.253042e+02
2.683918e-02
1.554299e+03
2.071228e+00
8.282633e-02
1.559981e-01
4.708155e-02
8.179359e-01
5.707757e+02
1.362722e+00
4.959274e+02
2.540443e-03
1.362499e-02
7.512801e-04
4.231241e+01
9.086047e-01
1.614607e-01
1.713157e+00
9.634017e-01
1.977396e-02
1.340190e+01
1.017947e-01
1.870465e-01
1.347045e+00
1.106044e-02
1.045211e-04
3.726343e-05
6.829330e-04
1.852350e-02
3.313368e+00
1.281167e-04
8.143550e-03
1.966171e+00
1.405301e+03
