6.378675e-01
7.333405e+02
2.442433e+01
3.096238e+01
8.702249e+01
1.596901e+02
1.377573e+00
1.082683e-04
2.196681e-03
1.336014e-03
3.964363e+00
4.729175e+03
5.149608e+00
9.827074e-05
2.042450e-02
5.491620e-02
6.308024e-02
1.269242e+06
1.649700e-03
3.885478e+02
1.084496e-01
6.280852e+04
9.220787e+00
2.287311e-01
6.803658e-03
1.939845e-01
2.371105e+01
1.628689e+02
2.598038e+01
2.913943e+01
1.611143e+00
1.758023e+04
3.002513e+00
3.157021e+01
8.686144e-01
2.719570e+01
2.073981e+00
6.871495e-04
3.192991e-03
8.212787e-05
6.418782e+00
1.974853e+03
2.741135e-04
3.099609e+02
4.546490e+00
6.737103e-02
7.576715e-01
4.698048e-02
3.771238e-01
3.435044e+03
3.085002e-02
5.321201e+02
1.190602e-01
1.447535e-02
5.073325e-03
2.274909e+00
4.159798e-01
1.388177e+00
3.276137e+00
2.588673e+01
3.499331e-02
2.341215e+01
1.185519e+00
2.078285e-01
1.173563e+00
4.941030e-05
4.376431e-03
6.964683e-04
8.510162e-06
6.319039e-02
1.014523e+00
3.137011e-05
1.625440e-03
1.889237e+00
8.605275e+01
