2.916543e-01
6.819371e+02
2.852888e+01
8.607426e+01
1.769488e+02
4.436624e+01
1.536772e+00
2.061232e-05
2.525849e-03
4.311647e-04
1.445581e+01
2.009198e+03
3.672653e+00
9.457794e-03
9.602700e-02
5.376497e-02
6.631842e-02
1.422616e+06
4.464110e-02
3.114993e+02
4.220601e-01
1.614917e+05
1.026813e+01
1.534127e+00
9.526219e-03
2.366233e-01
1.129987e+01
3.115514e+02
3.683684e+00
1.347161e+00
1.105946e-01
6.357335e+04
1.270053e+01
8.629868e+00
3.275080e+00
4.998918e+02
1.555461e+00
2.102147e-03
1.020743e-03
6.165577e-05
5.380838e+00
2.948846e+04
5.454675e-04
4.379986e+02
2.241294e-01
3.716093e-01
7.621655e-01
4.415280e-02
4.266603e-02
4.131678e+02
8.959514e-02
1.784554e+03
4.528090e-02
5.588893e-03
6.207354e-04
1.994679e+00
5.889136e+00
2.840970e-01
5.386482e+00
4.992623e+01
1.019787e-02
4.452638e+00
3.467811e+00
3.060960e+00
1.557339e+00
5.555721e-05
4.531149e-04
1.613540e-02
3.267458e-05
1.656605e-01
4.497325e-01
6.937779e-06
6.331582e-03
1.852081e+00
1.625677e+02
