5.813019e-01
1.338160e+03
6.434406e+01
1.402108e+02
6.596674e+01
2.023499e+02
1.843245e+00
1.124664e-04
6.171430e-03
3.985385e-03
6.399044e+00
3.644812e+04
3.613898e-01
3.932094e-04
1.210981e-01
1.659524e-01
3.748378e-01
4.263943e+06
4.880829e-03
2.972841e+02
2.230595e-01
4.850282e+03
1.642024e+02
1.169456e+00
6.116930e-02
1.261831e-01
7.737747e+01
6.570060e+02
7.857107e+00
4.051079e+01
1.310062e-01
2.543028e+04
2.822465e+00
1.331007e+02
1.330873e-01
1.029263e+02
2.385971e+00
7.015599e-03
1.395630e-03
2.105010e-04
3.604706e+00
1.063154e+04
1.263117e-04
7.327754e+02
5.950340e-01
3.568755e-02
2.934344e-01
1.015787e-01
7.200128e-01
2.062333e+04
8.276760e-02
8.573301e+03
3.863957e-01
1.735828e-01
2.305441e-03
5.956114e+00
6.652828e-01
4.434125e-01
1.612936e+01
2.447603e+01
2.418868e-02
7.694712e+00
1.698890e+00
1.415873e-01
1.595490e+00
3.002974e-04
1.837112e-03
7.739036e-02
1.510376e-04
3.636549e-02
1.901242e-01
9.466100e-05
1.972940e-02
2.475088e+00
1.516922e+02
