6.168377e-01
3.178241e+03
1.918201e+01
3.927610e+02
1.172318e+01
5.274683e+02
2.114843e+00
3.148665e-04
2.767414e-03
6.095716e-03
2.804009e-01
4.386825e+04
4.551486e-01
1.615778e-03
1.242147e-02
8.734782e-02
4.604377e-01
1.401603e+06
1.034327e-02
6.853183e+02
1.147659e-01
8.233656e+04
1.776457e+01
5.365966e-01
7.916154e-03
4.346795e-02
3.204825e+00
3.953028e+02
1.613325e+00
2.208985e+00
3.550189e-01
1.942384e+03
2.975760e+01
1.208902e+01
2.022436e-01
3.643785e+01
1.455976e+00
2.549622e-03
1.785244e-03
4.209816e-06
2.558047e+00
5.075250e+03
2.655138e-04
3.132148e+01
4.391294e+00
3.738625e-02
4.137951e-01
1.666244e-01
1.772297e-01
2.125450e+03
1.586169e-01
1.280654e+03
7.265539e-02
3.016445e-03
4.093515e-04
3.057263e+00
1.782753e-01
5.044107e-02
3.526776e-01
3.535285e+00
1.823584e-03
4.452015e+00
1.466021e-01
6.783951e+00
2.843740e+00
1.837397e-04
1.800583e-04
5.152415e-03
3.089095e-05
1.059158e-02
1.684784e-01
5.103299e-05
1.100475e-02
1.456940e+00
1.672034e+02
