7.122603e-01
1.101043e+03
7.134118e+01
2.136054e+02
4.306749e+01
2.514530e+02
1.824843e+00
1.196821e-04
5.918332e-03
4.903278e-03
6.907204e+00
1.688921e+04
4.622359e-01
6.053095e-04
1.172770e-01
2.256906e-01
6.130917e-01
2.569893e+06
6.785085e-03
3.907592e+02
2.033671e-01
1.091107e+04
1.081193e+02
1.032812e+00
3.468530e-02
1.001276e-01
6.566784e+01
6.075473e+02
4.830961e+00
3.704942e+01
2.230833e-01
4.022506e+04
3.136827e+00
1.109536e+02
6.984026e-02
9.772004e+01
2.584023e+00
8.014268e-03
1.225055e-03
2.532864e-04
3.698686e+00
2.069567e+04
9.704032e-05
1.102593e+03
5.834696e-01
4.994720e-02
2.366886e-01
1.411175e-01
1.128496e+00
1.893020e+04
1.015376e-01
1.231829e+04
6.229214e-01
1.360337e-01
1.925435e-03
1.128825e+01
4.693537e-01
5.375183e-01
1.215965e+01
3.168624e+01
4.847447e-02
7.932280e+00
1.535021e+00
1.422199e-01
1.579262e+00
2.393249e-04
1.317282e-03
1.099123e-01
2.091815e-04
3.317898e-02
1.109945e-01
9.454395e-05
2.212552e-02
2.389436e+00
1.338828e+02
