2.056210e-01
3.071454e+03
6.253068e+00
6.813055e+01
1.742632e+02
7.705200e+02
1.526199e+00
7.265513e-04
1.237900e-02
7.030006e-02
5.527646e+00
1.660973e+03
5.899742e+00
1.418189e-04
7.371500e-04
1.632028e+00
3.229356e-03
1.145403e+05
9.456188e-04
1.959513e+02
1.010286e+00
2.365416e+06
6.566694e-01
7.584520e-02
4.166976e-04
7.804670e-01
8.575390e+01
2.404232e+04
1.746060e+02
5.683162e+02
1.966810e-01
5.194974e+05
1.544122e+00
1.921071e-01
1.746947e-01
1.523637e+01
3.168961e+00
1.437187e-01
1.010906e-03
4.283504e-04
3.399773e+00
1.597216e+05
2.193010e-03
1.677658e+04
5.548382e+00
3.462499e-03
3.333832e+01
4.390639e-02
1.072514e-01
1.449716e+03
2.888034e-01
9.083136e+01
7.948492e-02
5.853207e-02
6.050423e-03
1.423605e+02
1.166682e-01
1.702903e-02
4.081448e+00
3.165049e+02
4.594736e-04
1.029817e+00
1.806183e+00
5.460865e+00
1.422946e+00
8.740549e-05
1.521070e-02
4.164498e-03
2.428191e-04
7.777491e-02
8.122118e+00
8.394005e-04
2.003434e-02
2.970727e+00
2.898130e+02
