5.764939e-01
1.364831e+03
6.394536e+01
3.050229e+02
3.882311e+01
2.882740e+02
1.906592e+00
1.424000e-04
6.933558e-03
4.509753e-03
6.593120e+00
1.253134e+04
7.964640e-01
3.329182e-04
9.265471e-02
2.036241e-01
5.635454e-01
1.935643e+06
4.439170e-03
4.505594e+02
1.695320e-01
2.154462e+04
7.542615e+01
7.782070e-01
2.890913e-02
8.404368e-02
1.123207e+02
5.263652e+02
6.414760e+00
3.991850e+01
3.402860e-01
4.660028e+04
4.522875e+00
1.199958e+02
8.575319e-02
1.275866e+02
2.441327e+00
6.798992e-03
1.514473e-03
2.085582e-04
4.310730e+00
2.383221e+04
1.249651e-04
1.216957e+03
6.325424e-01
4.642619e-02
4.107485e-01
1.027629e-01
9.383786e-01
1.270330e+04
9.970824e-02
9.225606e+03
7.932510e-01
1.240375e-01
2.680272e-03
1.354065e+01
4.503341e-01
3.878373e-01
1.345170e+01
3.151200e+01
4.122091e-02
1.071825e+01
1.943443e+00
1.648265e-01
1.559860e+00
2.478540e-04
1.648814e-03
1.475770e-01
2.346211e-04
5.087054e-02
1.876055e-01
9.851026e-05
1.932394e-02
2.381443e+00
1.603770e+02
