2.566013e-01
1.011901e+03
9.386772e+00
6.220578e+00
1.376714e+01
6.500359e+02
2.197092e+00
3.137768e-05
2.238629e-02
1.273817e-03
2.400482e+00
2.337869e+03
1.385098e+00
1.569597e-03
5.921739e-02
2.211881e-02
2.372125e-02
4.056806e+05
8.650304e-03
1.044038e+03
6.572010e-02
1.005830e+05
3.826469e+00
7.737593e-02
1.982476e-02
5.481103e-01
2.149088e+01
1.053929e+03
9.705513e+00
1.831317e+01
1.398144e+00
1.631485e+04
4.243053e+00
1.630959e+01
5.655312e+00
8.453284e+01
1.510339e+00
3.743377e-03
1.802344e-03
1.548767e-05
1.021034e+00
5.132263e+02
7.160988e-04
3.389587e+02
8.450055e-01
2.164423e-01
1.526699e-01
5.476980e-02
4.701997e-01
7.176921e+03
4.014741e-02
3.570524e+02
5.226334e-02
2.194553e-01
1.609300e-03
1.776625e+00
1.591126e+00
5.703752e-01
1.227877e-01
1.142272e+02
3.713462e-03
2.893228e+02
3.729142e-01
1.617312e-01
2.191394e+00
2.962902e-04
2.863603e-04
8.132505e-03
8.781435e-06
1.461278e-02
3.355211e-01
4.176151e-05
2.461367e-02
1.852741e+00
1.446678e+02
