1.885257e-01
1.346780e+01
1.016801e+01
1.422225e+01
3.233428e+01
8.503406e+02
1.934963e+00
2.770765e-04
3.068339e-03
6.559246e-04
9.801928e+00
2.456427e+03
4.034842e+00
5.485895e-04
5.957155e-03
5.631001e-02
5.348709e-02
2.950552e+05
8.637209e-03
8.305457e+01
5.978426e-01
5.986886e+04
8.309809e+00
7.910433e-02
1.976654e-03
7.738424e-02
5.020545e+01
3.507064e+02
1.066476e+00
2.151891e+00
6.025440e-02
2.237967e+03
9.368231e+00
9.581360e+00
2.241349e-01
4.440827e+01
2.323362e+00
9.141333e-03
1.653806e-03
1.393548e-04
2.592129e+01
1.730757e+04
1.438177e-04
1.577193e+02
4.902509e+00
6.901219e-02
4.432254e-02
1.204773e-01
8.761822e-01
9.752489e+02
1.496472e-02
7.214487e+01
4.304379e-02
1.502440e-02
4.912273e-05
1.127684e+01
3.162834e-01
2.237980e-01
3.518582e-01
6.780109e+01
9.146131e-03
1.452635e+00
2.364241e+00
1.555120e+00
1.302859e+00
6.440946e-04
4.056653e-05
1.052873e-03
2.448473e-05
9.687270e-03
1.836322e-01
3.144141e-06
1.411711e-02
1.863855e+00
1.087513e+02
