1.608212e+00
7.715869e+03
3.905260e+01
1.584567e+02
2.924109e+03
1.690474e+04
1.184832e+00
1.993626e-03
3.637253e-04
1.245747e-01
2.822237e-01
2.766110e+06
1.338812e-01
3.638926e-03
6.897136e-02
7.046790e+00
3.887072e-03
1.926311e+05
7.274588e-03
2.584361e+02
5.503461e+01
2.951607e+06
1.805785e+01
1.826464e-01
6.403506e-01
1.132925e+01
6.947065e+02
1.956536e+03
6.574760e+02
8.069904e+02
5.185298e+01
2.990006e+03
1.680988e+02
1.559490e+02
2.110667e+01
1.859761e+04
1.414595e+00
7.984742e-03
2.134352e-03
1.055937e-04
7.480953e+01
2.024228e+03
5.219863e-05
1.743869e+03
1.110176e+01
1.318475e-01
8.375288e-01
2.537439e+00
1.370461e-01
4.122185e+03
4.723042e-02
1.157116e+05
7.834431e+00
4.561083e+00
3.125522e-05
3.581873e+00
8.280570e-01
8.345512e-03
3.404726e+01
1.514569e+02
7.268856e-03
8.876434e+01
2.436047e+01
4.259987e+00
3.083161e+00
2.704880e-02
6.639604e-04
1.049978e-01
3.500000e-03
1.680484e-03
3.969506e+01
1.794606e-05
7.202331e-01
3.963648e+00
1.590068e+02
