6.580067e-01
8.653828e+02
2.828575e+01
1.034764e+02
6.783131e+00
3.206151e+02
1.724218e+00
3.623989e-04
2.039048e-03
2.434370e-03
9.510624e-02
6.914880e+04
3.100055e-01
3.812233e-04
2.078625e-02
4.117114e-02
1.864723e-01
5.146225e+05
1.684002e-02
2.882454e+02
1.209468e-01
7.542796e+04
2.441871e+01
3.254239e-01
3.252725e-03
7.451782e-02
4.544050e+00
1.786704e+02
1.075884e+00
6.682246e+00
6.589200e-01
7.211812e+03
1.840575e+01
1.797069e+01
5.022908e-02
9.641455e+00
1.375190e+00
1.222807e-03
1.350146e-03
5.319611e-06
1.927633e+00
3.916075e+03
3.463419e-04
6.350060e+01
1.067918e+00
1.403902e-02
5.754217e-01
1.681766e-01
2.452918e-01
4.122085e+03
8.002286e-02
6.188868e+02
5.991432e-02
5.958526e-03
5.071911e-04
3.175125e+00
2.098580e-01
3.240281e-02
7.673928e-01
5.126082e+00
3.540716e-03
1.648504e+00
1.423620e-01
2.145754e+00
2.234749e+00
9.556688e-05
8.119004e-05
4.995032e-03
2.052254e-05
3.986468e-03
2.245086e-01
8.655892e-05
3.571028e-03
1.369441e+00
8.703654e+01
