4.185025e-01
4.091434e+02
2.204835e+01
1.538566e+01
1.264734e+02
1.422638e+01
2.340222e+00
5.845286e-05
2.163379e-03
1.894311e-03
4.066250e+00
4.061918e+03
2.815208e+01
1.517241e-04
1.432394e-02
1.134501e-02
1.486433e-01
2.496522e+05
3.513847e-03
2.585513e+02
9.877625e-02
1.723640e+04
3.240515e+01
1.052202e-01
3.273070e-02
6.551411e-01
9.111629e+01
4.412110e+01
3.307601e+00
2.590264e+00
1.722818e+00
6.023721e+03
4.323831e+00
7.250948e+01
4.370181e-01
9.783398e+02
1.422386e+00
2.009520e-03
1.962917e-03
1.292192e-05
4.419815e+01
1.368516e+04
1.000573e-04
8.429443e+02
1.507234e+01
2.507028e-02
8.830328e-01
2.359707e-01
2.763681e-01
6.398408e+03
3.830314e-01
5.376878e+03
6.271690e-03
2.275796e-01
3.721384e-03
3.963595e+01
3.794891e+00
9.418447e-01
1.190557e+00
6.768248e+02
2.691837e-03
2.129723e+01
6.220970e+00
1.522424e-01
1.738409e+00
3.651769e-05
2.180253e-03
1.979789e-02
9.015113e-06
3.223982e-02
9.088490e-01
1.309130e-05
3.599944e-03
1.674014e+00
1.371352e+02
