6.554072e-01
1.376082e+03
6.855793e+01
1.978242e+02
6.539841e+01
2.286451e+02
1.885909e+00
9.313866e-05
7.158118e-03
4.440723e-03
1.111783e+01
2.528375e+04
6.803605e-01
4.803582e-04
1.063656e-01
2.153717e-01
4.620767e-01
3.639769e+06
9.016872e-03
2.298494e+02
1.822564e-01
8.941976e+03
1.140328e+02
1.382751e+00
4.918217e-02
1.003831e-01
7.276079e+01
5.149706e+02
4.824447e+00
3.247227e+01
1.700786e-01
2.702496e+04
3.368570e+00
1.661693e+02
1.314653e-01
1.265771e+02
2.475822e+00
8.486463e-03
1.301184e-03
2.941178e-04
3.014451e+00
1.571132e+04
1.596317e-04
1.161650e+03
1.001934e+00
5.910637e-02
2.844602e-01
1.354341e-01
9.243885e-01
1.748637e+04
8.249850e-02
1.392386e+04
4.387552e-01
1.452558e-01
1.668737e-03
7.370206e+00
4.270154e-01
7.014476e-01
8.271247e+00
2.082789e+01
4.988813e-02
6.117739e+00
1.556297e+00
1.779548e-01
1.448953e+00
1.966963e-04
1.166483e-03
5.073581e-02
2.150097e-04
3.582634e-02
9.672168e-02
7.293308e-05
2.491230e-02
2.393553e+00
1.385941e+02
