6.831877e-02
2.347715e+04
2.898935e+02
1.262697e+02
1.965812e+03
1.981937e+00
3.679783e+00
1.070817e-04
1.891762e-02
1.206152e-02
3.793763e+02
7.118274e+05
2.382360e+02
5.465830e-04
4.117849e-03
1.703976e+00
8.688163e+00
3.404254e+05
1.447155e-04
2.737302e+01
4.676251e-02
4.964530e+04
4.522072e+01
6.743957e-01
2.022193e-01
1.102165e-01
5.444550e+01
2.684645e+03
2.461714e+00
1.348591e+02
8.914720e-01
3.245213e+04
2.606067e+02
1.725801e+01
3.250045e-02
7.157623e+00
1.743097e+00
8.258604e-04
1.626712e-02
1.151848e-05
2.784252e+02
2.069924e+03
2.727573e-03
1.010963e+04
3.126993e-01
6.663705e-03
5.754541e+00
5.290568e-01
1.006134e-01
1.214905e+05
4.932789e-03
1.678765e+03
2.231831e-02
2.548025e-03
8.117240e-04
5.000184e-01
5.375111e+00
1.266396e+01
2.278884e+01
2.924446e+00
4.556000e-01
3.642626e+02
1.045396e-01
4.860781e+01
1.310259e+00
1.295914e-02
4.634696e-04
2.610339e-02
1.910818e-05
2.628502e-02
7.252266e+00
1.522784e-04
1.226356e-03
1.395627e+00
5.583683e+03
