1.391230e-01
2.537541e+03
1.465440e+01
2.368427e+00
1.327247e+03
1.333323e+02
1.658106e+00
2.272911e-04
1.061073e-03
4.430643e-04
3.316793e+00
4.546003e+04
6.952743e+00
2.275806e-03
1.199535e-01
9.477323e-01
1.800240e-01
5.044234e+05
6.380786e-04
7.125277e+01
1.536507e-01
1.128088e+05
1.085499e+01
2.963215e-01
1.896412e-02
2.829699e-02
2.881735e+01
7.735928e+02
8.168354e+00
1.875010e+02
6.976458e-02
8.649958e+04
1.413698e+01
3.343376e+01
1.010950e+00
1.223117e+02
1.671221e+00
2.629387e-03
5.456136e-04
3.436306e-05
1.813427e+00
1.005788e+05
8.525493e-04
7.219379e+02
1.179853e-01
3.639099e-03
1.257151e-01
6.907508e-02
1.335986e-01
1.970406e+02
1.471334e-02
2.552773e+03
1.017634e-02
4.215575e-02
8.022266e-04
2.518112e+02
4.186942e+00
1.130220e+00
1.732902e+00
1.779776e+01
3.369054e-02
4.790681e+01
1.847605e-01
1.976686e-01
1.484016e+00
8.264143e-06
2.501912e-04
1.632479e-03
3.822495e-05
3.543075e-02
3.269304e-02
5.169334e-05
7.975838e-02
1.569382e+00
2.667102e+02
