3.063840e-01
7.105145e+03
1.962115e+01
8.632260e+00
2.532576e+03
7.984147e+02
1.959958e+00
1.336614e-04
2.365044e-03
1.298287e-03
5.685537e+00
1.465785e+05
5.345035e+00
2.219697e-03
2.693559e-02
3.430556e-01
4.712140e+00
3.485293e+06
1.917664e-03
1.939809e+01
1.513747e+00
4.200792e+04
1.200187e+01
8.771835e-01
8.083008e-03
7.873043e-01
3.043825e+02
4.219857e+02
1.380387e+01
1.820709e+01
8.629040e-01
5.879550e+04
3.648198e+01
9.091198e+00
1.196523e-01
4.392987e+00
1.900358e+00
1.726862e-03
9.479975e-04
1.157353e-03
2.126548e+00
2.471062e+03
5.824478e-05
3.541254e+03
6.341618e+00
5.302834e-01
2.143353e+00
2.056449e-01
5.640501e+00
2.466350e+03
5.765427e-03
3.131970e+04
2.580830e-01
3.903122e-03
2.179486e-03
7.226342e+01
3.856621e-01
1.601536e+00
2.724498e+00
6.481423e+02
1.890294e-03
2.515096e+01
4.382656e-01
7.661647e-02
2.067738e+00
6.452554e-05
3.362998e-03
7.278909e-02
1.005041e-05
5.882748e-02
2.061071e+00
8.653436e-04
1.654372e-02
1.255262e+00
1.254760e+03
