2.033892e-01
7.466541e+03
1.825265e+01
9.217481e+00
2.636002e+03
4.899806e+02
1.885293e+00
1.281740e-04
2.337598e-03
7.179674e-04
5.563031e+00
1.244685e+05
2.669340e+00
1.966478e-03
2.219813e-02
4.476691e-01
7.010834e+00
3.328520e+06
2.226952e-03
9.587770e+00
6.872617e-01
3.203360e+04
8.342201e+00
8.875531e-01
7.790792e-03
4.639647e-01
1.701954e+02
3.669896e+02
1.167158e+01
1.547014e+01
5.132180e-01
3.623837e+04
2.396331e+01
4.992801e+00
7.506280e-02
6.207854e+00
1.859055e+00
3.016260e-03
4.981364e-04
5.548598e-04
9.094413e-01
1.336833e+03
2.943074e-05
1.191776e+03
5.625866e+00
2.637961e-01
3.509801e+00
2.838434e-01
3.087386e+00
9.328640e+02
3.261064e-03
2.403750e+04
3.065218e-01
2.184732e-03
1.045512e-03
6.979437e+01
2.509211e-01
1.376230e+00
1.811099e+00
7.115264e+02
1.556104e-03
6.372204e+00
2.736721e-01
4.363008e-02
2.010832e+00
4.492212e-05
1.376874e-03
1.115678e-01
3.892070e-06
2.359476e-02
1.199037e+00
6.412236e-04
1.642841e-02
1.207806e+00
1.474337e+03
