1.976161e-01
2.176016e+03
3.554781e+01
1.622529e+02
4.101603e+02
5.514835e+02
2.472852e+00
2.623195e-04
8.100656e-03
1.791655e-03
5.371405e+01
1.871864e+05
4.328645e+00
6.284563e-03
2.748607e-01
2.099595e+00
1.067332e-01
4.992685e+05
1.473708e-03
7.429385e+03
8.685931e-01
8.877695e+04
4.404386e+01
1.709278e-01
7.937495e-02
1.011606e-01
1.152845e+02
1.445914e+02
1.249529e+01
3.763378e+00
4.424325e+00
4.151994e+03
1.337592e+02
7.546661e+00
8.438356e-01
3.048318e+02
2.379481e+00
6.067786e-04
2.628657e-03
4.836315e-04
3.549432e+00
2.149935e+03
3.036865e-03
2.211962e+03
2.749692e+00
4.044148e-02
1.809768e+01
3.037239e-01
2.551412e-01
2.551005e+02
4.506889e-02
8.113465e+02
6.495536e-01
1.086058e-01
1.109322e-02
7.126494e+01
4.733359e-01
2.676476e+00
4.929387e+00
1.687746e+01
9.217040e-02
1.138569e+01
1.827969e+00
9.348163e-01
1.210919e+00
1.308186e-04
1.318593e-02
3.697331e-02
4.451839e-05
2.729207e-02
1.021339e+00
3.726749e-05
4.529063e-02
2.335816e+00
3.954712e+02
