1.193528e+00
3.752227e+03
7.167348e+01
7.389110e+01
5.481154e+02
2.530521e+01
1.648908e+00
4.902901e-05
1.175632e-02
2.206774e-04
1.654611e+00
7.986816e+03
5.947978e+00
1.358927e-03
2.680110e-02
2.583440e-01
9.476635e-02
1.219502e+04
3.351006e-03
8.819810e+02
1.683443e-01
3.131067e+04
1.118544e+01
1.040823e+00
2.324258e-02
3.209570e-02
3.125738e+00
5.415341e+02
1.420857e+00
3.722414e+01
4.990374e+00
3.435663e+04
2.420582e+01
5.995496e+00
3.418175e+00
1.400319e+02
1.726642e+00
4.267064e-03
7.267361e-04
4.523848e-04
3.756522e+00
3.980891e+04
3.204694e-03
8.139738e+01
3.963908e+00
4.466652e-02
8.749867e-01
1.496733e-01
3.034479e-01
2.527202e+03
5.742571e-02
4.309744e+02
5.759427e-02
2.455322e-03
2.395027e-03
5.797131e+01
3.364832e-01
1.158787e+00
1.222769e+00
1.371589e+02
5.129160e-02
2.932073e+00
2.558469e+00
1.565029e+00
1.330025e+00
1.054255e-04
8.136583e-03
9.905866e-03
4.938352e-05
2.696651e-02
1.314907e-02
2.527615e-06
8.867048e-03
2.083285e+00
1.893518e+02
