6.470903e-02
1.802168e+04
2.348660e+02
5.977115e+01
1.453613e+03
1.820307e+00
3.845186e+00
1.070611e-04
3.057231e-02
4.766488e-03
3.726508e+02
4.976339e+05
6.604669e+01
6.708852e-04
1.671540e-02
2.027086e+00
9.941198e+00
2.793992e+05
1.491411e-04
3.452398e+01
7.218924e-03
3.080279e+04
1.530080e+01
4.966220e-01
1.577649e-01
9.783283e-02
4.363347e+01
2.407283e+03
1.828761e+00
4.701446e+02
6.075718e-01
8.729222e+04
1.817429e+02
3.748753e+01
2.760654e-02
7.937168e+00
1.506888e+00
6.853873e-04
2.583616e-02
4.585088e-05
3.256097e+02
1.053148e+03
3.880763e-04
5.682967e+03
6.295923e-01
8.590530e-03
1.091052e+01
1.562750e-01
1.422514e-01
4.619232e+04
3.589052e-03
4.008505e+03
8.837800e-03
7.812084e-04
3.402162e-04
3.667610e-01
1.028541e+01
2.826246e+01
1.619312e+01
7.349729e+00
5.666219e-01
8.637966e+01
6.170798e-02
5.618252e+01
1.310217e+00
2.457205e-02
1.614713e-04
1.363818e-02
2.207565e-05
1.485620e-02
9.986959e+00
1.132795e-04
1.179099e-03
1.070742e+00
7.898276e+03
