6.022799e-02
2.260129e+02
3.963192e+01
6.229164e+01
1.654489e+02
1.731167e+02
1.010151e+00
1.206342e-04
9.182667e-03
4.306608e-04
4.018770e+00
2.708482e+03
2.074331e+00
9.207495e-05
8.113479e-02
5.995561e-02
8.378633e-02
3.743773e+06
6.353577e-03
1.725949e+03
1.385568e+00
1.373760e+06
2.084610e+01
3.549681e-01
2.432691e-01
9.367985e-02
2.009749e+02
5.035672e+02
1.034416e+01
5.960818e+00
1.146676e+01
3.523247e+04
2.414417e+00
1.587341e+01
3.613285e+00
7.461379e+03
1.663873e+00
2.066162e-03
3.444471e-03
6.974600e-04
1.628312e+02
3.872734e+02
4.646605e-04
2.768592e+03
8.230144e+00
7.867183e-03
3.968001e+01
3.291353e-02
1.834450e+01
5.535800e+03
7.028532e-02
2.978546e+02
2.643350e-03
2.253661e-01
1.285410e-03
1.381749e+01
6.561299e+00
1.666827e-01
2.302528e+02
8.862393e+00
8.055029e-03
1.881913e+00
5.487541e-02
1.400523e+00
1.779933e+00
9.740300e-03
3.348638e-03
4.006858e-05
2.442110e-04
1.161815e-02
2.414086e-02
2.908301e-05
7.023727e-04
3.060809e+00
3.023058e+02
