5.693385e-01
9.185422e+02
2.152874e+01
9.984228e+00
1.630352e+00
1.748068e+01
1.149190e+00
4.181036e-04
2.023913e-03
1.600298e-03
7.311211e+01
4.776122e+03
3.722103e-01
9.124339e-04
2.968375e-02
5.102990e-02
9.626533e-03
5.514171e+05
6.360112e-03
6.335154e+01
3.132880e-02
2.245186e+04
3.977971e+01
1.069898e+01
1.950129e-02
2.929618e-02
3.331703e+01
1.445936e+03
3.724887e+00
3.562879e+01
2.043161e+00
3.001357e+05
8.015769e+00
1.914046e+00
7.649849e-02
8.029528e+01
1.467286e+00
1.055883e-03
1.053842e-03
1.285749e-04
1.171775e+01
1.736460e+03
3.005221e-04
2.343274e+01
6.775484e-01
4.735535e-03
5.094859e-02
3.686057e-03
2.922991e-01
1.795726e+04
8.839465e-02
5.700911e+01
2.522435e-02
2.197858e-02
8.426199e-05
7.434459e-01
1.510561e-02
1.521354e-01
4.505701e+00
7.556411e+02
3.733314e-03
7.561903e-01
6.941847e-01
6.740128e+00
1.680809e+00
4.602973e-04
7.573923e-05
3.116876e-03
2.796288e-05
3.808883e-02
1.675206e+00
1.327058e-06
1.099482e-02
1.858936e+00
1.210582e+02
