1.319407e+00
7.039103e+03
5.504689e+00
1.718549e+01
3.003546e+01
1.540831e+02
2.968121e+00
5.575758e-04
3.646477e-02
1.859694e-03
5.156569e+01
1.864590e+06
2.302951e+00
4.105605e-03
6.964984e-02
2.205752e-01
4.971234e-02
1.522381e+05
1.877549e-03
5.714867e+02
1.202213e-01
2.696573e+05
8.233886e+01
3.479114e+01
8.600211e-02
2.649092e-01
8.337782e+00
2.850394e+02
1.825350e+01
1.276830e+01
7.330678e-01
2.055956e+04
4.384586e+00
1.974177e+01
1.092700e-01
3.767183e+02
2.611122e+00
3.070438e-03
1.506736e-03
2.061549e-03
1.424102e+00
6.639860e+04
2.446520e-04
2.790989e+03
2.469941e+00
3.221845e+00
1.105452e+01
8.717953e-01
1.060090e+00
1.210261e+04
1.931986e-01
1.158592e+04
6.207968e-02
1.136854e+00
1.760954e-03
4.808734e+00
1.785368e-01
7.268476e+00
3.776881e-01
1.940341e+01
6.947810e-03
1.418477e+01
7.741734e+00
1.451059e-01
1.856358e+00
2.237437e-05
1.035509e-02
2.340503e-02
6.754301e-07
5.666969e-01
4.046822e-01
1.905465e-04
1.102980e-02
1.565661e+00
1.495310e+02
