1.361489e-01
8.212254e+02
1.723525e+01
3.711106e+00
2.437653e+02
5.934732e+01
1.273586e+00
5.253213e-05
1.831476e-02
4.791440e-03
3.759077e-01
4.423957e+03
1.258738e+00
6.335213e-05
8.382961e-03
1.494594e-01
4.300436e-02
2.387286e+05
4.335330e-03
2.646702e+02
1.912918e-01
4.110477e+04
3.578167e+00
2.268536e-01
2.223693e-02
1.156000e-01
1.541040e+01
2.371843e+02
6.533610e+00
2.869095e+01
3.290291e-01
9.991747e+03
3.502351e+00
4.739370e+00
3.945172e-01
2.412848e+02
1.586924e+00
1.036685e-02
4.885985e-04
1.322710e-04
2.259685e+00
1.269471e+04
4.390958e-04
4.624495e+02
1.612118e+00
2.579800e-01
6.810294e-01
2.000555e-01
4.360043e-01
1.937914e+04
2.843210e-01
3.384260e+02
4.243000e-02
1.404877e-01
1.501569e-04
4.220454e+00
1.382197e-01
1.019856e-01
2.000367e+00
3.142680e+00
1.184006e-02
8.119863e+00
7.461866e-01
7.885799e-01
2.107919e+00
2.507721e-04
1.909980e-03
3.723141e-03
1.626957e-04
2.749937e-02
1.882548e-01
2.978466e-06
2.036431e-03
2.005654e+00
2.622164e+02
