2.409090e-01
1.937130e+03
3.317051e+01
7.692351e+01
2.754857e+00
2.879111e+01
1.399319e+00
5.089990e-04
4.198471e-03
2.381873e-03
1.212922e+02
1.022778e+04
1.174759e+00
1.985753e-03
8.599856e-02
5.715363e-02
9.612557e-03
1.078577e+06
4.246531e-02
3.606273e+02
8.635098e-02
3.649307e+04
1.090781e+02
1.690135e+01
2.882060e-02
8.159263e-02
3.576152e+01
2.072403e+03
1.803930e+00
2.766965e+01
1.867112e+00
1.402909e+05
2.982209e+01
4.180231e+00
2.904321e-01
2.333700e+02
1.749628e+00
2.704818e-03
9.159793e-04
2.226650e-04
6.979579e+00
7.009096e+02
5.931284e-04
8.820508e+01
4.412048e-01
1.249644e-02
2.630437e-01
2.270766e-02
1.883598e-01
1.107629e+04
2.740265e-01
2.493887e+02
3.953699e-02
9.495670e-02
2.326140e-04
4.752936e-01
1.037180e-01
2.561115e-01
4.940986e+00
3.213136e+02
2.938820e-03
1.159470e+00
2.111897e+00
2.474245e+00
2.050965e+00
1.242893e-03
2.732110e-04
3.786611e-03
1.056406e-04
1.931179e-02
2.614436e+00
6.618574e-06
1.633994e-02
2.050129e+00
3.333223e+02
