6.147546e-02
2.502815e+01
2.071171e+01
1.833417e+00
5.107249e+00
2.499812e+02
1.134358e+00
5.153045e-04
6.128130e-02
5.683085e-03
1.031629e+01
5.269417e+03
3.711635e+00
4.312998e-03
1.221854e-01
8.546624e-02
7.563518e-02
7.583156e+04
9.450034e-04
4.913245e+01
4.164243e-01
4.224456e+04
3.404875e+00
5.220761e-02
3.512686e-01
5.315681e-01
3.775770e+00
3.207667e+02
5.211851e-01
2.753359e+00
1.196409e+00
1.445262e+03
3.576055e+00
1.285117e+01
1.074703e-01
8.195052e+02
1.304841e+00
5.662994e-03
1.310224e-03
4.793615e-05
1.447536e+00
3.924800e+03
3.349180e-05
4.024259e+01
3.930826e+00
1.053874e-01
1.813228e+00
3.814934e-02
5.056790e+00
4.051514e+04
9.745418e-02
1.829925e+01
2.863600e-03
1.147945e-01
2.117526e-03
4.510329e+00
2.059280e-01
7.170318e-03
7.581462e-01
1.061022e+02
4.397702e-03
6.380875e+00
4.055033e-02
1.032259e-02
1.457959e+00
5.496970e-04
3.236401e-03
4.232836e-02
9.118095e-05
7.502917e-02
2.193473e-01
1.923174e-04
2.244533e-02
1.593230e+00
2.740634e+02
