9.582949e-02
4.016992e+02
3.056255e+01
2.664333e+01
2.185777e+01
6.647941e+01
1.740003e+00
1.966099e-04
3.400312e-03
1.272921e-03
6.174944e+00
1.028370e+04
6.515838e-01
1.303769e-03
1.263937e-02
4.101655e-02
1.803372e-01
3.172458e+05
2.018869e-02
5.418997e+02
1.736844e-01
4.746271e+04
1.129598e+01
1.480492e+00
3.604639e-02
4.635282e-02
8.573656e+00
5.699635e+02
2.701402e+00
9.429956e+00
2.345772e+00
8.543757e+03
1.872536e+01
1.264642e+01
2.880114e+00
5.329862e+01
1.327318e+00
5.113129e-03
5.183453e-04
2.659775e-04
4.016136e+00
1.530253e+04
7.548588e-04
3.594868e+02
4.567077e+00
2.995959e-02
8.037880e-02
1.773613e-02
2.015931e+00
8.771041e+03
6.865284e-02
1.566557e+03
7.562889e-03
1.674881e-02
2.464278e-03
1.268717e+01
2.328213e-01
3.262746e-01
1.228892e+00
2.960605e+01
1.423496e-02
8.932377e+00
2.680762e-01
3.569892e-01
1.651167e+00
4.758224e-04
2.322292e-03
1.017074e-02
1.962593e-05
2.933780e-03
1.397854e-01
1.000260e-04
1.996431e-02
1.790231e+00
2.872855e+02
