2.028403e-01
3.330925e+01
9.736783e+00
2.060880e+01
1.615616e+01
3.067051e+01
1.748613e+00
2.317300e-04
3.848265e-03
2.437951e-03
1.232593e+00
4.301939e+03
1.336399e+01
2.073068e-02
5.284255e-03
1.565152e-02
7.644983e-02
4.732695e+06
4.063753e-03
1.544880e+02
1.155535e-01
2.613740e+04
3.665190e+01
3.349798e-01
7.951366e-02
2.078801e-01
5.640549e+00
3.964153e+03
1.997870e+00
9.327901e+00
9.455655e-01
4.598777e+04
5.480521e+01
1.356000e+01
9.160513e-01
6.268467e+01
1.454506e+00
1.422581e-03
9.171156e-04
1.073409e-05
4.638461e+00
4.442024e+03
3.263694e-05
4.449966e+01
2.916734e+00
6.027981e-03
2.573858e-01
6.225944e-01
3.942368e-01
2.817872e+03
1.649698e-03
1.116400e+03
4.129272e-01
8.561499e-03
9.723180e-04
3.405332e+00
1.808945e+00
1.307579e+00
4.246750e+00
1.021293e+01
1.018669e-02
3.109999e+01
2.958804e-01
2.115222e+00
1.792315e+00
5.391119e-04
1.463769e-03
6.455999e-04
2.138183e-05
3.274207e-04
1.091964e-01
5.504408e-05
2.968337e-02
1.777257e+00
9.314862e+01
