1.787247e-01
1.538161e+02
2.651680e+01
1.516661e+01
4.586884e+00
5.661133e+01
1.300972e+00
3.916678e-05
4.308075e-03
1.498283e-02
1.238477e+02
2.016735e+04
3.359822e-02
6.438277e-04
1.602829e-02
2.998391e-03
6.038908e-02
6.884195e+05
3.953144e-04
4.561340e+01
7.007860e-02
2.280356e+04
4.420052e+00
1.419240e+00
1.072789e-02
7.699402e-02
4.119545e+01
8.147298e+01
6.162226e+00
1.907435e+00
8.240581e-02
1.097476e+04
2.322340e+01
1.876152e+01
3.970630e-01
9.431481e+02
2.009366e+00
1.236279e-03
9.966769e-04
4.094083e-03
3.024719e+00
8.220823e+03
2.237963e-04
1.228667e+02
6.171853e-01
1.319999e-02
1.178837e-01
5.354914e-01
6.077084e-01
4.522808e+02
5.616271e-01
4.371962e+04
1.461618e-01
4.142440e-02
1.446627e-03
5.853312e-01
8.453739e-02
5.103853e-01
2.368627e-01
3.706554e+01
3.561042e-03
3.088538e+00
1.753576e+00
1.792145e-01
1.282767e+00
4.950928e-04
4.338905e-04
2.316975e-03
2.548783e-05
2.008950e-02
2.539085e-02
1.174060e-04
2.111116e-03
1.496788e+00
1.894772e+02
