4.559278e+00
1.750502e+03
1.949872e+03
9.792474e+02
1.033734e+00
1.446938e+02
1.017200e+00
2.300773e-04
8.737976e-04
1.421692e-02
1.161294e+01
4.873538e+03
7.328734e-02
1.128059e-03
1.197819e-03
3.198947e-03
3.636209e+00
2.222936e+07
1.616776e-01
2.663052e+04
8.363847e-02
1.416925e+04
6.192259e+02
1.345821e+00
5.831597e-02
5.797156e-02
2.788512e+00
4.415834e+04
7.320140e+00
2.953892e+00
4.345396e+01
1.218128e+06
7.303929e+02
1.067647e+01
6.552142e+01
1.859761e+04
1.042711e+00
1.685954e-01
2.951844e-03
5.757835e-05
7.965892e+01
5.648818e+05
1.591579e-04
1.302203e+04
1.020737e+02
3.700182e-03
1.319732e+00
8.062590e+00
3.595852e+00
3.426708e+03
1.320655e-02
8.432227e+04
3.868894e-02
3.891895e-01
2.314678e-02
3.943947e+01
6.860205e+01
8.482440e-01
3.697136e+01
5.787533e+00
1.646825e+00
7.956149e+02
4.450070e-02
4.803438e+00
1.166450e+00
3.231262e-05
4.815431e-05
2.647571e-04
4.729314e-04
5.863013e-02
3.239942e+00
3.896093e-06
4.117730e-04
3.271243e+00
7.741165e+01
