1.555025e-01
4.085257e+02
3.968191e+01
1.836932e+01
2.423140e+02
1.969469e+01
3.865445e+00
2.036593e-05
7.875765e-01
1.245747e-01
2.850540e-01
2.430713e+06
1.803615e+00
2.555955e-02
3.224332e-02
5.358374e-01
1.348648e+00
1.726219e+06
4.824739e-03
7.192747e+01
2.501767e-01
1.945297e+03
1.009064e+03
1.425485e-01
8.294124e-02
1.307828e-02
5.174052e+02
3.149676e+04
2.426243e+00
1.054803e+01
1.325731e-01
1.541029e+04
2.987330e+02
1.397610e+02
6.552142e+01
6.503011e+03
1.728826e+00
2.681543e-02
1.793472e-04
5.091118e-05
8.382205e+00
2.133281e+05
5.973150e-02
1.261845e+02
1.225784e-01
1.210256e-01
4.178262e+01
2.579805e+00
3.289029e+01
1.441841e+02
6.601326e-02
1.616366e+04
5.381191e+00
5.071865e-01
5.006516e-04
2.647840e+00
6.860205e+01
2.703091e+00
1.694106e-01
3.871231e+00
1.679259e-01
5.591065e+00
4.980018e-02
4.499181e-01
1.016285e+00
5.703495e-04
1.746201e-03
1.324889e-03
1.998791e-05
1.882417e-02
1.309076e-02
2.180287e-06
2.233504e-02
2.204000e+00
3.528728e+02
