2.011959e+01
3.193833e+02
3.033148e+00
1.239752e+02
7.767109e+02
1.850734e+03
2.911661e+00
1.200782e-04
9.464358e-04
5.647557e-04
1.127668e+00
1.497688e+04
2.822307e+01
2.882390e-04
1.059066e-02
6.199217e-01
2.903140e-01
2.071278e+04
4.766944e-03
7.252036e+02
2.632868e-01
5.292749e+04
7.441329e+01
1.028543e+01
1.096995e-02
5.126242e+00
3.092372e+01
2.795677e+01
4.917423e+01
3.043699e+02
1.470587e+00
5.193684e+05
8.242111e-01
7.268383e+02
1.010563e+00
1.796193e+01
1.065388e+00
9.628335e-02
3.970942e-03
5.419161e-06
2.219578e+00
2.883537e+04
4.852815e-02
3.509864e+03
1.091597e+02
5.523251e+00
3.139690e-01
1.614043e-02
9.815408e-03
1.677006e+04
1.607716e-02
8.423367e+02
3.739775e-02
1.251569e-03
1.378917e-03
2.751374e+01
6.094404e+01
4.631494e-01
3.153957e-01
7.404050e+02
2.695621e-02
1.344886e+02
1.712247e-01
4.307270e+00
2.143527e+00
4.991740e-03
8.954353e-05
6.223596e-05
9.949397e-07
6.326125e-03
8.208014e+00
8.463795e-04
1.721652e-01
1.906990e+00
7.552838e+00
