4.168811e-01
3.070415e+00
4.305531e+00
2.994074e-01
4.948485e+00
2.114416e+02
1.671470e+00
8.291822e-03
4.867110e-04
8.616131e-05
4.326874e+01
1.939350e+05
5.585758e+00
5.201551e-03
6.243409e-03
7.138261e-04
7.460761e-01
1.182804e+05
3.109229e-03
5.138999e+00
1.350489e+01
1.531748e+06
1.524315e+01
4.296149e-02
9.896744e-03
1.306327e-02
4.963523e-01
1.021597e+03
3.455445e-01
2.167749e+02
1.096641e-02
3.191242e+04
1.971459e+01
1.354811e+02
6.552142e+01
1.588685e+03
1.010480e+00
3.284434e-01
1.501023e-03
1.887404e-03
8.907637e-02
4.747989e+03
1.146145e-04
1.826122e+04
8.430080e-01
1.877276e-03
1.876569e+00
4.628318e-02
2.494667e-01
8.838293e+03
3.769379e-02
1.157116e+05
1.878151e-03
4.287528e-01
4.378329e-02
2.745334e+02
2.196914e-01
4.682693e-03
1.317142e+01
1.088842e+01
1.646825e-04
6.842857e+01
3.174884e-02
1.234749e+01
1.602981e+00
7.353415e-04
2.932481e-02
3.084168e-04
9.974935e-07
8.141850e-02
3.969506e-03
3.498929e-06
4.635725e-02
1.735048e+00
7.747298e+01
