2.480058e-02
3.469606e+02
1.690238e+01
1.899427e+00
4.784712e+02
2.326823e+02
1.445933e+00
3.801213e-05
4.481927e-02
1.676051e-03
8.014147e-01
1.137517e+05
7.563272e-01
4.365120e-03
3.560807e-02
4.982442e-02
3.331327e-02
7.711794e+04
4.811311e-03
5.110152e+02
2.322633e+00
2.512586e+04
6.229123e+01
6.949429e-02
3.599853e-01
7.747284e-02
2.792816e+01
3.734511e+03
5.865876e+00
2.720948e+01
2.062328e-02
1.424845e+05
6.825220e+01
9.273868e-01
4.473387e+00
2.896611e+02
2.082725e+00
1.439081e-03
1.054996e-03
3.096281e-04
7.618267e-01
4.303029e+03
3.835960e-04
1.887154e+02
4.884264e-01
4.262387e-01
1.788776e-01
6.651451e-01
1.053043e+00
1.247242e+03
7.300220e-02
1.184543e+03
1.763369e-02
1.001792e-01
1.453173e-03
5.580778e+01
7.714715e-01
5.567178e+00
9.116758e+00
2.002941e+00
1.631517e-02
7.795784e+00
4.084309e+00
6.262153e+00
1.641996e+00
1.910451e-04
3.892060e-04
1.643957e-03
2.892879e-05
2.025225e-03
3.625197e-01
5.468309e-05
7.446466e-03
2.327914e+00
9.005127e+02
