9.764695e-02
7.023267e+02
2.310131e+01
1.290173e+01
8.025594e+01
7.373741e+01
1.644604e+00
7.806761e-05
1.519351e-02
4.127518e-03
1.349538e+00
1.448689e+04
5.988284e-01
7.252017e-03
2.110486e-02
1.402632e-01
2.553044e-02
7.265658e+04
5.371465e-03
6.230581e+02
2.642808e-01
1.544096e+04
2.862788e+01
3.740606e-01
6.143674e-02
5.107739e-02
1.933201e+01
3.263495e+02
3.718117e+00
1.863366e+01
1.204688e-01
1.345492e+04
4.744079e+01
8.472762e-01
1.443090e+00
2.634385e+02
1.769604e+00
1.268764e-03
1.302853e-03
1.851121e-04
2.952746e+00
7.247412e+03
2.691852e-04
1.400648e+02
3.655315e+00
5.869553e-02
7.635960e-02
2.725530e-01
9.331466e-01
4.024685e+03
2.357884e-01
6.153187e+02
3.108999e-02
2.730469e-02
2.167245e-03
3.375461e+01
6.612756e-01
3.166164e+00
1.914963e+00
5.794224e+00
5.396645e-03
1.999721e+00
3.836879e+00
3.822065e-01
1.423695e+00
2.827397e-05
6.123375e-04
7.843586e-04
2.430579e-05
7.689789e-03
1.599192e-01
2.991053e-05
2.155416e-02
1.937185e+00
3.811822e+02
