2.348465e-02
3.181365e+02
1.740490e+01
1.816510e+00
5.717997e+02
3.197260e+02
1.445979e+00
3.717436e-05
6.997902e-02
1.788223e-03
8.213439e-01
1.310834e+05
9.445787e-01
5.630197e-03
3.731503e-02
6.388094e-02
3.013399e-02
4.895140e+04
4.886058e-03
5.821702e+02
2.559793e+00
1.745835e+04
9.893725e+01
6.697841e-02
4.135481e-01
7.906997e-02
3.844474e+01
3.822851e+03
5.394977e+00
3.441247e+01
1.351622e-02
1.919588e+05
1.004021e+02
7.802996e-01
6.304805e+00
3.465776e+02
2.043604e+00
1.908521e-03
9.853205e-04
2.108288e-04
1.077711e+00
5.306958e+03
3.181920e-04
2.071068e+02
5.230975e-01
4.293442e-01
2.140635e-01
9.153017e-01
1.188370e+00
1.282690e+03
7.545807e-02
1.002499e+03
2.031522e-02
1.414767e-01
1.256425e-03
5.691531e+01
9.139033e-01
9.559645e+00
1.073492e+01
1.871016e+00
2.534112e-02
7.697086e+00
4.124934e+00
7.832622e+00
1.667428e+00
2.069288e-04
3.658713e-04
1.584851e-03
3.525612e-05
1.831627e-03
3.168787e-01
8.896657e-05
8.513414e-03
2.408053e+00
1.020993e+03
