7.287497e-01
7.576978e+02
8.780963e+01
4.555893e+01
7.015613e+02
5.643159e+00
1.592828e+00
1.044901e-05
6.516753e-02
1.565008e-02
1.458002e+01
2.303631e+04
1.072008e+00
1.455500e-03
4.008354e-03
6.217110e-01
4.947796e-01
4.037195e+06
3.805324e-04
1.668826e+04
1.389439e+00
7.267618e+04
5.391931e+01
1.311253e+00
3.407866e-02
6.001866e-02
1.209197e+02
1.949909e+02
8.560214e+01
3.952010e+01
1.355031e+00
3.087386e+05
1.452819e+02
1.324304e+02
1.250386e+00
1.472543e+03
1.887232e+00
2.007069e-02
7.364906e-04
7.103930e-05
6.979544e+00
1.461295e+04
4.649107e-03
1.906334e+03
1.134808e+00
8.391501e-02
1.998892e-01
2.311027e-01
6.045844e-01
3.796695e+04
7.822240e-02
9.531409e+04
3.634365e-01
3.430675e-02
1.326974e-02
1.029215e+02
7.548321e-01
2.131486e-01
1.030731e+01
5.939187e+00
9.905704e-02
2.785794e+00
1.768034e+00
5.856691e-01
1.342271e+00
2.166050e-03
7.383524e-04
3.165865e-04
6.379107e-05
4.215836e-02
2.048804e+00
1.362450e-05
1.263562e-02
1.852406e+00
2.068657e+02
