3.940717e-01
1.757598e+02
4.051805e+00
2.994074e+03
1.749616e+00
5.551542e+02
4.000000e+00
1.789269e-03
6.151581e-04
6.868821e-04
3.724054e+00
2.347801e+05
1.577895e+01
8.173665e-02
5.917198e-02
7.046790e-04
1.262774e-01
4.526188e+04
9.546455e-02
3.878377e+04
6.997388e-01
9.934127e+03
9.541971e+02
1.828800e-01
2.205918e-02
8.581799e+00
9.424758e+00
1.030903e+03
1.270296e+00
1.497671e+01
5.651384e+00
1.714024e+04
1.021345e+00
2.328550e+00
1.625458e-02
8.594822e+01
2.782679e+00
1.306091e-03
5.728178e-02
7.650000e-03
3.119193e-01
1.215674e+03
3.681096e-05
1.562667e+02
3.157513e+01
7.921290e-03
4.447472e+01
8.496922e-01
2.897543e+00
6.672761e+04
4.137527e-02
1.157116e+05
2.969379e-02
6.880649e-02
1.612358e-02
1.729332e+01
1.373818e-02
2.252718e-01
1.549453e+01
2.659483e+03
2.042753e-02
9.544308e+02
4.105530e-01
6.374901e+01
1.725059e+00
1.228180e-03
3.610338e-02
3.989237e-05
5.132992e-05
7.004062e-03
5.453811e+00
6.262088e-05
3.318849e-01
2.614338e+00
4.195055e+01
