3.942383e+00
2.278266e+04
6.225877e+01
1.354905e+02
9.976488e+02
7.511606e+01
3.093077e+00
1.568246e-05
3.259196e-03
1.021325e-03
3.419615e+01
2.148634e+05
4.215544e-01
1.082667e-03
6.269487e-02
8.789543e-03
3.489495e-02
8.329449e+05
3.113946e-04
7.952649e+02
7.790758e-01
5.555407e+04
2.097536e+01
1.002789e-01
2.968634e-02
2.396031e-02
2.178143e+01
9.007390e+02
3.560162e+01
1.359525e+00
6.243574e-03
9.531564e+04
8.096610e+02
2.792151e+00
2.155924e+00
2.258232e+02
1.752853e+00
2.715741e-03
2.606477e-03
3.483972e-03
1.704262e+01
1.649700e+04
4.523918e-04
7.539577e+01
8.848696e-01
1.821452e-01
1.891375e+00
2.828777e-01
1.638687e+00
1.471413e+03
9.217155e-02
2.974438e+03
2.484161e-02
1.064603e-03
1.058909e-03
1.017982e+02
2.694454e-01
5.867566e-01
4.632335e-01
4.546140e+00
6.973120e-04
1.330597e+00
5.902682e+00
8.294214e-02
1.932754e+00
1.616981e-02
5.380772e-03
9.498611e-04
7.759471e-06
1.301644e-01
4.064254e+00
2.684164e-06
1.787604e-01
1.775163e+00
2.141255e+02
