8.375245e-02
2.148028e+02
5.287038e+01
8.978374e+01
1.134384e+02
4.642284e+01
2.135792e+00
2.188464e-04
1.722953e-02
7.440293e-04
8.707270e-01
5.176577e+04
2.802149e+00
2.771569e-03
1.451752e-02
2.264582e-02
1.630075e+00
1.390096e+05
7.916474e-03
3.090852e+01
2.534722e-02
9.429764e+04
2.486729e+00
1.424666e+00
8.581528e-02
3.632770e-02
2.471999e+01
8.911524e+01
9.359171e+00
3.733209e+00
7.018021e-01
1.087777e+04
8.945641e+00
1.402657e+02
1.156096e+00
1.645784e+03
1.697148e+00
2.012751e-03
1.116297e-03
9.749130e-05
6.493134e+00
1.068955e+04
8.476850e-04
2.494028e+03
2.714244e-01
4.140526e-01
7.424485e-02
3.724994e-02
8.114782e-01
5.930317e+03
1.677050e-02
3.237645e+02
2.671382e-02
2.412170e-02
4.366468e-03
7.403513e+00
2.868565e-01
3.870195e-01
1.689314e+00
1.333766e+01
1.625810e-02
7.159977e+00
2.020769e+00
1.908922e-01
2.270381e+00
2.942124e-04
5.298898e-04
4.876949e-03
1.272310e-05
2.421363e-02
2.323269e-01
1.545804e-04
2.246914e-02
2.346372e+00
4.139230e+02
