1.299167e+01
9.278200e+03
1.212187e+01
9.549211e+02
1.034927e+01
8.894589e+01
1.157773e+00
1.834245e-05
2.167246e-02
2.354779e-02
1.288929e+02
6.624616e+05
5.310814e-01
9.850877e-04
2.804940e-01
1.103420e+00
5.590902e-02
5.756552e+07
2.835488e-04
2.509770e+02
5.002571e-02
8.861037e+04
1.076962e+02
3.078898e+00
8.806126e-04
3.728896e-02
1.923118e-01
2.986832e+02
3.411676e+02
1.652215e+01
5.185298e+01
2.267661e+04
8.861672e+01
1.060137e+03
1.384017e+01
7.723674e+01
2.327973e+00
4.546073e-02
7.905988e-04
1.516515e-03
2.082015e+00
2.817678e+03
2.805364e-05
9.221304e+02
3.205693e+00
7.037924e+00
2.017563e+01
1.719238e-02
6.858698e-01
1.143268e+02
1.568775e-02
8.187260e+01
1.906167e-01
5.634846e-01
1.906406e-02
7.929485e+00
7.088413e+00
2.373333e-01
4.975504e+00
3.463164e+00
2.916348e-01
7.370367e+01
5.320346e-02
4.316232e+01
1.000000e+00
1.685732e-04
2.933863e-04
4.959514e-04
3.353372e-05
1.989880e+00
1.705032e-02
4.282366e-06
1.384439e+00
2.616655e+00
7.050869e+01
