2.912219e-01
6.380993e+02
1.712936e+01
3.454701e+00
4.969582e+01
3.886053e+01
2.579636e+00
1.030595e-04
9.801137e-03
1.572626e-03
6.395504e+01
4.316869e+04
6.321026e+00
2.003737e-03
6.591499e-02
1.854290e-01
1.662406e-02
1.098147e+06
1.214828e-03
1.174399e+03
3.305769e-01
1.699294e+05
1.382191e+02
5.017941e-01
3.497027e-02
2.412821e-01
1.144280e+02
9.088504e+02
3.862296e+01
1.722577e+01
4.465428e-01
3.667645e+04
8.198145e+01
2.840680e+00
3.543384e-01
2.054277e+01
1.208083e+00
1.819164e-03
9.717508e-04
3.256845e-03
3.122205e+00
5.407626e+03
1.073585e-02
2.342889e+02
1.975958e-01
1.973387e-01
8.598164e-03
1.713210e-01
3.304020e+00
1.545675e+04
6.854724e-01
2.693750e+02
9.894319e-02
5.014361e-03
6.422390e-04
2.592013e+01
5.786843e+00
1.274358e-01
1.468191e+00
2.236421e+01
2.905978e-02
1.574010e+01
1.136148e+01
2.668889e-01
1.884004e+00
2.192566e-04
1.487986e-03
6.424042e-03
1.615973e-05
5.349048e-03
9.276495e-01
3.601362e-04
2.859138e-02
2.569582e+00
1.696868e+02
