2.082529e-02
2.730293e+02
1.791372e+01
1.757741e+00
5.981596e+02
2.931380e+02
1.397829e+00
3.770304e-05
6.138099e-02
1.653705e-03
7.147290e-01
1.231798e+05
8.147380e-01
4.531300e-03
3.869701e-02
5.812812e-02
3.622529e-02
5.933799e+04
4.251498e-03
4.262041e+02
2.712318e+00
2.241939e+04
7.653471e+01
7.003435e-02
4.642415e-01
7.972260e-02
2.871171e+01
3.823346e+03
5.000556e+00
3.458056e+01
1.695308e-02
2.273910e+05
8.929417e+01
9.081032e-01
5.178886e+00
3.090306e+02
2.113499e+00
1.956513e-03
9.552790e-04
2.507244e-04
1.066095e+00
4.418643e+03
3.437026e-04
2.134871e+02
6.134199e-01
3.840110e-01
2.069193e-01
9.640676e-01
1.239907e+00
1.216799e+03
6.091015e-02
1.243989e+03
2.186114e-02
1.302576e-01
1.370741e-03
5.310608e+01
9.081671e-01
8.702421e+00
1.032690e+01
1.976931e+00
2.138496e-02
7.859247e+00
3.243496e+00
9.740483e+00
1.673776e+00
2.004772e-04
3.316870e-04
1.469360e-03
3.748016e-05
1.904015e-03
3.103660e-01
6.473871e-05
6.930608e-03
2.318006e+00
1.046987e+03
