3.782747e-01
2.104692e+02
1.927731e+01
3.790276e-01
1.276366e+00
5.538919e+00
2.863151e+00
5.687223e-05
2.489359e-03
6.985724e-02
7.153230e+01
2.180900e+05
5.717406e+01
2.784779e-03
1.538281e-01
2.968200e-02
5.248844e+00
2.569767e+05
1.123073e-03
7.281840e+02
1.345586e-01
3.900900e+04
1.322815e+01
2.678817e+01
3.139096e-03
6.414428e-01
1.733703e+02
1.340681e+04
2.592138e+02
2.320742e+00
2.806244e+00
1.123660e+04
3.502027e+01
7.277633e+01
3.825258e-02
3.193847e+01
1.289476e+00
1.821897e-03
8.860242e-04
5.656762e-04
1.084572e+00
1.539494e+03
4.459523e-03
1.949070e+02
4.104414e-02
3.749613e-02
5.991030e-01
8.891102e-01
2.057122e+00
1.330117e+04
4.103341e-03
3.140347e+03
1.010648e-02
8.217768e-03
9.122349e-05
5.921857e+00
7.806479e-01
3.929587e-02
1.455720e+00
3.713050e+01
3.398419e-02
1.486961e+02
4.839951e+01
9.292807e-03
2.215033e+00
9.232881e-03
1.525214e-03
4.992995e-02
8.545254e-07
4.182221e-01
8.723065e+00
1.342004e-05
4.513007e-01
3.479696e+00
1.077308e+02
