9.588628e-02
1.266333e+02
2.648402e+01
1.185192e+01
7.085936e+00
5.803904e+01
1.412978e+00
2.311091e-05
4.390587e-03
1.714473e-02
4.543455e+01
1.644460e+04
3.078300e-02
5.092591e-04
1.749401e-02
3.664276e-03
8.240792e-02
3.009624e+05
2.316369e-04
6.664740e+01
6.572648e-02
1.814218e+04
5.291849e+00
1.428311e+00
5.112211e-03
8.119383e-02
5.369230e+01
5.574081e+01
3.597313e+00
1.344525e+00
2.874933e-02
9.255053e+03
1.279273e+01
7.665078e+00
2.810298e-01
6.376901e+02
2.096833e+00
9.653206e-04
8.805222e-04
5.312267e-03
2.082029e+00
8.621763e+03
2.447143e-04
5.494592e+01
4.687302e-01
1.777252e-02
8.010384e-02
2.661136e-01
6.964467e-01
3.003253e+02
5.785759e-01
7.305757e+04
1.672123e-01
5.478483e-02
1.718331e-03
4.277062e-01
1.066861e-01
5.691439e-01
1.407274e-01
3.515244e+01
3.467923e-03
2.675850e+00
1.389867e+00
2.685867e-01
1.254611e+00
6.270290e-04
4.468874e-04
1.642327e-03
1.181514e-05
2.100464e-02
4.025367e-02
1.263172e-04
2.595040e-03
1.493552e+00
2.349799e+02
