6.604727e-02
3.410515e+02
2.295922e+01
1.459989e+00
1.607478e+02
8.654363e+00
1.139136e+00
2.622144e-04
4.697803e-03
1.559926e-03
4.794427e+00
2.841196e+03
3.248756e+00
3.819275e-03
7.362442e-02
5.854483e-02
2.186238e-02
2.207588e+04
7.244109e-04
1.365713e+02
3.125557e+00
1.521351e+05
1.654443e+01
2.778528e-01
1.198370e-03
6.900168e-01
5.668504e+01
5.993951e+03
3.886049e-01
8.117969e+00
7.446258e+00
2.480082e+04
5.218130e+00
2.635852e+01
3.009389e+00
2.758203e+01
1.195008e+00
3.354279e-03
1.931160e-03
6.643367e-05
6.404457e+01
1.653889e+04
5.771143e-05
1.145731e+03
2.185462e+00
4.717339e-03
6.654597e+00
8.018346e+00
7.048234e-02
1.305024e+02
2.310745e-02
2.020398e+03
4.766935e-01
1.188682e-02
5.200387e-05
1.728595e+01
2.926265e-02
8.385579e-03
3.065315e+01
5.695322e+00
1.755034e-03
3.352371e+01
4.605974e+00
2.052057e-01
2.410374e+00
1.787162e-03
2.764983e-03
1.701842e-03
9.280614e-05
5.808374e-04
5.063753e-01
2.883478e-06
2.444376e-01
2.186932e+00
3.143234e+02
