1.185976e-01
5.584938e+02
2.187413e+01
3.290163e+00
5.924940e+01
2.198992e+01
2.404308e+00
9.259727e-05
7.234229e-03
8.817334e-04
7.587606e+01
1.238585e+04
7.149347e+00
2.628141e-04
6.249467e-02
2.332465e-01
2.458655e-02
1.655759e+06
9.229813e-04
2.600707e+03
2.869782e-01
1.516467e+05
1.760271e+02
2.894624e-01
2.103760e-02
2.720060e-01
2.013620e+01
1.218169e+03
4.012412e+01
1.115411e+01
2.075786e+00
8.771622e+03
1.290668e+01
2.211466e+01
2.590405e-01
6.215263e+00
1.146449e+00
4.420287e-03
8.112897e-04
1.007700e-03
1.810748e+00
3.720555e+03
1.827624e-02
5.771382e+02
6.908188e-01
4.364164e-01
5.863170e-03
9.132748e-02
2.119329e+00
9.518634e+03
1.023637e+00
5.534202e+01
3.451964e-02
1.245944e-02
3.122000e-04
2.120700e+01
5.889730e+00
2.619037e-02
1.227476e+00
5.602580e+00
3.444410e-02
9.975798e+00
3.310015e+00
4.447763e-01
1.602763e+00
3.401351e-05
4.314338e-04
2.392841e-03
4.732925e-05
5.047853e-03
2.083055e-01
3.929601e-04
8.662883e-03
2.736110e+00
2.763568e+02
