2.307243e-02
5.587114e+02
1.375482e+01
1.580489e+00
5.054706e+02
3.961384e+02
1.573540e+00
3.954082e-05
4.458722e-02
2.608562e-03
1.833572e+00
9.250303e+04
1.334046e+00
1.087057e-02
3.430909e-02
8.476257e-02
6.022527e-02
4.770688e+04
4.601955e-03
4.756430e+02
2.865157e+00
2.659270e+04
1.005148e+02
1.541365e-01
3.146717e-01
7.811290e-02
6.146555e+01
4.777771e+03
9.576481e+00
4.828034e+01
3.144575e-02
1.315923e+05
4.415533e+01
1.059677e+00
3.854837e+00
3.587654e+02
2.102813e+00
2.671781e-03
1.070919e-03
2.895665e-04
5.544014e-01
1.752039e+03
6.110909e-04
2.473090e+02
4.286544e-01
3.641038e-01
2.035891e-01
1.017307e+00
1.017146e+00
2.153048e+03
8.631302e-02
2.515808e+03
1.422448e-02
8.466419e-02
1.187246e-03
4.987911e+01
8.294564e-01
5.626375e+00
8.900477e+00
2.362833e+00
1.210517e-02
1.216621e+01
8.416057e+00
6.079643e+00
1.933548e+00
1.990345e-04
4.973328e-04
1.369085e-03
5.200623e-05
3.628750e-03
5.340086e-01
3.936759e-05
9.271401e-03
2.560732e+00
1.250608e+03
