1.993376e+00
2.031923e+03
3.782013e+01
7.294712e+01
4.876909e+02
4.359890e+01
2.113228e+00
1.204477e-05
3.381166e-03
1.689872e-03
2.383507e+01
4.883343e+04
2.098690e-01
3.175601e-03
2.785755e-02
1.179074e-02
2.747727e-02
1.828557e+05
5.067230e-04
8.771508e+02
2.415673e-01
4.210501e+04
4.223947e+00
3.498512e-01
9.642709e-03
2.506130e-02
2.434189e+01
1.233686e+03
2.447917e+01
2.893910e+00
1.183852e-02
3.220465e+04
4.831314e+02
8.514853e+00
5.208739e-01
2.329016e+02
1.633851e+00
5.083368e-03
6.768214e-04
3.265404e-03
2.841523e+00
2.871916e+04
4.980117e-05
4.783268e+01
1.290911e+00
2.969306e-02
6.826365e-01
1.416629e+00
6.682127e-01
3.046697e+03
5.225342e-02
1.040931e+03
1.284328e-02
3.981877e-03
7.699846e-04
8.739237e+01
1.232295e-01
1.097567e-01
2.313193e-01
9.426194e-01
4.098318e-04
1.322238e+00
3.774755e+00
4.577914e-02
2.022429e+00
1.037334e-02
4.361136e-03
2.993936e-04
1.977766e-06
5.464157e-02
1.374837e+00
5.107533e-06
2.061908e-01
1.303457e+00
1.289276e+02
