2.146383e-02
4.558382e+02
1.595195e+01
1.781749e+00
5.791823e+02
2.833740e+02
1.565780e+00
3.927039e-05
3.961389e-02
2.108080e-03
1.641350e+00
1.028245e+05
9.111546e-01
8.692559e-03
2.978252e-02
7.227684e-02
4.855640e-02
6.808956e+04
6.654824e-03
4.315556e+02
2.706711e+00
2.436600e+04
9.428649e+01
1.265996e-01
3.756774e-01
7.985721e-02
3.285454e+01
6.777633e+03
8.573239e+00
3.218581e+01
2.609403e-02
1.013971e+05
7.147484e+01
1.387166e+00
2.289495e+00
3.594038e+02
2.085300e+00
1.742902e-03
1.076528e-03
4.677178e-04
5.751823e-01
2.295103e+03
4.302445e-04
2.601128e+02
6.928091e-01
3.294477e-01
1.798131e-01
1.000504e+00
1.292539e+00
1.590445e+03
7.536720e-02
1.606117e+03
2.294405e-02
7.546982e-02
1.628353e-03
4.022493e+01
7.105595e-01
3.976302e+00
8.730005e+00
2.923429e+00
1.452656e-02
9.552410e+00
7.497785e+00
6.106684e+00
1.822055e+00
2.590190e-04
5.506760e-04
1.979937e-03
2.942014e-05
3.346593e-03
3.430420e-01
6.160660e-05
7.161339e-03
2.329760e+00
1.166346e+03
