1.046982e+00
5.034299e+02
3.361136e+01
2.219463e+01
2.525805e+02
2.248014e+02
1.699963e+00
3.226073e-05
8.211945e-04
1.551352e-03
5.857056e-01
8.398193e+03
5.757165e-01
1.815252e-03
1.953044e-01
1.132928e-01
6.452071e-02
4.031216e+04
3.422340e-03
3.831564e+02
1.486862e-02
2.573411e+05
5.701793e+00
7.981912e-01
8.060812e-03
3.579703e-01
4.665421e+01
1.014083e+03
1.412674e+00
2.002736e+01
1.546555e-01
9.726881e+04
1.471480e+01
1.200193e+00
4.494425e+00
6.762845e+03
1.072079e+00
2.776034e-03
1.445315e-03
1.445704e-05
5.117539e+01
8.411960e+04
1.040431e-03
1.529197e+02
1.456863e+00
7.348485e-02
3.496011e-01
5.078897e-01
1.831206e-01
4.018050e+02
7.080266e-02
7.251965e+01
6.448558e-02
3.217883e-02
3.471495e-03
3.219493e+00
1.166773e-01
6.111869e-01
8.739925e+00
3.555248e+00
5.280228e-03
6.915535e+00
2.858560e-01
4.552587e+00
1.087005e+00
7.713741e-04
4.436185e-02
1.596997e-04
2.649030e-05
1.134630e-03
1.394521e+00
4.456978e-06
9.459492e-02
1.880748e+00
7.373615e+01
