3.015236e-01
1.814818e+03
4.445904e-01
1.473779e+00
2.032419e+01
5.473151e+02
1.622119e+00
1.489448e-03
7.875765e-05
9.244041e-03
2.599832e+00
8.996194e+05
1.753352e+00
3.406424e-04
3.564804e-01
3.957010e-02
5.066262e-03
2.615415e+06
9.288237e-03
3.878377e+00
1.015897e-01
1.826701e+06
4.761393e+01
3.153153e-01
1.679026e-01
1.805080e-02
4.014406e-01
1.290923e+02
4.625312e+02
2.496636e+02
8.543754e-02
7.262606e+04
9.705240e+00
3.013961e+02
1.774528e+00
3.163780e+01
2.020514e+00
1.063454e-02
6.413127e-04
5.819156e-03
1.002930e+02
2.098682e+04
8.897331e-03
3.552176e+02
1.573161e+00
7.037924e-04
1.807397e+00
2.362035e+00
3.307875e+00
6.905827e+04
3.924182e-01
3.330400e+01
7.834431e-04
3.184607e-03
2.875876e-05
3.005486e+00
5.531818e-02
9.680872e+00
7.418170e-01
4.055286e+02
1.650706e-03
1.358159e+01
5.546920e-01
2.458193e+01
1.866371e+00
6.597254e-06
1.183111e-03
2.251284e-03
4.398568e-04
1.989880e-04
1.054868e-02
1.116580e-05
4.283026e-03
1.121085e+00
4.833071e+00
