5.530719e-01
1.098726e+03
2.711041e+01
6.998661e+01
4.050857e+02
1.461189e+02
1.960207e+00
2.293890e-05
2.503644e-03
9.167495e-04
1.428214e+01
3.332390e+04
1.247015e-01
2.321982e-03
1.816907e-02
9.943849e-03
9.633887e-03
1.758527e+05
3.656115e-04
8.056424e+02
3.060931e-01
8.964864e+04
6.722366e+00
1.260322e+00
7.842944e-03
3.185251e-02
7.151937e+00
2.978648e+03
7.175219e+01
5.080512e+00
9.080714e-03
4.092165e+04
1.795183e+02
2.435721e+00
1.437765e-01
2.037311e+02
1.600388e+00
1.915605e-03
5.099837e-04
3.591478e-03
1.184296e+00
2.933503e+04
4.944746e-05
8.023737e+01
1.293553e+00
4.139432e-02
5.687245e-01
1.860314e+00
6.403758e-01
2.198712e+03
3.051802e-02
5.984849e+02
1.534911e-02
2.962441e-03
2.961169e-04
3.036694e+01
9.153379e-02
1.607920e-01
3.688561e-01
1.023440e+00
4.466371e-04
4.895666e-01
1.728245e+00
3.778888e-02
1.977861e+00
4.607681e-03
5.297329e-03
5.006151e-04
5.640180e-06
8.239951e-02
1.383490e+00
1.537007e-05
1.781615e-01
1.366700e+00
1.493928e+02
