2.567738e-02
3.002158e+02
1.772341e+01
1.692299e+00
4.519252e+02
2.632412e+02
1.443691e+00
3.434073e-05
5.717966e-02
1.873662e-03
9.174996e-01
1.238808e+05
1.050735e+00
3.849676e-03
4.922570e-02
6.610799e-02
4.437375e-02
6.071693e+04
4.577447e-03
4.664086e+02
2.879383e+00
2.980181e+04
8.388542e+01
1.190453e-01
3.892538e-01
8.537766e-02
3.117817e+01
3.635954e+03
6.039528e+00
3.430849e+01
2.273351e-02
2.589814e+05
9.485621e+01
1.265625e+00
3.845090e+00
2.552121e+02
1.992068e+00
1.851527e-03
1.017482e-03
2.862120e-04
1.091738e+00
3.862641e+03
3.770404e-04
2.199175e+02
6.186794e-01
3.769714e-01
2.065929e-01
1.012778e+00
1.108958e+00
1.530752e+03
7.044165e-02
1.101643e+03
1.925417e-02
1.313246e-01
1.203734e-03
4.738005e+01
1.224597e+00
6.448021e+00
8.951051e+00
2.209508e+00
2.347952e-02
7.781813e+00
3.225723e+00
9.370426e+00
1.724498e+00
1.911539e-04
4.154351e-04
1.929846e-03
4.609014e-05
2.810884e-03
3.733845e-01
4.986624e-05
9.917032e-03
2.356677e+00
9.122174e+02
