2.145311e-01
6.096059e+02
2.204277e+01
6.502243e+00
4.658808e+01
2.674535e+01
2.321957e+00
6.728427e-05
6.551029e-03
8.887049e-04
5.596515e+01
4.067490e+04
3.297642e+00
9.412229e-04
3.762865e-02
9.074430e-02
1.983569e-02
1.226190e+06
1.258200e-03
8.543528e+02
4.034975e-01
1.066014e+05
9.495791e+01
1.347902e-01
1.577139e-02
1.546494e-01
5.449010e+01
3.975330e+02
2.352386e+01
7.747627e+00
3.320641e-01
3.010447e+04
5.746120e+01
6.365057e+00
3.709916e-01
1.748092e+01
1.241388e+00
1.479631e-03
9.887916e-04
2.354395e-03
2.282486e+00
5.073833e+03
4.140977e-03
1.898769e+02
1.615689e-01
1.999675e-01
1.225612e-02
5.867459e-02
3.249687e+00
1.232806e+04
3.007925e-01
2.724161e+02
1.108154e-01
3.576791e-03
1.011931e-03
1.961279e+01
5.350420e+00
7.305097e-02
9.359831e-01
1.183542e+01
2.001319e-02
1.251919e+01
3.838181e+00
1.679608e-01
1.671833e+00
2.305562e-04
9.791117e-04
2.018489e-03
1.252799e-05
3.380493e-03
4.982813e-01
2.949969e-04
1.621905e-02
2.484496e+00
1.537343e+02
