2.317094e+01
1.509995e+04
2.802063e+01
1.650598e+01
2.924109e+03
3.989249e+02
1.550060e+00
5.025446e-06
4.822009e-03
6.682331e-03
4.318427e+02
3.418048e+06
2.547768e+01
8.568227e-02
4.122412e-03
6.575911e-03
1.576787e+01
2.429334e+07
7.120043e-02
1.076213e+01
3.384447e+00
2.431951e+06
2.937287e+00
4.139318e+01
1.334002e-02
3.492829e+00
3.198381e+01
1.629066e+03
7.136752e+00
1.022058e+00
1.105059e-02
4.561957e+04
3.315725e+02
1.231816e+02
1.528831e+00
1.352975e+03
1.257590e+00
1.557180e-01
5.400255e-04
2.758223e-05
2.195760e+01
1.328626e+03
2.984304e-04
6.587244e+02
1.507729e+00
8.926472e-01
1.288163e+01
1.665676e-01
2.321831e-01
3.992061e+05
1.079754e+00
2.781312e+02
4.341537e-01
3.950020e-03
1.431030e-04
5.597014e-01
2.189201e-01
1.917780e-02
1.002941e+01
3.741291e+01
1.799105e-01
6.496662e+01
1.670287e-01
3.444686e-01
2.651302e+00
1.718310e-02
2.870765e-04
2.160844e-01
4.423295e-06
3.261707e-01
5.906627e-02
3.489617e-05
2.199044e-01
1.443526e+00
5.091793e+01
