3.549657e-01
2.065413e+02
2.148861e+01
9.487262e-01
9.376578e-01
5.744740e+00
2.945094e+00
7.415669e-05
1.291111e-03
7.506864e-02
6.956987e+01
2.280937e+05
1.041025e+02
1.201319e-03
2.587034e-01
3.176457e-02
3.380252e+00
3.003671e+05
7.544386e-04
9.392936e+02
1.997114e-01
9.202086e+04
1.901695e+01
6.232686e+01
4.352455e-03
8.828675e-01
3.376394e+02
1.831327e+04
4.135365e+02
2.802004e+00
4.835481e+00
2.329890e+04
2.028605e+01
7.640753e+01
3.250166e-02
2.016582e+01
1.302820e+00
1.792739e-03
8.310225e-04
4.373308e-04
2.891049e+00
1.545873e+03
9.003515e-03
2.102646e+02
5.001525e-02
2.285913e-02
4.339612e-01
1.511350e+00
1.546245e+00
1.045857e+04
3.531078e-03
2.973555e+03
1.075205e-02
7.632730e-03
1.170941e-04
2.816555e+00
7.687131e-01
4.140506e-02
2.111635e+00
3.874753e+01
1.585427e-02
1.487585e+02
5.191286e+01
1.344088e-02
2.080143e+00
7.087377e-03
4.290075e-03
3.903168e-02
8.090048e-07
8.024028e-01
1.355159e+01
1.558287e-05
2.802369e-01
3.283024e+00
1.029489e+02
