2.468217e-02
3.477844e+02
1.658379e+01
2.021832e+00
5.751315e+02
2.359150e+02
1.450747e+00
3.276184e-05
3.422161e-02
1.236006e-03
9.416303e-01
1.119504e+05
7.339305e-01
4.587179e-03
2.445890e-02
4.913160e-02
3.803204e-02
5.481088e+04
4.651550e-03
3.862466e+02
2.266090e+00
2.295240e+04
6.144637e+01
1.013360e-01
3.091825e-01
6.959688e-02
2.732392e+01
3.529066e+03
6.156726e+00
2.450256e+01
2.055195e-02
1.113354e+05
7.459310e+01
1.103843e+00
3.152770e+00
2.814131e+02
2.111419e+00
1.555220e-03
9.202415e-04
2.984777e-04
5.694045e-01
2.541364e+03
3.106994e-04
2.570123e+02
6.490009e-01
4.023602e-01
1.924184e-01
7.796227e-01
1.126349e+00
9.851998e+02
7.795108e-02
1.141197e+03
1.757234e-02
7.665541e-02
1.517145e-03
3.753171e+01
6.200777e-01
3.899803e+00
7.742217e+00
1.771598e+00
1.202164e-02
6.308053e+00
4.471744e+00
6.295351e+00
1.737415e+00
1.933619e-04
4.939119e-04
1.388439e-03
3.164783e-05
2.097191e-03
2.624421e-01
4.348284e-05
7.387416e-03
2.226907e+00
8.469058e+02
