5.901519e-01
7.496739e+02
1.577271e+01
2.675896e+01
1.862305e+01
3.223352e+02
1.677910e+00
1.398541e-04
1.481622e-03
8.628726e-04
1.096648e+00
2.264212e+03
1.163683e+00
1.164402e-02
2.289411e-02
4.000286e-03
4.335690e+00
4.270108e+05
3.762405e-03
1.158283e+02
2.948957e-01
4.164852e+04
8.439868e+00
1.683416e-01
8.760415e-03
2.834598e-02
1.875092e+00
7.504300e+01
1.469752e+00
7.814328e+00
1.602474e+01
3.384506e+04
1.745753e+01
1.409085e+01
6.526007e-01
1.219493e+02
1.836343e+00
6.780114e-03
1.222456e-03
1.514793e-03
2.293243e-01
2.579212e+04
3.094372e-04
1.998319e+01
1.439149e+00
8.273937e-03
2.359758e-02
7.103798e-02
2.051781e-01
4.327621e+03
5.120320e-03
7.306254e+03
2.208076e-02
4.199154e-03
4.407348e-03
5.266616e+00
2.265982e-02
3.424203e+00
6.215848e-01
6.125102e+00
2.650629e-03
7.600591e+00
6.214858e-01
6.413660e-01
2.712508e+00
4.123705e-04
2.809397e-03
7.561384e-04
1.171904e-04
2.561605e-03
1.271674e-01
5.254753e-05
3.176546e-03
1.989873e+00
8.083016e+01
