1.960285e+00
3.070415e+04
1.165233e+01
4.870831e+01
1.104637e+02
1.656139e+04
1.866991e+00
1.312504e-05
1.967465e-03
9.334049e-02
2.858651e+01
3.418048e+02
1.122109e+00
3.453962e-02
2.996384e-02
3.232898e+00
1.234418e-01
3.367050e+05
2.579261e-02
3.378811e+04
3.745961e-01
1.310617e+03
9.168418e+02
9.139399e+01
3.054938e-02
1.325548e+00
3.456630e-01
1.259888e+02
6.923603e+00
1.412088e+03
7.569483e+00
1.402940e+06
2.374595e+02
4.004837e+01
1.737454e+00
6.234770e+02
2.702692e+00
3.284434e-01
1.133706e-03
2.109287e-04
2.009302e+02
7.911652e+05
1.250274e-03
1.087846e+02
6.238389e+00
3.674646e+00
4.543970e-01
5.876956e-02
3.587746e+01
3.055478e+05
3.524908e-03
3.068881e+01
5.911393e-02
7.920877e-04
1.672443e-04
1.677833e+00
5.176236e-01
2.475439e+01
5.011940e-01
2.272632e+00
9.681023e-01
6.987498e-01
3.595390e+00
2.443593e-02
1.868049e+00
4.026417e-03
9.788120e-02
2.313910e-01
3.057187e-03
1.298558e-01
6.353618e+00
6.808465e-05
1.703926e-02
2.649797e+00
5.299717e+02
