2.877536e+00
3.227424e+00
4.590677e+00
2.992330e+02
2.788731e+02
4.169913e+00
1.987472e+00
4.742440e-05
6.736458e-02
6.602311e-02
4.574597e+00
2.994329e+05
2.771225e+01
7.510318e-03
1.896175e-01
5.015758e+00
6.562512e-01
9.815087e+04
1.517533e-01
1.623016e+01
5.503461e-03
1.075120e+04
6.566984e+01
1.113736e-02
1.113399e-03
3.979841e-03
1.000761e+01
2.113069e+01
2.104038e+00
3.370304e+01
3.731726e-02
1.159616e+06
5.035756e+00
9.302019e-01
4.410057e+00
1.541013e+02
1.124449e+00
1.347027e-04
1.794890e-02
2.032429e-06
1.069128e+00
1.110509e+03
1.812591e-02
5.285524e+00
8.067961e+00
1.861628e-03
9.044787e+00
1.594094e+00
5.278834e-02
1.713709e+05
3.876320e-02
2.445711e+03
1.117602e-02
2.761111e-02
7.831695e-04
1.781739e-01
4.130262e+00
1.186373e-01
3.829190e+01
3.069291e+01
2.915924e-03
9.569090e+00
2.434953e+00
1.609665e+01
1.007139e+00
3.808232e-04
3.924664e-04
6.326457e-02
1.599498e-06
1.989880e+00
3.969506e-03
1.353757e-06
1.384439e+00
1.640806e+00
9.422124e+00
