2.337806e-02
2.941775e+02
1.734938e+01
1.519298e+00
5.041891e+02
2.908450e+02
1.449092e+00
3.474212e-05
6.864215e-02
1.942579e-03
8.613408e-01
1.378460e+05
1.045249e+00
4.205171e-03
5.027604e-02
6.992401e-02
3.986083e-02
6.197961e+04
4.673905e-03
5.102850e+02
3.573893e+00
2.632244e+04
9.325815e+01
9.232959e-02
4.291871e-01
8.368649e-02
3.127449e+01
4.498598e+03
6.509682e+00
3.819888e+01
1.936346e-02
3.128370e+05
9.326708e+01
1.029260e+00
4.764195e+00
2.796168e+02
2.010454e+00
1.898996e-03
1.006335e-03
2.779612e-04
1.105924e+00
3.926914e+03
3.721341e-04
1.992829e+02
5.699027e-01
4.266550e-01
2.116332e-01
1.040951e+00
1.211547e+00
1.409405e+03
6.565237e-02
1.212012e+03
1.913318e-02
1.527837e-01
1.228960e-03
5.679667e+01
1.158660e+00
8.115985e+00
1.034793e+01
2.002429e+00
2.534514e-02
8.191710e+00
3.592401e+00
1.095445e+01
1.709987e+00
2.118876e-04
3.842141e-04
1.988358e-03
4.599799e-05
2.614021e-03
3.742421e-01
6.266019e-05
9.759908e-03
2.381474e+00
1.001025e+03
