1.121101e-01
2.508045e+02
5.946870e+01
8.936119e+01
9.915390e+01
4.715892e+01
2.154549e+00
1.690504e-04
1.236957e-02
8.533068e-04
6.092235e-01
3.838405e+04
2.793096e+00
2.684085e-03
1.986869e-02
3.109081e-02
1.248970e+00
2.177540e+05
4.617334e-03
4.746512e+01
3.095839e-02
1.051119e+05
1.737418e+00
1.790450e+00
6.902652e-02
4.914315e-02
2.243758e+01
6.356514e+01
1.059507e+01
3.058445e+00
6.511213e-01
1.024387e+04
2.042621e+01
1.398290e+02
9.832739e-01
1.666667e+03
1.741159e+00
2.705992e-03
9.709277e-04
9.294579e-05
5.589946e+00
1.100233e+04
9.237843e-04
1.952353e+03
2.626107e-01
4.436960e-01
6.535899e-02
3.908732e-02
1.622210e+00
9.507620e+03
1.544265e-02
4.055792e+02
2.762001e-02
2.279203e-02
6.770071e-03
6.296179e+00
3.956352e-01
5.906512e-01
1.653089e+00
1.478413e+01
1.703682e-02
6.372096e+00
2.459624e+00
2.306694e-01
2.179899e+00
3.201084e-04
4.447884e-04
4.747972e-03
5.878558e-06
2.483709e-02
4.132196e-01
2.479080e-04
1.245482e-02
2.225458e+00
3.549129e+02
