9.307359e-02
5.853569e+02
2.526015e+01
1.394182e+01
6.301950e+01
5.923870e+01
1.503574e+00
8.198524e-05
1.123681e-02
3.092530e-03
7.807703e-01
8.094363e+03
2.483755e-01
4.998748e-03
1.105234e-02
6.299624e-02
2.034571e-02
8.728904e+04
4.282971e-03
2.516396e+02
1.129247e-01
1.331743e+04
1.498028e+01
1.906915e-01
7.174214e-02
3.942001e-02
1.286701e+01
1.108247e+02
2.300649e+00
1.024837e+01
4.956557e-02
3.544326e+03
5.617067e+01
8.843218e-01
1.680296e+00
3.600302e+02
1.909334e+00
1.168621e-03
1.229226e-03
1.162013e-04
2.092239e+00
9.048476e+03
1.707327e-04
1.524966e+02
2.417716e+00
4.552141e-02
8.845895e-02
1.241429e-01
1.306534e+00
3.988152e+03
2.737836e-01
3.152372e+02
4.725778e-02
1.492913e-02
3.640549e-03
1.402981e+01
3.791273e-01
2.638351e+00
1.304688e+00
1.136404e+01
5.193293e-03
1.500610e+00
1.757021e+00
2.528812e-01
1.394985e+00
3.965377e-05
3.797400e-04
9.276356e-04
1.249141e-05
2.267329e-03
1.183792e-01
4.281559e-05
1.089848e-02
1.816221e+00
3.569164e+02
