1.086618e-02
3.070415e+04
3.271168e+02
3.005075e+02
3.381654e+01
7.809776e+00
3.113555e+00
2.131777e-03
5.281262e-03
1.124435e-04
2.953525e-01
3.418048e+02
1.247457e+00
1.011165e-04
5.632234e-02
4.762135e-02
1.576787e+01
7.873077e+06
1.833959e-02
1.226160e+03
5.336963e-01
6.474019e+03
5.246792e+01
2.610152e+00
7.760764e-03
2.713335e-02
2.926680e-01
1.857396e+03
3.329666e-01
5.112502e+00
2.382230e-01
3.072879e+02
8.313411e+02
1.406154e+00
6.552142e+01
3.318774e+01
2.541489e+00
1.239239e-03
2.330413e-03
4.136967e-05
4.195921e+01
1.223722e+04
1.240363e-02
1.222020e+01
3.669418e+01
2.372967e-03
4.057661e+01
2.441139e+00
2.081894e+01
3.992061e+05
3.097072e-02
6.913758e+03
9.729761e-02
3.301967e-02
1.052960e-02
8.107119e-01
2.168309e-02
3.144705e+01
5.161099e-02
1.819015e+02
1.407572e-02
2.793487e+00
3.088232e+00
3.425836e+00
2.116872e+00
2.131053e-03
6.267217e-03
1.215460e-01
1.039033e-04
3.633510e-03
4.349060e-02
1.905277e-03
8.946965e-01
1.996644e+00
2.186276e+04
