2.578525e-02
2.953104e+02
1.748135e+01
1.526471e+00
4.634504e+02
2.503671e+02
1.455436e+00
3.307140e-05
5.479770e-02
1.850158e-03
9.318477e-01
1.222587e+05
1.021869e+00
3.997398e-03
4.485625e-02
6.249879e-02
4.166204e-02
5.965044e+04
4.476486e-03
4.259295e+02
2.987582e+00
2.681716e+04
8.621505e+01
1.009222e-01
3.729918e-01
8.070167e-02
3.248002e+01
3.742445e+03
6.002641e+00
3.379639e+01
1.967038e-02
2.298188e+05
9.476659e+01
1.219282e+00
4.059952e+00
2.766447e+02
1.999014e+00
1.860404e-03
9.892361e-04
2.774338e-04
1.049517e+00
3.606539e+03
3.565311e-04
2.023687e+02
5.649708e-01
3.641147e-01
1.951146e-01
9.310255e-01
1.191791e+00
1.450962e+03
7.411412e-02
1.083571e+03
1.968921e-02
1.228257e-01
1.262898e-03
4.283273e+01
1.077791e+00
6.510980e+00
8.807894e+00
2.179318e+00
2.177531e-02
7.667413e+00
3.469015e+00
8.888618e+00
1.717921e+00
2.048393e-04
4.104755e-04
1.845073e-03
4.523289e-05
2.433810e-03
3.476206e-01
5.285134e-05
8.914503e-03
2.381170e+00
8.966407e+02
