2.361006e-02
2.822272e+02
1.729334e+01
1.570757e+00
4.510235e+02
2.581777e+02
1.449836e+00
3.409506e-05
6.425636e-02
1.987597e-03
8.156562e-01
1.259195e+05
9.881511e-01
4.106674e-03
4.839260e-02
7.110430e-02
3.959078e-02
6.527733e+04
4.246254e-03
4.706113e+02
3.562253e+00
2.566058e+04
8.323455e+01
9.249589e-02
3.856586e-01
7.628857e-02
2.636375e+01
3.994818e+03
6.500375e+00
3.765573e+01
2.201938e-02
3.030419e+05
8.631410e+01
9.989090e-01
4.226580e+00
2.610537e+02
1.988483e+00
1.851904e-03
9.803297e-04
2.857929e-04
1.092201e+00
3.495110e+03
3.496880e-04
1.814399e+02
6.554820e-01
3.747993e-01
1.985293e-01
9.399239e-01
1.266664e+00
1.316327e+03
6.521700e-02
1.266477e+03
2.001999e-02
1.364333e-01
1.366977e-03
5.682047e+01
1.134597e+00
7.811963e+00
9.077622e+00
1.960878e+00
2.240935e-02
7.215504e+00
3.347763e+00
1.050323e+01
1.684677e+00
1.976448e-04
3.637559e-04
1.870119e-03
4.686582e-05
2.878737e-03
3.311973e-01
6.115219e-05
9.924346e-03
2.337377e+00
9.378357e+02
