2.592014e-02
7.311675e+02
1.374096e+01
1.523322e+00
6.154994e+02
2.682822e+02
1.625442e+00
3.921703e-05
2.179477e-02
1.829902e-03
2.284572e+00
1.292406e+05
1.714773e+00
1.498765e-02
3.029899e-02
6.230389e-02
1.121475e-01
7.500309e+04
4.356553e-03
5.957967e+02
2.443793e+00
1.834565e+04
8.966865e+01
1.825296e-01
2.588370e-01
9.141706e-02
6.978565e+01
3.265363e+03
1.050400e+01
4.600410e+01
3.194493e-02
6.600877e+04
6.433927e+01
1.775830e+00
4.870987e+00
2.764471e+02
2.093253e+00
2.319889e-03
9.134782e-04
3.142714e-04
9.875516e-01
3.338816e+03
6.245158e-04
2.230031e+02
3.578233e-01
5.100554e-01
4.764993e-01
8.547236e-01
1.153440e+00
2.585919e+03
9.417396e-02
2.762794e+03
1.642366e-02
5.773861e-02
1.468607e-03
3.632274e+01
5.548820e-01
6.147374e+00
9.191960e+00
3.305309e+00
7.713232e-03
1.507859e+01
8.480937e+00
4.004844e+00
1.864326e+00
2.657349e-04
4.648898e-04
1.298474e-03
3.961799e-05
3.162822e-03
5.439419e-01
2.961215e-05
1.167129e-02
2.491852e+00
1.122331e+03
