4.710449e-01
2.309057e+02
3.169894e+01
2.338477e+01
1.827892e+03
1.849266e+02
1.951944e+00
1.022607e-05
3.062598e-03
1.637279e-04
1.121614e+01
5.906046e+04
7.276515e+01
2.234682e-03
9.460764e-02
1.248656e-03
2.427016e+00
7.355987e+07
5.648117e-01
5.412975e+02
4.555197e-02
2.180308e+03
4.122217e+02
2.832562e+00
1.256664e-02
2.261499e-02
6.730592e+00
9.763752e+01
2.077874e+02
1.499181e+03
7.177429e+00
2.599583e+05
1.363849e+01
1.504397e-01
1.402454e-01
1.218485e+03
3.431916e+00
3.508442e-03
5.096409e-04
3.411460e-03
3.682989e-01
2.687859e+02
1.066055e-05
5.285524e+04
4.876000e+00
2.469921e-02
1.256707e-01
1.826070e-02
5.713790e-02
6.974875e+02
8.410628e-01
3.275854e+04
2.899262e+00
1.645614e-02
1.588558e-02
7.379966e+01
1.361261e-01
5.485237e-03
1.933329e-01
7.072096e+02
9.361869e-02
4.785582e+01
9.471024e-01
3.528982e-01
1.676008e+00
5.694295e-03
1.451519e-04
4.843439e-02
5.411592e-04
5.230976e-02
1.205312e-02
4.130000e-03
1.780402e-01
1.126776e+00
1.904487e+02
