2.074875e-01
3.496321e+02
1.649971e+01
1.967416e+02
1.043471e+02
2.584295e+02
2.018951e+00
2.284554e-04
2.559459e-03
1.298628e-03
1.642171e+01
1.035751e+04
2.076050e+00
7.443965e-04
5.223519e-03
2.066506e-01
1.644445e-01
2.641306e+05
5.065622e-03
3.905298e+01
3.164605e+00
1.320448e+04
1.465906e+02
3.254069e-01
1.509890e-01
2.334135e-01
9.375067e+00
3.749535e+01
4.911794e+00
2.195769e+00
2.806762e-01
9.852012e+04
2.234504e+00
6.193418e+00
8.731135e-02
2.064995e+02
1.177638e+00
1.063582e-03
5.971841e-03
9.760791e-05
1.635206e+01
7.900675e+02
7.043531e-04
6.509194e+02
5.685665e-01
5.640269e-02
1.582432e-01
3.221842e-01
6.938651e-01
2.804094e+03
5.170986e-02
1.371984e+03
1.498230e-02
8.652477e-03
4.152589e-03
5.239616e+00
1.872559e-01
7.301112e-02
1.747896e+00
7.197193e+00
1.429951e-02
2.941219e+01
9.394390e-02
4.792057e-02
1.488559e+00
1.919665e-04
1.050267e-03
2.401004e-04
4.078347e-05
7.821322e-02
3.219695e-01
1.908794e-04
2.028349e-03
2.279257e+00
1.879158e+02
