1.566602e-01
1.146922e+03
1.921354e+01
3.007073e+00
3.940235e+00
5.005663e+01
1.570463e+00
5.961584e-05
6.558977e-02
1.779331e-03
2.212194e+01
3.785924e+03
4.676511e+00
4.220572e-04
9.011252e-03
1.872857e-02
4.640187e-02
6.980813e+05
7.604102e-03
1.701355e+02
2.277686e+00
2.295429e+04
4.274244e+02
1.450113e+01
2.297133e-01
6.640634e-01
2.463696e+01
1.304345e+02
1.324817e+01
3.511689e+00
1.384010e-01
1.389462e+04
1.089555e+01
2.343764e+00
1.621901e-01
1.501420e+02
1.435125e+00
2.195214e-03
2.872239e-03
3.624410e-06
6.080919e+00
6.021115e+03
1.650080e-03
2.034053e+03
1.889444e+00
6.766981e-02
1.297725e+00
1.412521e+00
3.505180e-01
2.425197e+02
6.755767e-02
8.573243e+02
1.187272e-01
3.227554e-01
3.266819e-03
2.327386e+00
5.153854e-02
5.893076e+00
7.521368e-01
6.862961e+01
1.175375e-02
1.897775e+01
1.845608e-01
1.267251e-01
1.964669e+00
1.078393e-04
3.122988e-04
7.284428e-03
1.664756e-03
6.697623e-03
9.945102e-02
1.361163e-05
3.435257e-03
2.341127e+00
2.641802e+02
