7.018144e+00
1.029935e+03
2.013443e+02
1.513016e+02
8.377749e+01
1.873857e+00
1.925602e+00
1.759620e-03
7.889205e-02
7.770967e-02
6.146394e+00
2.057969e+06
2.409089e+00
2.042041e-03
4.824221e-04
1.738719e-02
1.816215e+00
1.182295e+07
4.177861e-01
3.530639e+01
5.228977e+00
5.114001e+05
1.318909e+00
1.631791e+00
9.115005e-01
9.773548e-01
1.771032e+02
2.716937e+03
5.472634e+02
2.029012e+02
2.000229e+01
1.935805e+05
7.906294e+02
2.171979e+01
2.874686e-02
8.989192e+02
2.891773e+00
2.513827e-03
2.823606e-03
6.175857e-06
3.052268e+01
1.342151e+02
2.396192e-03
1.296331e+04
1.656177e+00
1.988742e-01
4.698566e+00
1.043739e-02
4.726977e+01
1.832975e+05
3.483716e-02
1.081583e+04
9.087995e-03
8.993170e-03
8.683966e-05
3.242206e-01
3.684618e-01
1.798132e+01
1.981868e+00
6.225166e+02
1.035792e+00
3.008167e+02
2.163862e-02
2.487462e-01
1.239588e+00
1.960001e-03
8.335379e-05
2.067565e-04
2.160637e-05
7.574092e-01
2.152681e+01
1.422088e-05
8.807310e-04
2.013400e+00
6.948218e+00
