7.286602e-03
6.084730e+03
1.949872e+03
8.986862e+02
7.866961e+00
1.431359e+03
1.271546e+00
2.945975e-03
1.105189e-03
1.245747e-01
1.790637e+02
3.418048e+06
3.040901e+01
1.299730e-03
6.996714e-02
1.092187e+00
1.644303e+00
4.010998e+07
4.821198e-01
1.825519e+04
8.966344e+00
5.945842e+05
2.333844e+02
1.044618e-01
3.199601e-03
1.177286e+00
1.923118e+03
4.415834e+04
9.301184e+00
1.882807e+02
2.115528e-01
8.178625e+03
6.490422e+01
7.990968e-01
3.791149e+01
5.799493e+02
2.991089e+00
1.900464e-02
7.807908e-04
2.306094e-04
5.011234e+00
1.894920e+04
5.091189e-03
1.342257e+04
9.866549e-02
1.280684e-02
7.195324e-03
4.621178e+00
7.793329e-02
2.312863e+05
6.473477e+00
5.075958e+03
8.708166e-01
3.773742e-03
2.276089e-03
5.202830e+00
9.110013e+00
1.014937e+00
1.551326e-01
8.653120e+00
1.249751e-01
1.351620e+00
3.861765e-01
6.510630e-01
1.777425e+00
2.840104e-04
3.909444e-05
2.448164e-01
1.944823e-06
7.587071e-02
1.363654e+00
7.921087e-06
5.347583e-01
4.000000e+00
8.901006e+03
