1.711467e-01
1.405143e+03
1.854000e+01
2.317361e+01
7.094456e+01
6.466427e+01
1.498290e+00
5.446904e-04
2.180683e-03
1.241815e-03
8.114699e+00
2.009221e+04
3.653789e-01
1.759329e-03
4.850225e-03
4.643421e-01
9.676215e-01
8.150517e+05
8.653742e-03
6.546894e+01
7.722171e-01
1.303251e+04
1.735528e+01
2.610761e-01
5.739439e-02
5.399981e-01
6.116187e+00
8.315770e+01
1.195659e+00
4.288532e+00
1.088931e+00
1.529622e+04
1.541524e+01
1.044025e+01
3.365624e-01
1.679422e+02
1.313289e+00
2.716685e-03
3.055990e-03
2.136615e-05
3.395766e+00
1.819797e+04
7.054644e-03
1.345486e+02
8.778634e-01
2.264328e-02
2.954078e-01
2.750052e-01
9.842119e-01
1.821027e+03
3.955586e-02
6.454260e+02
6.300743e-02
1.353744e-01
1.087934e-04
3.896744e+00
1.462829e+00
1.330107e+00
2.641510e+00
1.369068e+01
1.292964e-03
5.490343e+00
5.335876e-01
6.877000e-02
1.901251e+00
2.542032e-04
2.282966e-04
1.058168e-03
1.238488e-05
4.289921e-03
3.710362e-01
5.018278e-05
7.187174e-03
1.631641e+00
3.313927e+02
