1.624360e+00
1.556615e+04
7.997542e+01
1.064233e+02
1.298689e+02
9.921931e+01
2.142263e+00
7.780148e-05
4.285594e-03
1.645628e-02
4.252294e+00
1.384195e+05
3.654850e+00
2.914597e-03
3.391256e-02
3.416663e-02
1.413604e-01
7.173995e+05
1.047778e-02
6.212740e+02
6.040631e+00
1.607511e+05
1.060598e+02
2.055176e-01
1.338615e-02
4.033325e-01
3.315202e+02
2.016079e+02
1.462793e+00
4.178020e+01
5.599093e+00
1.125164e+04
4.661394e+01
1.287465e+01
1.002831e+00
2.054292e+02
1.151321e+00
9.348508e-03
9.122301e-04
3.061237e-04
7.458406e+00
8.426433e+04
1.256032e-03
1.127104e+03
2.653413e+00
6.567407e-03
2.619033e-01
3.425873e-02
2.312760e-02
1.474267e+03
4.269949e-02
1.508558e+03
3.964387e-01
1.121802e-01
2.413653e-03
4.594996e+01
1.316773e+00
2.510813e-01
8.904494e+00
2.978376e+00
4.477594e-03
7.922658e+00
6.322823e-01
9.880233e-02
1.879393e+00
1.769831e-03
1.707368e-03
1.270134e-02
7.153540e-06
4.236123e-02
1.429103e-01
8.266458e-04
2.560624e-02
2.245534e+00
2.396230e+02
