2.069435e-01
1.025451e+03
1.659386e+01
4.690807e+00
4.294308e+01
8.953752e+01
1.470189e+00
1.121605e-04
1.084766e-02
1.048711e-03
6.858285e+00
1.263108e+05
1.700231e+00
7.430005e-03
4.131979e-03
5.242173e-02
1.653885e-01
5.842823e+05
5.644060e-03
5.523809e+02
1.344610e+00
5.715787e+04
4.302870e+01
1.204413e+00
9.267699e-03
3.071896e-01
1.570960e+02
1.911598e+02
2.484343e+00
2.400460e+01
1.619330e+00
1.243403e+04
1.109584e+02
5.683825e+00
3.424143e-01
1.010229e+03
1.712622e+00
1.137354e-03
1.018883e-03
1.740429e-05
4.692465e+00
1.733498e+04
1.772096e-03
8.696808e+02
6.697357e+00
1.917894e-01
2.024097e-01
1.722327e-01
1.613646e-01
4.694793e+04
2.167409e-02
4.354169e+03
8.520187e-02
8.234097e-02
2.194547e-04
5.941029e+00
1.796344e-01
8.278137e-01
1.250841e+00
9.966525e+00
1.113176e-01
3.611571e+00
5.023432e-01
1.192310e+00
1.661180e+00
1.378064e-05
5.276294e-03
2.793977e-04
7.131173e-05
2.741318e-03
1.354117e-01
4.175648e-06
1.212799e-03
2.032852e+00
2.860643e+02
