3.404101e-01
1.426897e+03
1.411128e+01
7.973410e+00
7.301293e+01
1.191402e+02
1.529519e+00
1.199091e-04
2.302707e-02
1.241639e-03
7.033803e+00
2.963284e+05
1.465183e+00
2.347908e-02
5.565238e-03
1.233452e-01
2.519930e-01
4.224338e+05
5.019015e-03
5.344617e+02
3.173319e+00
9.884315e+04
6.915189e+01
9.937235e-01
1.127490e-02
2.824586e-01
1.826394e+02
3.999929e+02
3.361477e+00
2.495756e+01
1.661105e+00
9.742069e+03
2.431320e+02
1.016465e+01
3.644584e-01
1.062396e+03
1.636991e+00
1.705939e-03
1.002436e-03
1.958939e-05
7.429038e+00
2.162829e+04
2.187872e-03
8.801865e+02
7.963139e+00
2.998231e-01
3.901432e-01
1.518147e-01
1.954880e-01
5.419354e+04
1.684793e-02
3.919870e+03
7.198376e-02
8.055627e-02
2.805062e-04
7.043980e+00
3.079616e-01
1.575238e+00
2.898367e+00
9.571345e+00
1.212977e-01
2.757311e+00
7.962859e-01
1.013477e+00
1.718501e+00
1.324620e-05
8.212653e-03
1.425283e-04
9.882706e-05
5.469617e-03
1.669155e-01
6.350201e-06
1.379266e-03
2.147281e+00
2.122241e+02
