9.040062e+00
5.207693e+02
2.523811e+01
3.532293e+01
3.662973e+01
1.690474e+04
1.013467e+00
2.479004e-03
3.149287e-04
1.563156e-03
5.636949e-02
3.418048e+06
2.992347e-02
4.900028e-03
2.087451e-03
1.678240e-02
1.576787e+01
7.071928e+04
1.654225e-02
2.171616e+02
1.165425e+01
2.215667e+05
1.009064e+03
4.240775e-02
1.737742e-02
3.770104e+00
6.878290e+00
9.827552e+01
5.469536e+02
6.811492e+02
6.359904e-01
2.131269e+02
1.013791e+03
2.525669e+01
2.451765e-01
1.859761e+04
1.000000e+00
1.882097e-02
3.015982e-02
1.380041e-03
1.081258e+00
4.127704e+03
9.510711e-04
2.666788e+03
1.111934e+00
9.240413e-02
1.671274e-01
2.003700e-02
3.350754e+00
2.670212e+05
9.297694e-02
2.645052e+03
5.617395e-03
3.672892e-03
1.174886e-04
1.580784e+03
1.252717e-01
6.972464e-02
2.335459e-02
7.815886e+00
1.401031e+00
5.820864e-01
3.197454e+00
1.474582e-01
2.339500e+00
1.977938e-02
3.413968e-04
6.862483e-05
8.271290e-06
7.625949e-03
4.403608e-02
1.340044e-03
4.001550e-03
2.834210e+00
1.459793e+01
