5.876442e-01
2.009594e+03
1.598455e+01
1.071613e+01
7.799766e+01
1.615317e+02
1.424867e+00
1.043487e-04
4.554964e-02
1.892942e-03
1.385942e+01
2.533978e+05
2.703587e+00
3.306755e-02
4.332584e-03
9.580755e-02
2.072539e-01
4.541730e+05
5.078556e-03
7.923249e+02
4.248283e+00
1.111510e+05
6.806765e+01
7.231648e-01
7.101205e-03
2.022460e-01
2.653869e+02
5.559689e+02
4.643330e+00
2.792944e+01
1.943269e+00
1.127201e+04
4.587183e+02
8.041111e+00
6.837734e-01
9.837990e+02
1.570167e+00
1.320925e-03
1.325600e-03
3.902096e-05
1.145276e+01
3.610183e+04
1.499345e-03
8.368331e+02
9.231678e+00
2.183917e-01
4.946671e-01
2.580583e-01
9.672208e-02
5.022142e+04
2.274849e-02
4.147110e+03
1.039604e-01
1.287109e-01
4.482214e-04
9.963552e+00
3.709134e-01
2.507226e+00
3.728251e+00
1.008761e+01
1.002128e-01
2.087448e+00
1.305451e+00
7.160378e-01
1.704339e+00
6.444784e-06
7.884721e-03
2.483564e-04
1.943056e-04
7.859623e-03
1.836391e-01
4.292340e-06
1.151438e-03
2.218610e+00
1.798455e+02
