2.333177e-01
1.583101e+02
3.113465e+01
1.570500e+02
2.111301e+00
2.856940e+02
2.402025e+00
1.444998e-04
3.321003e-04
1.517835e-02
1.669588e+00
8.198364e+04
1.354428e+00
2.559348e-03
5.443503e-03
3.914556e-02
4.684525e-02
3.038126e+04
3.304874e-02
3.530395e+03
5.551439e-01
7.504477e+04
4.460872e+00
3.190971e-01
2.214502e-03
3.092604e-01
1.264106e+01
1.811514e+02
5.580225e+00
8.600163e-01
2.215874e-01
7.001412e+04
4.706496e+00
3.601985e+00
3.228700e-02
1.416715e+02
1.502758e+00
2.278382e-03
4.058739e-04
5.370604e-04
2.237067e+01
5.742960e+04
7.430617e-03
1.188205e+03
2.807560e+00
1.383812e-01
2.423292e-01
1.029601e-01
8.244731e+00
2.209721e+03
5.726739e-03
7.584044e+03
2.232292e-02
7.029816e-02
6.883729e-04
1.063598e+01
3.387175e+00
7.525040e-02
5.482407e+00
2.104894e+00
1.494436e-03
1.454370e+00
5.933308e+00
5.570493e+00
1.554414e+00
3.200736e-04
1.411118e-04
2.893157e-03
3.305239e-06
4.853511e-02
9.142885e-02
2.535640e-05
1.825568e-02
1.596065e+00
1.311523e+02
