3.428484e+01
5.319327e+01
1.338723e+02
7.286678e+02
1.083487e+00
3.230355e+01
2.375017e+00
4.843416e-04
1.292882e-03
1.992014e-02
5.971997e-02
3.815537e+04
3.640501e-02
1.797240e-03
1.376755e-01
5.921075e-03
1.499283e+00
7.635760e+05
1.451542e-03
1.957391e+02
7.883898e-01
1.738915e+06
1.009064e+03
2.089204e-02
5.202204e-04
2.892813e-02
7.302309e-01
4.465131e+03
1.622276e+01
4.295981e+00
1.477204e+00
8.537705e+04
6.646842e-01
1.692698e+01
8.398356e-02
2.935739e+01
1.424831e+00
7.230861e-03
2.131034e-02
5.782715e-03
1.191666e+00
2.906093e+05
3.714302e-05
7.134842e+03
1.607644e+02
5.592498e-03
1.051569e+01
1.696220e-01
1.554902e+01
1.743288e+02
4.735952e-03
1.383084e+02
1.572217e-02
2.678947e+00
1.737833e-04
1.280692e+03
1.999102e+01
5.421503e-03
1.853591e+00
2.112735e+03
1.646825e-04
7.778697e-01
9.250261e-01
8.229070e-03
1.194752e+00
2.704880e-02
3.814385e-03
2.519381e-02
2.596344e-05
8.274324e-03
2.235217e+00
1.286761e-03
3.747743e-01
3.381306e+00
1.617497e+02
