7.058415e-02
1.135313e+02
2.089685e+01
4.090051e+00
1.757836e+01
1.836127e+01
2.284192e+00
1.855186e-04
1.998051e-02
1.268361e-02
6.268270e-01
3.813701e+04
2.037232e-01
1.368101e-02
8.750802e-03
3.515522e-03
1.569263e-01
1.294698e+05
1.136787e-02
7.080176e+01
1.571904e-01
2.288528e+05
2.720307e+01
4.174840e+00
1.140914e-02
1.393092e-01
2.934069e+01
1.587293e+02
2.181887e+01
3.048813e+01
1.541498e+00
2.505976e+03
2.787721e+01
5.633685e+00
2.574154e-01
9.002133e+01
1.875639e+00
6.051376e-03
1.164100e-03
3.017030e-05
6.905037e-01
1.298756e+03
5.315567e-05
2.699806e+03
6.117859e-01
8.350393e-01
3.479046e-01
5.894836e-02
1.623220e+00
1.228638e+04
1.585890e-01
5.632289e+01
4.656023e-02
6.360315e-02
2.164700e-04
2.891515e+01
8.014573e-01
2.864422e-02
2.234803e+00
1.743269e+01
7.226823e-03
1.596783e+01
1.161998e-01
5.596988e-01
2.171585e+00
8.585432e-04
2.277879e-05
3.638663e-04
2.325702e-05
6.880988e-02
4.463222e-01
8.306785e-05
1.056397e-02
1.341950e+00
3.599471e+02
