2.553891e-01
1.181450e+03
5.716729e+00
7.717707e-01
2.570067e+02
3.527957e+01
1.203022e+00
2.054327e-04
2.283463e-01
2.631546e-02
4.184348e+01
1.431756e+06
2.762753e+00
9.281343e-04
1.526551e-02
7.011549e-02
1.182531e+00
2.832802e+07
4.662222e-02
1.379886e+01
5.912335e-01
4.902945e+03
1.224377e+01
1.391054e+01
2.645127e-02
3.640635e-01
2.273692e+01
1.897236e+03
1.878175e+02
2.958418e-01
9.708557e-01
1.999438e+05
4.364216e+00
1.121021e+01
1.208731e+01
1.013130e+04
1.578587e+00
2.320705e-03
5.540173e-03
7.954050e-06
3.022503e+01
6.556621e+02
1.371259e-03
1.280363e+03
1.421153e+00
1.696536e-02
3.233243e+00
3.725552e+00
3.251898e-01
2.510143e+04
7.010894e+00
1.019227e+03
6.343882e+00
1.973540e-01
6.089584e-05
5.208368e+02
3.859959e-01
1.071703e+01
1.181666e+00
6.821593e+00
4.636723e-03
1.418399e+01
4.788242e-01
8.571469e+00
2.217896e+00
1.204692e-03
3.564405e-03
7.069833e-05
1.324065e-03
1.180798e-02
1.726544e-02
8.228030e-06
4.893361e-04
2.966747e+00
2.041234e+02
