1.959806e-01
9.948241e+01
1.247475e+01
3.157288e+01
1.386358e+02
3.334200e+02
2.052220e+00
1.819692e-04
2.090529e-03
1.521779e-04
5.385288e+00
3.380907e+04
2.279975e+00
6.598277e-04
5.799540e-03
1.186587e-01
2.021906e-02
8.100643e+06
1.719800e-03
1.398672e+03
1.067642e+00
5.219516e+04
1.600045e+01
4.361942e-01
7.565664e-02
5.717532e-01
7.977862e+00
2.542241e+03
1.371187e+00
5.062739e+01
4.855955e-02
2.261407e+04
4.272891e+00
6.542807e+00
8.032869e-01
2.591347e+02
2.180926e+00
8.517115e-03
8.044286e-04
4.373015e-05
8.985044e-01
3.873736e+03
2.153860e-04
1.384443e+02
1.240248e+00
2.431630e-01
1.382119e-01
7.588021e-02
4.100012e+00
8.151628e+03
1.954011e-02
6.058734e+03
2.161851e-02
5.021874e-02
2.176144e-03
8.619110e+00
4.684777e-01
1.323404e+00
1.201042e+00
3.372988e+01
1.842165e-02
4.199264e+00
6.107604e-01
1.398343e+00
1.542283e+00
6.135385e-04
7.082762e-04
4.900680e-03
2.964689e-05
2.532693e-02
8.481720e+00
7.483662e-06
2.469948e-03
1.656983e+00
1.379713e+02
