2.724218e-01
2.383730e+02
4.551646e+01
5.040754e+02
3.173077e+00
2.900559e+02
2.755783e+00
2.054660e-04
3.673832e-04
1.831211e-02
2.529472e+00
3.737838e+04
7.993300e-01
2.558262e-03
1.497176e-02
1.109525e-01
3.618762e-02
2.836554e+04
8.676430e-02
3.454565e+03
7.863131e-01
5.805695e+04
4.460261e+00
9.868213e-01
3.133459e-03
4.338637e-01
8.944547e+00
3.147931e+02
1.461747e+01
2.451462e+00
1.889424e-01
1.184075e+05
4.472075e+00
5.751586e+00
5.540118e-02
1.710777e+02
1.735217e+00
1.774259e-03
8.304785e-04
4.592490e-04
2.252845e+01
2.736643e+04
1.751343e-02
8.431681e+02
4.429281e+00
1.141450e-01
2.537374e-01
1.932974e-01
8.106100e+00
1.528289e+03
1.021740e-02
1.480682e+04
2.799151e-02
1.026933e-01
2.843903e-04
1.185025e+01
4.242534e+00
1.736053e-01
1.031689e+01
6.171664e+00
1.241084e-03
3.316132e+00
1.096753e+01
5.105930e+00
1.442696e+00
4.196964e-04
1.144608e-04
2.396395e-03
5.732165e-06
2.288484e-02
1.379433e-01
2.418427e-05
3.749216e-02
1.685773e+00
1.297347e+02
