4.599782e-03
1.342973e+03
1.749031e+03
1.010753e+03
2.635678e+00
1.191290e+03
1.355416e+00
2.204476e-03
8.165519e-04
5.047126e-02
2.035407e+02
3.101168e+06
8.182110e+00
4.799839e-04
9.403530e-02
8.718705e-01
4.531356e-01
3.721147e+06
4.303135e-01
4.547611e+03
2.898030e+00
5.525091e+05
5.071708e+01
6.646966e-02
1.159893e-03
4.317683e-01
1.923118e+03
2.573667e+04
3.268764e+00
3.161406e+01
7.378261e-02
2.576692e+03
2.426998e+01
1.731671e+00
3.154110e+01
1.897042e+02
2.523968e+00
1.460285e-02
2.739437e-03
8.820603e-05
7.892213e-01
3.296913e+03
2.629639e-03
1.198913e+04
6.359484e-02
1.401702e-03
6.018992e-03
3.846233e+00
2.478790e-02
3.909068e+04
7.671746e+00
4.998380e+03
9.908810e-01
1.730388e-03
2.394221e-03
2.480942e+00
2.259104e+00
7.423707e-01
1.573721e-01
2.087379e+00
8.116631e-02
2.757085e-01
1.931732e-01
2.017466e-01
1.624917e+00
1.625783e-04
2.346026e-05
5.660496e-02
4.457371e-07
8.100642e-03
1.126636e+00
2.599873e-05
6.614289e-01
3.813364e+00
2.365185e+03
