1.117605e-01
5.819133e+01
1.168583e+01
6.072096e+01
7.367425e+01
3.166963e+02
1.597650e+00
1.819658e-04
1.233431e-03
1.423548e-04
1.537611e+01
1.060955e+04
6.275308e-01
5.950340e-04
4.595342e-02
4.488673e-02
3.414776e-01
3.781941e+05
2.081471e-03
2.562694e+02
1.626245e-02
1.163008e+04
3.484815e+00
1.249637e+01
1.093864e-01
2.092193e-01
6.330896e+00
2.013988e+02
1.326482e+01
6.627345e+00
6.477092e-01
1.630758e+04
2.256374e+01
3.404528e+00
6.531049e-02
2.949415e+02
1.934125e+00
1.398790e-03
4.194364e-03
7.916622e-05
3.862354e+00
3.631115e+03
3.296127e-04
1.043500e+03
1.120619e+00
5.254186e-02
1.579749e-01
4.571901e-02
1.724264e-01
3.716178e+03
2.963232e+00
3.762923e+02
5.362917e-02
1.290248e-01
2.505582e-04
4.694647e+00
1.705986e+00
2.079904e-01
1.920318e+00
1.233364e+01
6.611653e-03
5.836772e+01
1.276892e+00
6.774322e-01
1.909630e+00
3.581389e-05
1.241638e-03
5.154860e-03
1.983292e-05
3.683783e-03
5.763224e-01
2.844996e-06
1.088208e-03
1.272123e+00
1.611574e+02
