4.566628e-02
1.584805e+02
6.892654e+01
8.964546e+02
1.278569e+03
2.028062e+03
2.385775e+00
1.044861e-03
3.185133e-04
2.874729e-05
9.899174e+01
6.505271e+05
6.122066e-01
3.571516e-02
1.367244e-03
1.715467e+00
3.398622e-02
4.185277e+05
3.629816e-02
1.211064e+03
2.762712e-02
5.496618e+04
3.493891e-01
6.689141e-01
4.185590e-01
7.951735e-01
7.073248e+00
3.435653e+04
2.274311e-01
1.757104e-01
1.198537e-01
5.653157e+04
1.871148e+01
8.339092e-01
8.067182e-02
2.370393e+01
2.514754e+00
3.926747e-02
9.421427e-04
3.390392e-03
2.741239e+00
1.586036e+02
2.647187e-05
2.165267e+02
3.881362e-01
2.440026e-02
1.302445e+00
1.773138e-02
4.011573e-02
4.481390e+01
1.126631e-01
9.271712e+03
1.764859e-01
6.087077e-02
9.432256e-02
2.530241e+00
4.931253e+00
3.013926e-02
1.904145e+01
9.024130e+00
3.251607e-03
8.930628e+01
3.102584e+01
1.225098e-02
2.268669e+00
1.384617e-02
5.953265e-02
3.142973e-03
3.417058e-04
3.578408e-01
1.399575e-01
3.748484e-04
3.782476e-03
3.982192e+00
2.642594e+02
