3.207015e-02
3.070415e+04
1.550109e+02
2.994074e+03
2.640449e+03
6.105140e+02
3.013431e+00
1.181217e-04
8.625265e-03
3.513039e-03
3.136233e-01
1.167600e+05
7.656134e+00
5.271673e-03
9.633209e-01
1.054765e-01
3.390697e-02
5.162450e+04
7.825361e-02
8.943190e+02
3.717795e-01
4.959925e+03
1.009064e+03
9.139399e-03
1.513988e-03
8.171480e-02
6.334234e+02
6.641408e+01
1.819777e+00
2.615522e+02
1.140910e+00
1.896858e+05
9.827438e+02
9.290184e+00
6.552142e+01
7.003467e+00
1.905499e+00
2.097125e-02
8.648269e-04
2.789495e-05
6.868472e+02
1.294670e+03
2.152563e-05
4.738513e+04
5.198466e-01
1.674919e-02
2.173280e-01
2.334414e+00
9.099687e+01
3.016845e+03
7.671746e+00
3.398617e+03
7.834431e+00
5.285857e-01
1.670815e-01
4.708880e+02
1.853384e-02
3.144705e+01
8.327971e-01
2.755221e+00
1.274575e-02
6.938808e+01
1.521558e+00
6.374901e-03
1.318918e+00
1.319958e-04
1.267083e-02
3.850510e-03
6.121130e-04
1.471449e-01
7.332390e-01
1.475429e-04
3.670694e-02
3.266047e+00
8.040655e+03
