1.787085e-01
3.070415e+04
1.334366e+00
3.910140e+02
5.752835e+00
3.102573e+00
1.269278e+00
4.246513e-03
1.292680e-04
1.245747e-01
8.175357e-02
5.523278e+05
1.141590e-01
1.028170e-03
1.856954e-03
5.682070e+00
2.699069e+00
1.645655e+07
3.160843e-02
7.264222e+01
2.811135e-02
2.951607e+06
1.009064e+03
8.529619e-01
7.392029e-01
7.268360e-03
3.985449e+01
9.969469e+02
6.574760e-02
5.020897e-01
5.311643e-01
1.146298e+04
1.064005e+02
3.396852e-01
2.435988e+00
2.375234e+01
1.293039e+00
1.788180e-03
9.162122e-04
4.818861e-04
4.976937e-01
2.891517e+02
2.231853e-03
5.072912e+03
2.378712e-01
7.261510e-02
1.360144e+00
3.464551e+00
8.720271e-01
3.992061e+05
2.865391e-01
1.149858e+05
1.463791e-01
5.565801e-03
1.670815e-01
7.137969e+01
3.937188e-01
9.079952e-03
1.628580e+00
5.854056e+02
3.644463e-04
9.522426e+00
5.805891e+01
9.296449e+00
1.791672e+00
2.704880e-06
2.215120e-04
3.982480e-05
3.982371e-07
2.280269e-01
8.443827e-02
9.809418e-05
2.602640e-02
1.919309e+00
8.130173e+02
