2.113397e-01
9.907051e+02
2.125555e+01
1.302095e+01
1.806884e+01
1.838380e+01
1.301079e+00
1.795414e-04
8.894493e-03
2.699185e-03
4.588575e+00
3.708137e+04
1.660760e+00
3.698784e-03
5.150291e-02
7.124100e-01
1.180244e+00
1.363531e+06
5.603780e-03
7.269357e+03
3.528332e-01
8.812111e+05
3.837347e+01
4.394382e+00
3.283331e-01
1.128290e+00
4.991999e+01
2.444982e+02
1.037422e+00
2.051516e+01
7.155765e-01
8.534030e+03
4.577026e+00
1.811284e+01
8.294978e-02
1.586781e+02
2.420030e+00
2.010659e-03
2.782764e-03
2.661135e-04
4.820225e+00
2.834843e+03
2.296813e-04
2.328372e+03
4.041403e+00
4.853530e-02
6.254423e-01
5.688097e-01
1.046640e+00
3.715915e+03
2.879893e-01
8.580630e+02
1.894944e-01
1.808291e-02
3.605842e-03
1.432850e+01
1.496205e+00
1.269631e+00
4.227664e+01
5.185786e+01
4.604614e-02
3.316604e+00
5.391681e-01
3.266024e+00
1.502200e+00
8.694170e-04
3.059029e-03
2.241787e-03
7.686647e-06
2.072784e-02
3.559767e-01
1.490821e-05
3.088752e-03
2.148194e+00
1.647089e+02
