5.511086e-03
6.289675e+02
4.770721e+02
1.166022e+03
1.207407e+03
6.789455e+01
1.049581e+00
3.536967e-04
1.502241e-03
2.235910e-02
3.331738e+02
9.353540e+03
1.245528e-01
1.280986e-05
8.913770e-01
5.104292e-03
3.721896e-03
4.317515e+05
2.100744e-02
1.311317e+01
1.976973e-02
1.668821e+05
2.009934e+01
2.989447e-02
2.702684e-04
8.719498e-01
3.587738e+00
5.099993e+00
1.558780e+02
8.118537e+01
1.753009e+00
5.454876e+03
9.759713e+00
2.363768e-01
1.359333e+01
3.002971e+00
1.851377e+00
1.171032e-03
3.011436e-02
2.752262e-05
1.242508e+02
1.559323e+05
3.731024e-02
2.333291e+03
7.887559e-01
2.106438e-03
5.315728e-02
4.067049e+00
1.108800e-02
5.604874e+02
4.164904e-03
1.165634e+04
2.372359e-02
6.957758e-02
1.311854e-01
6.027387e+00
4.814076e-01
1.923879e-01
5.697392e-02
4.711915e+00
7.653717e-03
1.146014e+02
1.113738e+01
5.701070e+01
1.022232e+00
1.883159e-04
2.721117e-02
9.291696e-05
9.084857e-06
8.390034e-03
3.714278e+01
1.818877e-05
5.241665e-03
3.870971e+00
3.436369e+00
