8.409706e-02
2.413478e+02
2.502963e+01
1.266632e+01
2.910688e+01
1.233201e+01
1.151176e+00
2.200997e-04
3.929135e-03
1.503016e-04
2.916775e+00
2.392665e+04
5.672100e-01
3.410492e-04
1.065824e-02
9.856269e-03
4.975624e-03
3.361092e+05
7.710640e-04
1.558480e+02
3.636811e-01
1.063372e+04
2.008990e+01
9.415134e-02
8.483892e-04
2.086035e-01
6.196887e+00
8.202232e+00
1.182964e+01
6.737498e-01
5.362617e-01
8.350917e+02
1.556938e+01
8.181909e+00
2.888219e+01
1.809231e+02
1.590146e+00
2.378291e-03
7.089624e-04
4.046084e-06
4.926842e+00
1.873115e+04
3.547564e-04
1.305912e+03
1.003112e+00
1.105098e-01
1.019638e-01
5.521967e-02
3.186174e-01
9.546572e+02
1.390701e-01
8.627783e+01
1.441670e-02
1.711343e-02
2.434837e-03
1.429375e+01
1.079545e+00
3.362042e-01
9.083455e-01
9.466709e+00
1.631163e-02
2.435289e+00
4.162710e-01
1.943399e-01
1.720413e+00
1.137017e-04
6.565668e-05
1.145715e-03
7.785325e-06
5.459949e-02
1.931237e-01
3.226586e-04
1.818523e-02
1.277817e+00
2.646865e+02
