4.019619e-01
7.270209e+02
2.098320e+01
1.765899e+01
9.327199e+00
9.251810e+00
1.203992e+00
4.243446e-04
9.810527e-03
1.257786e-03
3.430524e+00
1.941211e+04
2.744840e+00
6.031090e-03
4.309680e-02
1.213573e-02
5.146636e-02
4.549861e+05
1.423849e-03
1.766850e+02
7.023220e-01
1.262360e+05
1.702370e+01
9.128776e-02
7.625791e-03
3.054730e-02
5.041709e+01
9.331622e+02
1.558746e+00
1.190120e+00
1.333453e+00
4.987391e+03
1.500022e+01
4.782219e-01
3.571835e-01
3.049650e+01
1.368275e+00
7.359583e-04
1.376808e-03
3.778186e-05
1.627557e+01
2.103518e+05
1.847083e-04
7.655301e+01
4.016941e-01
3.152230e-01
2.097179e-02
2.372005e-02
2.125763e-01
4.530306e+02
3.093646e-02
9.121902e+01
4.226257e+00
9.891585e-02
1.479734e-03
5.144786e+01
2.376169e-01
9.054932e-01
8.106994e+00
2.257180e+00
2.052197e-02
1.705542e+01
2.278359e-01
6.275368e-02
2.214121e+00
1.761086e-04
5.528563e-04
1.965048e-03
9.307997e-05
5.875003e-02
3.232723e-01
5.155883e-06
4.757129e-03
1.831650e+00
1.003656e+02
