1.345003e-01
2.847539e+02
2.977437e+01
6.836718e+01
9.832517e+01
3.053148e+02
1.533786e+00
8.573355e-05
5.941021e-03
8.522451e-04
1.707781e+01
1.838850e+05
1.271811e+01
4.762870e-04
1.822995e-01
1.130858e-02
2.567071e-01
5.366762e+05
2.317969e-02
8.830470e+01
2.501476e-01
1.458097e+05
5.639501e+00
7.998254e+00
2.040359e-02
3.093372e-01
3.091430e+01
1.586993e+02
1.336776e+01
9.015799e+00
3.728307e-01
1.558951e+04
5.078988e+01
1.712631e+01
1.605309e+00
8.108134e+01
1.894867e+00
2.288820e-03
6.397261e-04
4.411938e-05
7.776241e+00
7.705106e+04
1.843657e-03
8.625219e+02
2.200309e+00
1.999992e-01
6.398717e-01
5.318298e-01
8.393766e+00
3.396664e+03
6.028786e-02
4.732621e+02
1.409877e-01
3.837809e-02
2.983753e-03
1.341559e+02
3.622889e-02
9.979543e-02
6.939135e+00
1.140416e+02
5.274503e-02
2.224551e+01
3.665806e-01
2.479423e+00
2.249425e+00
5.929057e-04
7.773983e-04
7.013112e-04
1.033534e-05
1.992665e-02
3.190433e+00
9.843437e-05
3.323249e-02
1.812820e+00
2.280766e+02
