1.022172e-01
8.339747e+02
1.706988e+01
2.836273e+01
3.797276e+01
2.764126e+02
1.907960e+00
1.714060e-04
4.719046e-03
5.559337e-04
6.500914e+00
3.350732e+04
5.372319e+00
5.241662e-04
5.969269e-02
6.122240e-02
4.557344e-02
6.838290e+05
2.382427e-03
3.422411e+01
3.728559e-01
1.334342e+04
1.739962e+01
5.695839e-01
1.525470e-03
9.904219e-02
3.298141e+01
1.207084e+02
2.866783e+00
9.528568e+00
6.475643e-01
5.140169e+03
4.738006e+01
6.064254e+00
5.445740e-01
5.484793e+01
2.036257e+00
2.722618e-03
6.258154e-04
3.376738e-05
1.942093e+00
1.654598e+03
6.822402e-04
2.521822e+03
6.658834e-01
1.111155e-01
3.014080e-01
6.650771e-02
3.146387e-01
1.065381e+03
4.971187e-02
6.688356e+02
3.306257e-02
2.852136e-02
1.963665e-03
8.651278e+00
1.340224e-01
2.811112e-01
3.036634e+00
4.770443e+01
7.216059e-03
3.794739e+00
7.888911e-01
3.617759e-01
1.433942e+00
1.323993e-04
9.361069e-04
1.771024e-03
2.167501e-05
5.402503e-02
3.624769e-01
1.712855e-04
4.401980e-03
1.747497e+00
3.307085e+02
