9.680879e-02
2.039164e+03
9.196637e+00
2.227385e+01
1.543593e+02
6.610413e+02
1.943076e+00
1.991332e-05
1.266020e-02
2.858928e-03
9.745322e+00
2.899972e+04
8.228740e+00
1.867953e-03
1.357581e-02
1.125846e-01
1.257648e-01
6.438875e+05
5.089542e-02
2.336960e+03
2.888745e+00
7.340661e+04
3.662240e+01
1.659237e+01
2.276743e-02
1.433746e-01
3.131579e+01
1.458435e+03
3.137463e+01
6.268948e+01
6.591989e-01
6.488057e+03
1.577542e+02
4.579722e+00
4.002323e-01
1.020592e+02
1.782327e+00
2.188527e-03
5.909033e-03
1.408279e-04
2.279511e+01
3.910074e+04
8.369018e-04
3.865105e+02
1.209616e+00
1.096983e-01
7.005133e+00
1.986140e+00
5.315299e+01
3.947917e+05
2.331627e-01
1.186241e+03
3.545621e+00
1.430230e-01
4.634841e-03
5.258461e+01
5.360857e+00
9.042573e-01
4.001642e+00
1.094966e+02
1.985074e-03
7.341412e+00
4.103178e+00
1.671575e+00
2.408628e+00
7.479726e-04
5.421847e-04
2.985212e-03
1.229465e-05
1.573222e-01
2.496357e-01
1.830596e-05
1.465859e-02
2.219379e+00
3.454423e+02
