4.925315e-01
1.122342e+03
5.327090e+00
7.149763e+01
2.632113e+02
1.323743e+02
3.577633e+00
3.051286e-04
2.658041e-03
3.437543e-04
3.206587e-01
3.122544e+04
2.894640e+00
3.878076e-02
1.983559e-03
8.645001e-02
2.193314e+00
1.111469e+07
4.152887e-03
1.553866e+04
2.248733e-01
7.413328e+05
4.602325e+00
3.754092e-01
1.006116e+00
1.247845e-01
2.065133e-01
1.128054e+03
7.841508e+01
1.113055e+01
3.830112e+00
1.431125e+06
3.792912e+01
9.671782e-01
1.233246e-02
1.181177e+01
3.538285e+00
2.147565e-03
6.772984e-04
2.041240e-05
7.087340e-01
5.148846e+02
3.801308e-04
1.195498e+04
7.956490e+00
1.342930e+00
2.159496e+00
8.265269e-01
2.191376e-02
4.531940e+03
1.668122e-01
1.576891e+03
2.244281e-02
1.069455e-01
1.854036e-04
2.465263e-01
6.160849e+01
1.297236e+00
9.416204e+01
2.482353e+01
9.373687e-04
9.047400e+02
7.111953e+01
1.869810e-02
1.938344e+00
1.025935e-05
5.161299e-05
6.881572e-03
1.997574e-04
6.683288e-04
1.396423e-02
3.959756e-03
1.372918e-02
1.228047e+00
1.213310e+02
