8.160785e-01
1.110597e+03
2.221810e+01
1.677465e+01
9.769867e+00
1.141013e+01
1.206727e+00
8.202250e-04
1.139557e-02
1.376235e-03
2.522148e+00
1.070434e+04
2.388476e+00
6.831783e-03
1.363309e-02
2.147279e-02
4.015922e-02
6.145906e+05
1.783679e-03
1.167671e+02
4.487935e-01
7.624232e+04
6.932485e+01
1.885479e-01
7.744141e-03
2.535629e-02
3.635437e+01
1.979772e+03
1.943753e+00
7.910747e-01
8.772375e-01
2.151649e+03
1.629550e+01
4.467451e-01
4.821092e-01
2.544357e+01
1.469207e+00
8.682119e-04
2.329851e-03
5.456444e-05
1.429885e+01
5.870785e+05
2.411957e-04
1.124899e+02
7.212732e-01
5.978605e-01
3.114890e-02
8.351011e-03
1.859218e-01
1.011448e+03
3.445112e-02
1.478581e+02
2.183117e+00
1.205083e-01
1.649699e-03
1.256538e+01
2.430812e-01
2.258184e+00
8.906623e+00
4.025160e+00
5.342157e-02
2.314803e+01
4.881625e-01
4.217028e-02
2.227890e+00
4.379284e-04
5.153586e-04
3.564494e-03
1.802158e-04
7.311389e-02
1.352699e-01
3.220660e-06
4.472598e-03
1.853390e+00
1.248610e+02
