2.279938e-01
1.106822e+03
1.875606e+01
1.112233e+01
1.787993e+01
1.694528e+01
1.279137e+00
1.556511e-04
9.904210e-03
2.879460e-03
3.005735e+00
4.382984e+04
1.190499e+00
4.033912e-03
4.604275e-02
5.090099e-01
1.648329e+00
1.140327e+06
4.267404e-03
5.790985e+03
3.146412e-01
8.022552e+05
3.356788e+01
3.616367e+00
2.136470e-01
7.212950e-01
8.176205e+01
3.676120e+02
7.763043e-01
2.120303e+01
6.413110e-01
9.118747e+03
3.643155e+00
1.221931e+01
7.860940e-02
1.813799e+02
2.404412e+00
1.969624e-03
2.600427e-03
1.924962e-04
4.839259e+00
3.127433e+03
2.341022e-04
1.817009e+03
3.027417e+00
3.800053e-02
3.769623e-01
5.745243e-01
1.737188e+00
3.386244e+03
3.913440e-01
8.422528e+02
1.638190e-01
1.784852e-02
2.966231e-03
1.005919e+01
1.072951e+00
1.314891e+00
4.065237e+01
6.009269e+01
4.938941e-02
2.740279e+00
5.194910e-01
2.152249e+00
1.540710e+00
7.663919e-04
2.987615e-03
2.790371e-03
8.571575e-06
1.547274e-02
3.475567e-01
9.347771e-06
3.486081e-03
2.183258e+00
1.439575e+02
