2.895702e+01
9.720898e+03
2.615972e+02
1.510775e+03
3.441460e+02
6.805849e+03
1.591333e+00
2.480658e-04
1.243073e-03
7.625584e-02
4.419890e-01
1.078446e+05
2.938389e+01
4.251761e-05
1.203272e+00
2.511803e-01
8.221107e-02
4.284705e+04
5.834180e-04
3.005650e+02
3.900597e-01
4.112626e+05
3.553107e+02
1.720192e+01
8.458057e-04
1.179181e-01
1.228365e+02
9.188299e+01
3.508012e+00
4.323781e+00
9.440055e-03
2.543637e+03
1.246732e+02
4.373394e+01
1.246004e-01
1.815505e+02
1.354545e+00
9.639084e-02
6.537307e-04
3.294693e-05
3.555121e+00
2.642097e+03
7.888465e-06
1.575040e+01
2.019520e-01
4.875037e-02
2.703791e-01
3.457842e-01
6.829668e+00
1.357978e+04
6.266065e-03
6.732364e+03
3.149399e+00
7.047344e-04
2.289571e-02
3.012655e+00
7.171941e-01
5.791583e+00
2.698142e+00
5.648039e-01
1.293720e-02
1.372829e+01
4.481707e+01
4.789137e+00
3.447251e+00
4.654949e-05
4.338958e-04
2.038803e-03
6.688668e-06
1.128241e-02
2.204810e+00
1.317788e-04
9.544436e-02
2.465303e+00
1.473506e+01
