2.745118e-01
2.341731e+02
4.244332e+00
6.631893e+00
8.724196e+00
1.265098e+01
1.553653e+00
6.475733e-05
5.141255e-03
3.262370e-03
1.524604e+00
9.777348e+03
1.253757e+00
2.278227e-04
1.452799e-02
1.595243e-01
5.242765e-03
5.941180e+05
8.887005e-04
1.440925e+02
3.238922e-01
7.159495e+03
1.470777e+01
7.456298e-01
6.288377e-03
4.699990e-02
5.130784e-01
1.423629e+02
3.269477e+00
5.317504e+00
1.040708e-01
1.723997e+03
4.036195e+00
8.602293e+00
5.260840e-02
1.271068e+03
1.545569e+00
1.300985e-03
2.244168e-03
3.334535e-06
1.035701e+01
1.662077e+04
2.120750e-04
3.434320e+01
1.586828e+01
5.129955e-01
5.769543e-01
1.270507e-01
3.808809e-01
2.132545e+04
5.161976e-02
2.266896e+02
2.218123e-02
8.682622e-03
5.093641e-03
8.549873e+00
5.932200e+00
2.104868e-01
5.316862e+00
2.909530e+01
1.998582e-02
4.928081e+00
2.567899e-01
3.527906e-01
1.083726e+00
1.933806e-04
8.119872e-04
3.776272e-04
6.665219e-05
4.560022e-02
8.765688e-02
3.789750e-06
1.914919e-02
1.352601e+00
1.065474e+02
