3.145639e-01
1.029549e+03
4.109091e+01
1.260161e+02
1.004549e+02
2.973854e+02
2.436545e+00
1.161443e-04
1.633223e-02
8.100247e-03
4.811101e+00
1.512758e+05
1.069881e+01
1.923582e-03
6.462329e-02
1.186657e-01
2.570164e-01
1.982927e+06
8.316559e-03
5.445107e+02
7.689579e-01
1.353266e+04
2.990782e+01
1.777976e+00
1.014951e-01
2.859840e-01
9.411381e+00
1.666176e+02
3.006733e+01
5.843527e+01
4.328810e+00
1.730184e+04
3.464336e+01
3.913879e+01
5.845544e+00
1.411196e+02
1.899198e+00
9.558410e-03
1.121932e-03
1.906741e-05
3.288238e+00
1.548005e+04
2.209737e-04
3.602383e+02
8.787113e-01
2.201569e-01
2.218073e+00
3.746614e-01
2.832232e+00
1.537840e+04
3.849737e-01
1.436004e+03
2.039698e-01
6.429032e-02
7.022875e-03
3.848136e+01
7.437695e-01
5.900420e-01
4.738921e+00
3.890440e+01
3.348100e-02
9.826974e+00
2.452228e+00
4.848954e-01
2.106968e+00
8.158219e-04
5.086884e-03
7.132161e-03
1.569069e-05
4.011353e-02
5.872281e+00
3.762896e-05
3.504130e-02
2.702851e+00
1.729892e+02
