5.256406e-01
1.184247e+03
2.280094e+01
2.238517e+01
3.454432e+01
2.983219e+01
1.686166e+00
1.419743e-04
2.547457e-03
4.469317e-04
1.130496e+01
1.315411e+05
2.146385e+01
3.870342e-03
2.494299e-02
7.842640e-03
8.220230e-02
6.516431e+05
5.689594e-03
2.645722e+02
3.475463e-01
4.592722e+05
8.771089e+00
1.295340e+01
9.259261e-03
1.404768e-01
3.831628e+02
7.128572e+02
4.885017e+01
3.756430e+01
4.973191e-02
1.895128e+04
4.660790e+01
1.104563e+02
1.846600e+00
1.596917e+03
1.538456e+00
2.674375e-03
9.368159e-04
4.548146e-05
3.446477e+01
2.187579e+05
2.733532e-02
5.975436e+02
9.459938e-01
3.802144e-01
1.415919e+00
2.248424e-01
1.566369e+00
7.393661e+03
2.496698e-02
5.393726e+02
8.073147e-02
1.031360e-01
1.270675e-02
1.111130e+02
1.238753e+00
3.882239e-01
2.384456e+00
3.881445e+01
1.378639e-02
1.634976e+01
1.647578e-01
1.175043e+00
1.633672e+00
2.900861e-04
3.810397e-03
2.457685e-03
7.429703e-05
2.661174e-02
3.723498e-01
9.926360e-06
1.559107e-02
1.790902e+00
1.528068e+02
