4.360192e-02
3.766810e+02
1.580228e+01
2.876892e+01
4.347562e+01
7.343138e+01
2.053337e+00
8.602470e-05
3.611340e-03
6.902429e-03
5.018254e+00
1.054709e+05
9.005691e+00
1.542920e-04
2.677558e-02
1.642639e-01
4.553337e-02
2.255017e+06
2.283218e-03
6.439232e+02
6.479082e-01
5.281124e+04
2.555099e+01
1.229667e+00
2.191616e-02
1.790936e-01
1.685418e+02
1.952318e+02
9.560902e+00
1.459716e+02
1.245237e-01
6.417370e+03
6.722201e+01
3.650336e+01
3.935484e-01
6.473547e+02
1.751657e+00
4.487462e-03
9.826150e-04
1.286747e-04
2.188967e+00
1.539806e+03
1.177307e-03
4.978535e+02
1.728637e+00
3.523973e-02
2.456276e+00
9.619689e-01
6.918141e-01
3.649800e+03
8.919351e-02
1.152079e+03
1.527262e-01
8.935132e-03
6.387373e-03
5.265661e+01
9.843999e-01
6.855283e-01
4.778313e-01
3.218307e+01
8.378401e-03
5.465386e+01
4.844475e-01
1.312002e+00
1.971058e+00
3.479636e-04
4.770567e-03
3.268108e-03
1.499572e-05
4.417099e-02
3.689891e-01
1.674005e-05
2.705445e-02
2.197931e+00
4.997372e+02
