1.008132e+01
2.605872e+03
4.067220e+02
3.069934e+02
1.479028e+02
5.134560e+00
1.813939e+00
2.378463e-04
4.484183e-02
6.470282e-03
4.164400e+02
1.022345e+04
6.604270e+00
9.449618e-04
4.767764e-01
2.605094e+00
5.618445e-03
7.355987e+07
8.924628e-03
1.905917e+01
2.011380e-02
2.951607e+02
5.890223e+02
1.505738e+00
3.930104e-01
8.600892e-01
1.923118e-01
5.579602e+01
6.879337e+00
9.215736e+02
1.149833e+00
2.131269e+06
6.284492e+00
1.237071e+03
4.830471e+01
7.252455e+01
1.711794e+00
1.786436e-01
5.411832e-03
7.995276e-04
5.312243e-01
7.590114e+04
2.129674e-02
3.690967e+02
9.011867e+01
7.037924e+00
2.670810e-01
8.741169e-03
1.281699e+00
2.045646e+04
6.387391e+00
2.670660e+04
3.051787e-01
1.743531e-01
1.670815e-01
1.580784e+03
3.222552e+00
1.934380e-02
3.767395e+01
6.135645e+02
6.975847e-04
1.753531e+00
1.657183e+01
5.607204e-02
3.572398e+00
2.790244e-04
1.097874e-01
5.286646e-05
1.880150e-03
3.467077e-01
3.768925e+01
4.064113e-06
9.902873e-01
1.453242e+00
7.586647e+01
