2.184083e-01
5.621699e+02
4.746577e+01
6.519627e+02
4.788010e+02
5.927017e+03
1.619546e+00
1.261025e-04
9.881678e-04
4.774265e-02
1.671428e+01
8.167110e+05
2.612324e+00
1.018206e-03
3.493857e-02
5.046467e-01
2.805100e-02
5.166077e+05
2.447330e-04
1.541205e+02
5.545280e-02
2.478157e+04
4.563608e+00
1.584207e+00
8.317757e-01
4.177876e-01
1.072340e+02
9.896910e+01
2.359721e+02
3.283298e+02
4.723858e-02
5.147666e+05
4.688417e+00
5.126956e+00
4.217835e+00
1.709904e+03
1.029501e+00
1.484871e-03
1.960431e-03
1.631693e-05
4.957191e+00
6.711631e+05
4.821186e-05
6.516923e+02
2.742560e-01
1.091382e-01
1.995147e+00
1.215204e-01
1.079392e-02
9.291077e+02
7.639794e+00
4.272865e+03
6.609721e-02
2.568639e-03
3.025088e-02
2.333658e+01
1.568027e-01
1.018485e+00
9.633229e+00
1.310762e+01
6.564791e-02
2.170516e+02
1.141768e+00
1.221684e+01
2.151882e+00
2.353019e-05
3.085549e-05
2.205116e-04
4.120966e-06
1.714249e-02
4.941145e+00
2.344521e-04
3.498486e-03
1.406840e+00
1.801696e+02
