1.041073e+00
1.728253e+02
6.133144e+01
8.061517e+00
2.053959e+01
4.452920e+00
2.816806e+00
8.134617e-04
2.461211e-04
5.416843e-03
3.633916e+00
7.906006e+03
3.629856e-01
9.124462e-05
6.845020e-03
1.520555e-01
8.603847e-03
2.614054e+06
1.837908e-04
5.320859e+02
9.100040e-01
1.975472e+06
1.601881e+01
5.908119e-01
2.588459e-02
3.013345e-01
1.076691e+00
7.947723e+01
1.439949e+00
3.269335e+00
8.779939e-02
3.999888e+04
8.128066e+01
5.179477e+01
1.580856e+01
7.431084e+02
1.158944e+00
3.315418e-03
1.647304e-03
2.012380e-03
2.561095e-01
7.109646e+03
7.748597e-04
1.044221e+01
3.540321e-01
1.341961e-02
3.692480e-02
7.997907e-01
2.921590e+00
1.107565e+03
1.126424e-02
4.650398e+03
1.319912e-02
4.212117e-01
1.629964e-04
3.383067e+00
2.236429e-01
2.954179e-01
1.012610e+00
3.412770e+00
8.197796e-03
2.128452e+01
3.108697e-02
2.518822e-02
1.691651e+00
1.014731e-04
3.191982e-04
1.955655e-03
3.439651e-06
9.484310e-03
4.409860e+00
2.709555e-06
2.883206e-01
1.593871e+00
8.961570e+01
