3.312522e-02
9.310605e+01
1.371204e+01
6.327754e+00
9.394945e+02
1.374027e+04
1.648303e+00
2.606836e-04
1.243116e-04
2.680678e-05
3.112768e+01
3.029000e+04
5.682127e+01
1.482977e-05
1.241407e-01
6.091475e-03
2.248698e-03
1.215977e+05
1.225662e-04
1.172128e+01
9.278743e-01
2.102072e+06
2.241073e+00
1.951401e-02
1.120014e-01
1.638704e+00
2.027468e+00
2.763340e+01
7.614396e-02
1.205309e+00
1.680105e+00
1.052362e+05
3.222427e-01
8.906395e-01
3.471040e+00
3.376285e+01
1.344215e+00
6.858207e-02
1.621228e-02
1.012866e-04
1.786143e+02
6.993262e+05
7.037388e-04
3.540163e+03
7.529623e-02
4.661168e-02
1.817492e-02
2.043228e+00
5.057835e-01
1.565578e+04
4.228527e-02
4.140440e+01
4.760865e+00
1.337643e-03
3.658026e-03
4.598677e-01
5.346783e-02
1.801431e-02
1.732845e+00
2.156073e+03
3.981290e-03
1.195221e+01
3.909996e-01
6.261110e+00
1.191812e+00
4.471105e-03
2.112333e-02
5.083124e-04
5.899887e-05
6.929475e-02
3.708117e-02
1.828045e-04
7.214132e-01
3.480530e+00
2.349229e+02
