1.025497e+00
3.140190e+03
1.204784e+01
1.154023e+01
3.293357e+00
8.231710e+01
2.105683e+00
2.047158e-04
1.246183e-03
1.575271e-03
2.074570e+00
3.190758e+05
8.718048e-01
4.493303e-03
1.201488e-02
5.921032e-03
3.865224e-02
5.616365e+05
1.302206e-03
1.664353e+02
3.804789e-02
6.022861e+03
3.581756e+01
3.250519e-01
3.162784e-03
7.160985e+00
2.078703e+02
4.209938e+01
4.162846e+00
9.708649e+01
1.139887e+00
1.728856e+05
1.350234e+01
8.697017e+01
1.905308e-01
2.813632e+02
1.163197e+00
1.071304e-03
2.042291e-03
5.096761e-04
6.843893e+01
9.390377e+04
7.020495e-05
1.484398e+02
2.285733e+00
5.080745e-03
3.300664e+00
1.309234e+00
2.487420e+00
7.948066e+03
6.097871e-02
1.268654e+03
4.675329e-01
1.272890e-03
4.440889e-04
3.885509e+00
2.372007e+00
3.458441e-02
1.146362e+00
4.359222e+02
7.297398e-03
1.196784e+01
6.276743e-01
3.364528e+00
1.139517e+00
1.619039e-05
2.804990e-03
3.803319e-04
2.267809e-04
1.124643e-03
2.384127e+01
2.005000e-06
6.182435e-03
1.814301e+00
1.253281e+02
