1.508968e-02
2.808280e+03
3.764069e+01
3.274450e+00
8.569172e-01
3.506353e+00
2.747570e+00
1.083916e-03
2.589118e-04
9.343289e-02
6.968210e+01
5.332715e+03
6.163264e-02
5.055744e-03
6.771334e-03
3.893421e-03
1.189835e-02
9.510651e+06
1.135216e-04
2.554088e+01
4.555780e-02
6.965965e+05
3.103237e-01
4.599849e-01
1.320215e+00
1.537166e-01
4.218864e+02
7.046254e+02
1.633066e+02
1.368791e+01
1.031706e-02
2.161348e+03
1.866070e+01
6.093490e+02
9.724982e-01
5.653610e+00
1.107667e+00
3.628562e-03
1.805750e-03
1.338837e-03
1.220470e+00
2.945788e+05
1.350068e-05
1.478582e+01
1.637024e+00
9.293445e-02
6.947834e-03
1.204451e-01
6.459272e-01
4.688470e+03
3.697303e-02
5.219766e+01
6.171879e-01
1.972715e-01
2.666386e-02
5.784747e+02
2.305788e+00
5.028752e+00
1.693618e-01
2.491633e+02
1.061820e-03
5.225474e+01
6.884610e-02
3.729468e-02
1.962279e+00
8.379812e-06
4.292660e-04
4.007193e-03
2.979917e-04
1.227265e-01
4.460606e-02
1.507873e-03
8.258723e-04
1.935034e+00
5.710215e+03
