3.863562e-01
3.704724e+03
1.574961e+01
1.919303e+02
2.948979e+02
7.963212e+02
2.582230e+00
6.321316e-04
4.228913e-04
1.650498e-05
3.185292e+00
1.653780e+04
1.022332e+00
7.499457e-03
1.810853e-03
2.241549e-03
1.850089e+00
6.036254e+04
4.130084e-03
4.066778e+01
5.168255e-02
1.257291e+05
5.083605e+00
1.406300e+00
2.061491e-02
4.207307e-01
4.854327e+01
3.845987e+01
3.336443e-01
3.047718e+00
2.912730e+00
5.694062e+04
2.516475e+02
2.229056e+02
1.024991e-01
4.334890e+01
1.290455e+00
3.643961e-03
8.194761e-04
1.113901e-04
1.784605e+00
3.765123e+04
3.444314e-04
5.572293e+02
1.364824e+00
1.572463e-02
2.337684e-01
7.650615e-03
9.451169e-02
1.163313e+03
6.513467e-01
5.267651e+02
2.779279e-02
2.027675e-03
8.686707e-04
2.131411e+01
1.632376e+00
7.130069e-01
8.039861e-01
3.850816e+01
5.900140e-03
1.246796e+01
2.173105e+00
7.594050e-01
1.156502e+00
1.526110e-05
4.448493e-04
1.789127e-04
6.607777e-05
1.585389e-03
3.276787e-02
2.040532e-06
1.025769e-03
2.617098e+00
2.478072e+02
