1.592337e-01
1.710285e+03
3.246723e+01
1.677345e+02
4.177921e+01
9.183162e+00
2.607796e+00
5.083611e-04
2.627026e-03
8.323698e-04
1.054511e+01
1.729308e+04
1.994637e+00
3.164248e-03
4.456914e-02
5.564963e-01
1.982830e-01
5.698208e+05
6.976713e-03
2.076774e+03
7.917905e-01
6.145758e+05
1.070651e+02
6.581559e-01
6.112635e-03
5.638629e-02
1.631027e+02
8.706054e+02
2.487440e+01
2.729151e+01
3.375021e+00
3.189597e+04
1.618129e+00
2.216183e+01
6.200094e-01
6.373055e+01
1.640335e+00
2.686525e-02
7.383853e-04
1.001471e-04
1.044139e-01
3.977080e+03
1.708839e-04
3.048662e+02
8.877514e-01
6.808580e-02
2.635852e+00
2.341687e-01
1.808252e+00
1.264589e+03
2.078245e-02
1.587372e+04
3.564876e-02
1.532730e-02
3.975095e-03
2.638055e+00
4.087056e-01
2.568829e-01
2.046651e+00
7.845408e+00
3.395247e-02
4.687729e+01
5.882125e-01
7.696044e-01
1.737787e+00
4.292739e-05
1.931430e-03
6.362871e-03
9.462983e-05
3.049939e-02
1.790548e+01
2.308515e-05
6.261096e-03
2.289208e+00
3.829811e+02
