1.195256e+00
4.790524e+03
1.553610e+01
4.216598e+00
3.822532e+00
1.030342e+02
2.424716e+00
2.958419e-04
1.634352e-03
1.083572e-03
1.909699e+00
4.952579e+05
4.554233e+00
1.743026e-03
3.276608e-02
1.315771e-02
2.471565e-02
1.759902e+05
4.898695e-03
1.943207e+02
1.475802e-01
1.356754e+04
6.732392e+00
1.120704e-01
1.742853e-03
1.129778e+01
9.381251e+02
4.233127e+01
1.282102e+01
9.538290e+01
8.906751e-01
1.636779e+04
3.643414e+01
6.576654e+00
4.777313e-01
6.930626e+01
1.148384e+00
1.241476e-03
1.634051e-03
3.182145e-04
5.685180e+01
1.927943e+05
2.750824e-05
1.437004e+02
8.735132e+00
2.906954e-03
2.260650e+00
9.970621e-01
3.168051e-01
1.370546e+04
5.136784e-02
1.730222e+03
2.803788e-01
1.844877e-03
1.241242e-03
9.322842e+00
1.160361e+00
2.709624e-02
6.789395e-01
1.648782e+02
5.889942e-03
1.206156e+01
7.099543e-01
1.798911e+00
1.532578e+00
1.505324e-05
6.056536e-04
3.931606e-04
7.097189e-05
5.229767e-03
1.696952e+01
2.880187e-06
1.856154e-03
1.654480e+00
1.621571e+02
