2.102242e-01
2.438464e+02
2.276986e+01
1.273400e+01
4.919145e+01
1.926180e+01
1.594304e+00
9.816929e-05
2.449956e-03
8.537231e-04
7.319280e+00
3.324055e+03
3.709805e+00
5.304027e-04
6.872040e-02
2.931670e-01
4.578712e-01
3.585210e+04
1.286594e-02
1.949695e+02
7.051650e-01
2.570085e+04
9.836131e+00
1.831398e-01
9.427165e-03
2.727402e-01
2.009097e+01
2.108134e+02
1.484996e+00
8.351355e+00
1.540781e+00
6.495860e+03
2.828455e+01
2.349429e+01
4.814709e-01
2.778881e+01
1.671154e+00
3.055562e-03
1.730601e-03
3.163071e-04
1.654586e+01
1.009408e+05
4.188702e-04
6.666762e+01
1.549895e+00
3.337562e-02
5.159170e+00
8.072724e-02
8.702956e-01
2.066702e+03
8.751008e-02
2.085185e+01
1.039875e-02
1.297146e-02
4.405262e-04
9.467860e+00
2.709974e+01
3.330364e-01
4.588168e-01
1.755105e+02
4.289347e-03
7.940036e+00
2.639264e+00
1.433853e+00
1.526550e+00
2.220151e-03
9.144747e-03
1.583911e-04
2.519554e-05
3.602177e-03
1.095797e+00
1.170843e-04
9.907341e-02
2.874737e+00
2.183284e+02
