4.141953e+00
1.298672e+03
1.362183e+01
3.055510e+02
1.171969e+02
2.065822e+02
2.469401e+00
2.656549e-05
2.857102e-03
1.368583e-03
5.551899e-01
3.222768e+03
9.287926e-02
1.493976e-03
4.041924e-01
2.590496e-03
6.725880e-02
9.939388e+04
5.158817e-04
1.869809e+02
6.596493e-01
4.859601e+05
4.453623e+01
6.784893e+00
7.746040e-03
1.410247e-01
1.050851e+02
3.222419e+03
5.506281e+01
1.448791e+01
7.961333e+00
1.334306e+05
5.352294e-01
7.499691e+01
4.043287e+00
3.287243e+01
1.818522e+00
4.901745e-02
8.734016e-04
3.097655e-05
6.451544e+00
5.674470e+04
7.693076e-05
1.033628e+03
3.505043e-01
3.684020e-01
2.460083e+00
1.297876e-01
6.612330e-01
1.422644e+04
4.692650e-01
3.801688e+03
3.107897e-02
1.182875e-01
1.588173e-02
1.071457e+02
3.575687e-01
3.266688e-01
7.668236e-01
4.377485e+00
6.058530e-03
3.153575e+01
1.841546e-01
1.577443e+01
2.040138e+00
7.346822e-05
1.262284e-03
1.724058e-02
8.828002e-06
1.418059e-01
1.125335e+00
1.262813e-04
4.108602e-03
1.744002e+00
3.074905e+01
