1.290648e+00
2.042359e+03
1.583752e+01
8.245922e+00
4.172138e+00
6.621988e+01
2.391815e+00
3.972094e-04
9.812989e-04
6.079110e-04
1.597995e+00
2.577374e+05
2.216506e+00
4.861798e-03
1.177071e-02
1.547394e-02
1.200119e-02
5.722768e+05
1.906762e-03
5.599159e+01
9.267370e-02
5.891253e+03
2.879572e+01
7.461619e-02
2.119171e-03
7.973536e+00
1.622748e+02
4.850196e+01
9.370727e+00
7.314712e+01
6.831676e-01
4.108282e+04
4.005696e+01
1.078066e+01
7.786301e-02
4.856383e+02
1.233828e+00
1.134463e-03
1.666250e-03
1.803342e-04
8.322277e+01
1.629229e+05
1.851164e-05
1.270901e+02
3.184001e+00
3.935484e-03
3.114910e+00
1.213608e+00
3.067740e-01
4.924993e+03
6.392260e-02
1.525921e+03
1.408752e-01
8.531861e-04
8.921561e-04
6.708100e+00
9.978073e-01
1.826462e-02
3.451460e-01
9.187992e+01
1.051949e-02
3.708335e+00
2.182727e-01
1.627228e+00
1.163649e+00
1.450819e-05
1.170713e-03
1.850463e-04
8.225260e-05
3.701821e-03
1.443731e+01
7.896945e-07
2.929023e-03
1.616630e+00
1.133202e+02
