3.502735e-01
3.505575e+03
2.578928e+01
2.135232e+01
3.171895e+02
6.765332e+01
1.782693e+00
2.216512e-04
1.569833e-03
3.277334e-04
3.877507e+00
1.221394e+05
9.404549e-01
1.557432e-04
1.576447e-02
6.993905e-01
1.725606e+00
9.159914e+04
5.451304e-03
1.571480e+02
1.970144e-01
1.989953e+04
4.996676e+00
7.943669e-01
3.835368e-03
5.925688e-02
1.823142e+01
1.158405e+03
1.157714e+00
1.327776e+01
1.145001e-01
1.843291e+04
2.326719e+00
3.264764e+01
1.535434e-01
1.355585e+03
2.283776e+00
1.382083e-03
1.288866e-03
2.268285e-04
4.969032e+01
5.631480e+05
4.632623e-04
6.709026e+01
1.720352e-01
8.259215e-02
1.155546e+00
9.905806e-02
2.828574e+00
1.301523e+04
2.135955e-02
4.771362e+02
4.143005e-01
4.118380e-02
1.174700e-03
3.386031e+01
4.393136e-01
3.817543e-02
8.855072e-01
2.818110e+00
1.371754e-02
2.058358e+01
9.423513e+00
3.261567e-01
1.769492e+00
1.180050e-03
3.922337e-03
1.205119e-03
1.940448e-05
1.009122e-02
7.083111e-01
1.152156e-04
5.326516e-02
2.028782e+00
4.480745e+02
