1.940955e-01
4.027648e+02
2.236875e+01
7.838680e+00
9.578623e+00
1.519007e+02
2.826689e+00
5.113573e-05
1.263480e-02
9.773314e-04
4.644818e+01
7.820885e+03
3.269793e+00
2.461549e-04
1.105548e-03
2.483374e-01
4.093981e-02
2.022901e+06
6.894550e-03
1.271952e+03
1.198286e+00
5.010542e+03
1.816045e+02
3.629597e+00
2.309674e-02
1.326490e-01
4.307853e+02
5.792548e+01
2.436512e+02
4.704115e+00
1.471936e-02
5.102169e+03
1.335725e+01
1.324772e+03
4.323850e+01
3.245051e+03
1.611763e+00
5.823699e-02
3.752764e-04
5.321150e-05
4.704764e+00
2.151149e+05
5.238536e-04
8.944953e+03
9.572030e+01
5.253292e-02
4.480239e+00
2.494948e-02
3.221491e-01
7.225044e+04
2.978969e-01
3.158913e+02
1.395848e-01
1.353624e-01
2.710742e-04
7.411931e+01
1.184451e+01
8.011267e+00
2.953656e-01
1.605378e+02
2.340294e-02
6.752827e+00
1.640403e+00
1.718777e+00
2.457625e+00
3.426000e-04
1.210805e-04
4.292388e-03
8.781404e-06
2.925139e-03
3.993883e-02
4.293541e-04
5.830746e-02
2.474878e+00
2.047509e+02
