2.544501e-01
6.048706e+02
2.183381e+01
2.859857e+01
1.366544e+02
1.678733e+02
1.756076e+00
9.541562e-05
1.644357e-03
2.394219e-03
8.689330e+00
6.006313e+04
1.515321e+00
3.274522e-03
3.746238e-02
2.752011e-02
1.971446e-01
1.402267e+05
6.479752e-03
1.824851e+02
9.243619e-02
3.008700e+04
1.729768e+01
6.741497e-01
5.041737e-03
2.207207e-01
9.413306e+00
1.963441e+01
2.019230e+00
8.460596e+00
1.464958e+00
5.093029e+04
3.580332e+00
8.552261e+00
1.480145e-01
2.756959e+02
1.555744e+00
7.172591e-04
3.184030e-03
7.984811e-05
3.420841e+00
1.015105e+05
1.186530e-04
7.001777e+02
1.669359e+00
8.496873e-02
1.148284e-01
4.216750e-02
5.527707e+00
5.560675e+03
3.816895e-02
1.074921e+04
1.198547e+00
5.593918e-03
3.189525e-04
1.488850e+01
2.100092e-01
2.420534e-02
3.754694e-01
2.419641e+01
1.060243e-03
1.402099e+01
6.205571e-01
4.176453e-02
1.527111e+00
9.713083e-05
1.342646e-04
2.836039e-03
1.144617e-05
1.576801e-03
1.760763e-01
5.081334e-05
3.335320e-02
1.667824e+00
2.052878e+02
