3.142378e-01
3.067460e+02
2.981850e+01
4.520398e+02
3.688501e+02
4.607121e+03
1.721031e+00
5.917416e-05
1.055589e-03
4.616045e-02
8.931775e+00
1.080649e+06
2.213614e+00
5.212010e-04
5.160764e-02
6.408942e-01
5.259994e-02
3.438795e+05
1.201190e-04
1.739903e+02
4.675034e-02
2.588961e+04
3.150619e+00
1.242268e+00
7.124007e-01
5.712890e-01
6.425354e+01
9.533570e+01
1.564530e+02
1.652468e+02
4.966207e-02
2.108663e+05
4.941395e+00
2.560786e+00
5.040808e+00
3.064354e+03
1.050719e+00
1.115083e-03
3.142690e-03
2.871033e-05
4.029553e+00
5.184688e+05
2.786396e-05
7.574789e+02
2.347419e-01
5.480425e-02
1.281693e+00
1.233008e-01
1.290509e-02
9.907553e+02
4.316504e+00
3.236934e+03
5.216230e-02
4.669757e-03
1.709595e-02
1.619736e+01
1.339567e-01
1.337502e+00
9.137848e+00
1.650739e+01
7.335527e-02
2.138102e+02
2.369774e+00
1.472897e+01
2.114794e+00
1.846673e-05
2.795864e-05
1.533222e-04
3.228002e-06
1.727670e-02
2.357289e+00
1.579435e-04
4.925893e-03
1.375683e+00
1.304696e+02
