3.796359e-01
2.374936e+03
3.355740e+01
3.798689e+01
4.278519e+01
1.358754e+01
1.988087e+00
1.978438e-04
4.980632e-03
2.305006e-03
6.698188e+00
1.008252e+04
4.353728e-01
4.335717e-03
2.977164e-02
6.871323e-03
4.431435e-02
5.127273e+05
3.754301e-03
3.449321e+01
2.170617e-01
4.938238e+04
3.046788e+01
8.600650e-01
4.321450e-02
7.978543e-02
3.574952e+02
3.222219e+02
2.371727e+01
7.064463e+00
7.010067e-01
3.996554e+04
2.334158e+00
5.921242e+01
4.129371e-01
1.754921e+01
1.601009e+00
8.299597e-03
1.030194e-03
1.196070e-04
1.236987e+01
3.027487e+04
1.335296e-04
1.477802e+02
2.664650e+00
1.793473e-02
1.506069e-01
7.628157e-02
2.302100e-01
4.169734e+03
4.342790e-02
2.975741e+02
2.648850e-01
5.550501e-02
8.210272e-03
3.722662e+01
3.675994e-01
2.798068e-01
6.343326e-01
2.438398e+01
2.766747e-03
2.146007e+01
5.913888e-01
1.569373e-01
1.463109e+00
2.082718e-04
6.297525e-04
2.788851e-03
1.811921e-05
2.627144e-02
1.791899e-01
4.001718e-04
2.496757e-03
2.422244e+00
2.116582e+02
