2.301263e-01
2.992816e+02
4.843559e+01
6.716056e+02
2.876534e+02
5.252535e+03
1.674460e+00
1.429404e-04
9.891311e-04
5.035143e-02
1.287115e+01
5.698625e+05
1.825131e+00
7.736531e-04
3.778442e-02
5.073890e-01
3.327821e-02
4.440666e+05
1.881779e-04
2.155261e+02
4.929075e-02
1.827699e+04
5.105094e+00
1.292328e+00
5.110312e-01
4.785702e-01
8.347199e+01
6.412346e+01
1.545022e+02
1.847602e+02
3.738159e-02
2.491016e+05
4.823875e+00
3.934404e+00
4.605014e+00
2.031236e+03
1.034761e+00
1.348566e-03
2.205545e-03
2.453000e-05
5.134953e+00
7.042406e+05
4.073984e-05
4.436947e+02
2.186848e-01
1.074920e-01
1.681427e+00
1.477728e-01
1.026160e-02
7.856397e+02
4.932510e+00
3.603790e+03
6.748350e-02
4.595347e-03
2.019319e-02
1.596651e+01
1.761827e-01
1.639375e+00
7.505504e+00
1.355549e+01
6.874530e-02
1.790127e+02
1.518565e+00
1.317068e+01
2.146709e+00
2.069392e-05
2.570581e-05
1.601957e-04
2.996242e-06
1.826972e-02
4.354480e+00
1.493297e-04
5.256393e-03
1.392772e+00
1.634667e+02
