1.141032e+00
1.872782e+03
1.671942e+01
1.171908e+01
4.547191e+00
7.703847e+01
2.303123e+00
1.930394e-04
8.419025e-04
9.125913e-04
2.965681e+00
3.068979e+05
9.364134e-01
5.273425e-03
5.926172e-03
5.842014e-03
2.893891e-02
3.570647e+05
1.591804e-03
1.222243e+02
3.574016e-02
4.364463e+03
4.718653e+01
1.566743e-01
3.882059e-03
1.159312e+01
1.076090e+02
4.403256e+01
2.158819e+00
5.947719e+01
1.056367e+00
1.420879e+05
1.312362e+01
3.624036e+01
5.539699e-02
2.942786e+02
1.095280e+00
1.124137e-03
1.881877e-03
6.582385e-04
8.945719e+01
1.492984e+05
4.766036e-05
6.167866e+01
2.320084e+00
4.795781e-03
3.820808e+00
1.122948e+00
8.209912e-01
4.884000e+03
1.095846e-01
6.986094e+02
4.287799e-01
8.096139e-04
9.254836e-04
6.359169e+00
3.533306e+00
3.249349e-02
8.593466e-01
4.243209e+02
8.486498e-03
4.026378e+00
5.254026e-01
3.845521e+00
1.069023e+00
2.729211e-05
3.031590e-03
1.988380e-04
1.259540e-04
1.494993e-03
1.621032e+01
1.418164e-06
7.066354e-03
1.774093e+00
1.228573e+02
