2.502458e+00
6.179842e+03
8.618114e+01
1.190554e+02
6.697713e+01
4.430358e+01
1.990495e+00
2.208422e-04
3.981168e-03
4.753003e-03
1.437028e+01
3.074369e+04
7.880935e-01
2.439171e-03
5.056356e-02
4.259729e-02
3.953901e-02
6.329979e+05
6.176623e-03
4.122581e+01
6.892862e-01
1.737604e+05
1.957569e+01
4.021313e+00
6.321301e-02
1.651382e-01
2.102515e+02
5.742069e+02
4.693762e+01
1.238032e+01
1.153180e+00
3.697274e+04
1.479382e+01
2.356611e+02
5.006008e-01
2.764359e+01
1.705044e+00
1.953675e-02
9.657437e-04
2.484531e-04
8.427832e+00
1.911256e+04
1.739246e-04
1.816889e+03
1.096869e+00
1.934229e-02
1.716069e-01
2.036499e-02
2.125037e-01
3.001107e+03
8.092135e-02
5.400791e+02
7.421055e-01
3.479108e-01
5.356488e-03
1.312151e+02
1.830326e+00
8.036614e-01
7.256148e-01
4.166466e+01
4.454711e-03
2.332172e+01
1.430622e+00
1.058321e+00
1.801666e+00
7.914681e-04
4.769303e-04
1.918417e-03
2.108434e-05
1.135915e-01
1.024019e-01
4.288452e-04
2.512096e-02
2.401320e+00
1.261062e+02
