1.777245e-01
4.307291e+03
5.150088e+01
6.411634e+01
3.638592e+01
1.049184e+01
2.800266e+00
6.589176e-04
2.017141e-03
4.807448e-04
5.215037e+01
3.370794e+03
1.982468e+00
5.257890e-03
1.711874e-02
1.257270e-01
1.666167e-01
6.266671e+05
1.125416e-02
2.731102e+03
3.527321e+00
4.156440e+05
6.791501e+02
1.441922e+00
8.472312e-03
1.083654e-01
2.453788e+02
1.622044e+03
1.671738e+01
1.427373e+01
3.601071e+00
1.404453e+04
6.921833e-01
1.022135e+02
1.641962e+00
4.983102e+01
1.989520e+00
7.496374e-02
6.872418e-04
1.626084e-04
5.118486e-01
9.428367e+03
7.135222e-04
2.822811e+02
2.756684e+00
2.293894e-01
7.193664e-01
6.588472e-02
4.629746e+00
3.483293e+03
7.915732e-02
3.506094e+04
2.732755e-02
3.130087e-02
1.198980e-03
4.371352e+00
7.556897e-01
6.289764e-01
1.482363e+00
1.042082e+01
4.345003e-02
5.952553e+01
7.585183e-01
4.258361e-01
1.473626e+00
2.556160e-05
2.089000e-03
7.885000e-03
6.941938e-05
3.569701e-02
6.605973e+00
1.930956e-05
1.021673e-02
2.990184e+00
4.162567e+02
