3.428484e-03
2.199661e+03
3.677058e+01
3.788466e+02
2.924109e+03
1.755117e+02
3.563438e+00
5.482371e-05
1.916269e-01
6.895708e-02
3.908551e+00
7.672547e+03
3.050286e-01
4.086204e-04
2.786858e-02
1.146954e-01
3.387335e-01
2.034356e+07
8.677869e-05
2.114713e+03
1.663914e+00
2.204575e+05
2.014616e+01
9.941791e-02
1.776281e-01
1.247994e+01
1.348710e+01
8.231731e+02
2.924823e-01
5.156574e+00
3.091363e-01
7.210143e+05
5.284819e+00
3.610652e+00
2.208168e+01
1.404309e+02
2.231459e+00
2.758849e-03
1.044347e-03
1.386819e-05
9.650884e-01
1.967332e+03
2.634723e-04
9.320473e+01
3.993579e+00
1.572416e-03
2.444978e+01
1.173679e-02
2.421694e+00
4.014901e+03
2.234801e-01
2.418364e+01
1.196660e-02
2.225782e-02
4.463895e-05
7.726875e+00
2.282457e-02
1.096800e+01
6.455087e+00
1.345047e+00
2.060919e-02
1.684236e+02
3.806351e+00
6.374901e+01
1.328334e+00
5.888973e-04
3.836327e-03
5.180088e-03
1.768068e-06
5.412315e-03
2.413877e+00
8.700764e-05
5.709452e-03
1.604342e+00
1.203719e+04
