2.360746e-01
1.601740e+02
2.920826e+01
4.101157e+01
2.445293e+00
8.514473e+01
2.005547e+00
9.672949e-05
9.305784e-04
3.427947e-03
2.282624e+00
1.303595e+04
7.663335e-01
2.504604e-04
6.257600e-03
1.064503e-02
1.417169e-02
3.975255e+05
8.058445e-04
6.139688e+01
2.967075e-02
1.532045e+04
2.994938e+00
7.422100e-02
2.707374e-02
1.571941e-01
4.497997e+00
1.950250e+02
9.070149e-01
1.870547e+00
2.240250e-01
2.483532e+03
4.974422e+00
1.672318e+00
3.133054e-01
5.169204e+01
1.334063e+00
1.388249e-03
8.536686e-03
6.704785e-05
9.195404e+00
1.875307e+03
7.971865e-05
7.665053e+01
8.415229e-01
6.854871e-03
1.708557e-01
3.962929e-02
1.408710e-01
3.176653e+03
5.132257e-01
6.085790e+02
2.525807e-02
9.078246e-03
2.896216e-04
4.956664e-01
3.060380e-01
2.580679e-01
5.318841e+00
1.039784e+01
7.647684e-03
2.104426e+00
1.642362e-01
1.351257e-01
1.614788e+00
5.701779e-05
1.240267e-03
2.274728e-03
2.051307e-06
1.346580e-02
5.228767e-01
6.765592e-05
5.846703e-04
2.407264e+00
2.193262e+02
