2.618794e-01
9.792779e+02
1.009225e+01
1.013019e+01
2.905178e+01
2.006509e+01
2.206470e+00
1.003996e-04
3.231633e-03
2.918790e-03
5.960465e+00
2.268472e+04
5.291581e-01
3.073948e-03
7.200988e-02
1.125994e-01
4.510167e-01
3.361302e+05
1.316510e-03
2.809581e+02
6.546570e-02
3.739601e+04
9.036540e+00
2.919021e-01
1.080123e-02
2.261275e-01
7.693111e+00
8.178388e+02
2.090932e+00
1.201264e+01
7.799490e-01
1.331027e+04
6.701650e+00
3.288183e+00
2.803362e-01
2.349523e+03
2.288248e+00
2.669797e-03
7.335370e-04
3.567318e-05
5.286428e+01
1.794690e+04
7.766715e-05
2.176634e+02
6.160703e-01
2.602474e-02
1.522963e+00
5.431785e-02
4.778747e+00
1.376255e+04
2.214600e-02
5.011411e+02
3.862811e-01
1.288314e-02
1.390326e-03
2.215642e+00
3.908161e-01
1.981830e-01
1.086315e+01
3.701873e+01
1.571800e-02
5.125964e+01
4.684070e-01
6.764806e-01
1.466567e+00
6.394851e-04
3.759744e-03
2.254393e-04
5.757571e-05
4.889738e-02
2.579994e-01
1.990200e-05
1.634339e-02
2.076353e+00
1.751876e+02
