3.428484e-03
1.319146e+03
2.705605e+01
4.251111e+00
2.924109e-01
1.690474e+00
2.552682e+00
6.973666e-04
5.697762e-04
4.590194e-02
1.911499e+01
7.902981e+03
2.992347e-02
8.041475e-03
6.118235e-03
2.402535e-03
5.686925e-03
3.152933e+06
5.942790e-05
6.139552e+01
3.371011e-02
3.722515e+05
1.559214e-01
3.293500e-01
2.576638e-01
7.439956e-02
1.771738e+02
5.514300e+02
5.081103e+01
4.615707e+00
1.704092e-02
2.131269e+02
1.272871e+01
3.019390e+02
5.776361e-01
1.859761e+00
1.000000e+00
2.116418e-03
7.609570e-04
2.810907e-04
3.889024e-01
1.913180e+05
5.973150e-06
5.285524e+00
2.867797e-01
2.285075e-02
7.006839e-03
2.375855e-02
6.683134e-01
5.172755e+02
5.746962e-03
1.157116e+01
5.553190e-01
1.035331e+00
3.118344e-02
2.082071e+02
6.257320e+00
5.793420e+00
2.335459e-02
2.078557e+02
4.397346e-04
3.902807e+00
8.268696e-02
2.686923e-02
1.586777e+00
2.704880e-06
1.343871e-04
3.177905e-03
2.358174e-04
1.083281e-01
3.969506e-03
5.155322e-04
2.358486e-03
2.081069e+00
5.434625e+03
