1.105482e-01
1.834241e+02
2.974917e+00
1.550591e+00
2.924109e+03
7.716688e+01
3.179821e+00
6.410092e-06
7.875765e-01
5.653130e-03
5.636949e-02
8.257812e+04
4.043896e-01
6.816796e-05
2.426976e+00
3.657500e-03
5.639043e-01
1.421124e+06
3.024302e-03
2.186627e+04
5.503461e-03
1.699323e+06
1.946353e+02
9.139399e-03
4.077723e-04
8.950873e-01
4.682552e+00
1.031989e+03
9.708153e+00
9.897274e+01
5.355224e-03
9.865997e+04
4.023881e+02
1.371486e+01
6.552142e+01
4.041804e+03
2.085307e+00
3.654530e-04
4.506684e-03
6.970149e-05
7.853011e-01
3.768246e+04
2.001050e-03
3.120037e+04
1.795099e+01
1.973448e+00
2.931110e-01
1.066140e+01
6.788649e-01
2.823875e+04
2.735083e+00
3.204757e+01
2.865698e-01
1.034772e-03
2.423646e-04
8.738351e-01
7.206236e+00
2.478305e-01
6.566136e-02
1.587390e+01
3.764691e-04
1.073086e+02
2.405789e+01
3.657165e-01
1.031388e+00
4.539582e-05
4.139230e-02
7.953974e-04
4.522907e-05
1.153327e-01
3.969506e+01
2.467192e-05
4.700925e-01
1.000000e+00
9.780815e+01
