5.463263e-03
2.378047e+03
6.018317e+01
3.647188e+00
4.795231e-01
3.433375e+00
2.627792e+00
1.385029e-03
6.217080e-04
7.773088e-02
2.791639e+01
1.365919e+04
6.243791e-02
1.876583e-02
6.224196e-03
3.419753e-03
1.209075e-02
5.352234e+06
8.720408e-05
1.395597e+02
3.795542e-02
4.386532e+05
3.719352e-01
7.568806e-01
6.073760e-01
1.900701e-01
5.728833e+02
9.987958e+02
1.770931e+02
7.613284e+00
3.147142e-02
1.127541e+03
1.790542e+01
3.358879e+02
8.776041e-01
2.826667e+00
1.035125e+00
3.751352e-03
2.300139e-03
3.327364e-04
1.126715e+00
3.766628e+05
1.099096e-05
7.840138e+00
5.361528e-01
3.661767e-02
9.610207e-03
4.115840e-02
8.454697e-01
1.100127e+03
3.103261e-02
3.518962e+01
7.524321e-01
7.965844e-01
4.616878e-02
5.740829e+02
5.076589e+00
9.065888e+00
4.273703e-02
3.722246e+02
1.185207e-03
8.649813e+00
1.547379e-01
7.105246e-02
1.812933e+00
3.835082e-06
2.642135e-04
4.589622e-03
4.077412e-04
1.865051e-01
8.615829e-03
7.942495e-04
2.002715e-03
2.253456e+00
7.894384e+03
