7.301053e-01
1.355701e+02
1.679878e+02
1.291740e+02
4.278211e+01
1.086249e+02
1.493565e+00
8.700421e-03
3.254127e-04
1.970907e-04
1.004556e+02
6.779710e+02
6.239112e+00
6.892023e-05
4.142098e-02
2.488984e-02
5.495811e-02
4.492770e+07
7.081481e-02
4.975909e+02
1.858669e-02
1.513566e+03
5.494479e+01
2.606276e+00
7.364899e-02
1.871514e+00
2.100238e+00
1.801032e+03
1.300230e+01
1.530945e+02
1.958439e-02
1.448977e+06
1.353126e+00
4.304849e+01
1.459202e+01
3.141751e+03
1.367499e+00
1.567795e-03
4.736605e-03
4.153215e-06
7.531050e+00
5.611696e+04
1.511332e-02
1.917645e+01
3.604359e+00
7.037924e-04
7.619897e-02
1.487946e+00
5.527551e-01
1.206782e+03
1.801771e-02
3.951556e+04
2.544608e+00
2.862825e+00
1.255217e-04
3.603882e+00
4.441062e+00
2.028285e-02
3.188360e-01
2.189563e+03
2.138340e-01
2.573255e-01
1.251651e-01
3.802649e-02
1.643590e+00
6.054958e-03
1.462248e-02
5.290957e-05
1.048396e-05
6.232006e-03
6.628435e-01
8.464156e-07
3.415072e-02
1.922929e+00
7.437187e+01
