5.120679e-01
9.910824e+02
2.407714e+01
2.161300e+01
4.951104e+01
5.151171e+01
1.696001e+00
3.543890e-04
2.774815e-03
6.663115e-04
1.478405e+00
7.159015e+04
1.987991e+00
1.202526e-03
4.449674e-02
4.384246e-02
1.370797e-02
8.322379e+05
1.215123e-03
1.274084e+02
1.741562e-01
3.971172e+04
7.484268e+00
2.738503e-01
2.396024e-03
1.196070e-01
8.662705e+00
8.100129e+01
6.419295e+00
1.675572e+01
3.659700e-01
1.252398e+04
1.303679e+01
5.389833e+00
3.966747e-01
6.182962e+01
1.827249e+00
1.796127e-03
7.679739e-04
2.347974e-05
9.305893e-01
3.244482e+03
2.215175e-04
1.703743e+03
2.467943e+00
1.431335e-02
3.094598e-01
4.879178e-02
1.062119e+00
3.595451e+03
4.736516e-02
1.515890e+03
9.877157e-02
1.965581e-02
1.657449e-04
1.794950e+00
5.246666e-02
2.410733e-01
8.673465e-01
8.860744e+00
2.553135e-03
2.098576e+00
2.158502e-01
8.470049e-02
1.480326e+00
5.118464e-05
1.222270e-04
2.700178e-03
3.279671e-06
1.902078e-02
3.624484e-01
1.498301e-05
7.357659e-03
1.771687e+00
9.716483e+01
