3.428484e-03
1.452630e+03
1.115424e+03
1.119995e+03
3.275873e+02
5.276304e+01
1.901234e+00
3.250486e-04
1.702814e-02
2.138231e-02
3.800859e+02
3.418048e+02
2.992347e+02
4.136739e-02
9.708481e-04
1.927876e-01
1.372538e-01
2.476946e+06
7.112643e-02
4.008397e+03
2.029026e-02
7.659103e+02
2.714166e+01
1.794871e-01
2.082628e+00
3.740137e-02
2.316231e+02
3.726744e+02
1.617487e+02
3.222749e+01
9.561442e+00
3.548646e+04
7.473284e-01
4.551879e+02
1.131509e+00
2.161960e+01
2.995277e+00
1.611240e-03
7.762401e-03
6.450651e-04
9.489469e+00
4.477226e+05
4.254586e-02
8.715135e+02
2.199787e-02
3.488247e-01
1.927349e-01
1.168213e-02
1.268038e-01
1.440812e+02
2.205396e-02
5.310520e+02
1.092329e-03
5.443810e-01
1.011185e-03
4.701143e-01
1.781166e+00
3.144705e+01
2.861514e-02
1.665169e+01
8.293563e-01
2.903662e-01
6.314007e+01
1.826202e-02
1.640622e+00
3.877689e-06
1.015434e-04
1.558152e-01
6.313052e-07
1.353107e+00
6.939138e-02
1.441648e-06
4.945359e-01
1.953099e+00
3.050756e+02
