9.817645e-02
9.761057e+01
5.776428e+00
9.783651e-01
2.906683e+03
1.608347e+02
3.465754e+00
6.198115e-05
7.875765e-01
2.299208e-03
7.808942e-02
5.401045e+04
1.287190e-01
2.787029e-04
4.897512e-01
2.830186e-03
7.396186e-01
2.685672e+06
1.699794e-03
3.878377e+04
5.503461e-03
4.184344e+05
1.404420e+02
9.139399e-03
5.264708e-04
2.243926e+00
6.959549e+00
4.460770e+02
4.146062e+00
3.001317e+01
7.479126e-03
9.701751e+04
6.523951e+02
2.070906e+01
5.944029e+01
4.927034e+03
2.326357e+00
5.035620e-04
1.000209e-02
5.697469e-05
7.182495e-01
4.430579e+04
9.853892e-04
1.688816e+04
5.298738e+01
2.486140e+00
2.511249e-01
7.535565e+00
6.688128e-01
1.393835e+04
6.450067e+00
1.050079e+02
3.460303e-01
6.806721e-04
1.065731e-04
1.802307e+00
5.072836e+00
2.521726e-01
1.740807e-01
1.156606e+01
7.507134e-04
3.323181e+01
1.224252e+01
1.712468e-01
1.000000e+00
1.646149e-04
4.003126e-02
4.962099e-03
9.446757e-05
3.322904e-01
3.969506e+01
3.152779e-05
1.972953e-01
1.103399e+00
1.021294e+02
