9.723051e-03
2.267452e+03
6.304373e+01
6.176835e+00
8.588907e-01
2.403612e+00
2.618402e+00
1.649644e-03
3.312875e-04
5.480563e-02
4.079691e+01
8.347858e+03
4.112365e-02
1.059550e-02
4.501534e-03
2.399454e-03
1.691071e-02
7.118007e+06
1.504169e-04
5.296568e+01
3.860711e-02
3.397740e+05
4.081530e-01
5.375223e-01
1.267382e+00
1.555789e-01
3.118095e+02
9.694980e+02
1.745115e+02
1.245366e+01
1.286389e-02
2.448996e+03
2.686667e+01
2.679400e+02
7.580934e-01
3.373721e+00
1.032630e+00
2.217616e-03
2.156579e-03
7.038854e-04
1.582581e+00
3.203105e+05
1.825134e-05
1.326919e+01
9.643188e-01
3.413145e-02
7.353776e-03
9.212023e-02
5.835361e-01
1.795225e+03
3.483533e-02
3.726693e+01
6.110047e-01
4.158083e-01
2.751939e-02
8.850464e+02
4.000894e+00
9.103960e+00
1.335423e-01
3.333298e+02
9.016760e-04
2.249218e+01
1.279710e-01
6.246068e-02
2.062914e+00
6.961509e-06
3.931689e-04
4.244359e-03
4.225062e-04
1.338594e-01
1.778794e-02
1.785066e-03
1.423451e-03
1.843355e+00
6.814694e+03
