2.685831e-01
4.432006e+02
4.127970e+00
4.698648e+00
2.924109e+03
2.347421e+02
2.891550e+00
7.205801e-06
7.500446e-01
6.395707e-03
6.749366e-02
1.181624e+05
9.995691e-01
4.749925e-05
1.064403e+00
5.685695e-03
4.442588e-01
4.165727e+06
5.312022e-03
3.878377e+04
1.162454e-02
1.414417e+06
5.755861e+02
2.812859e-02
2.592506e-04
8.807607e-01
7.088055e+00
7.564633e+02
1.509414e+01
1.081841e+02
1.012693e-02
3.519960e+05
1.118333e+03
1.609189e+01
6.552142e+01
8.089780e+03
2.306933e+00
5.563251e-04
7.915868e-03
8.043169e-05
4.126940e+00
8.626947e+04
3.303766e-03
2.433539e+04
1.962060e+01
2.840444e+00
1.475469e+00
1.332498e+01
1.023270e+00
6.339940e+04
3.314172e+00
8.982535e+01
8.998045e-01
2.453685e-03
1.800898e-04
5.349883e-01
3.631712e+00
2.329383e-01
1.891986e-01
1.162554e+01
1.884030e-04
4.235695e+01
2.217785e+01
9.262122e-01
1.000000e+00
1.724277e-04
2.264901e-02
1.248312e-03
6.829156e-05
8.476772e-02
3.969506e+01
3.362703e-05
5.196552e-01
1.032145e+00
8.876300e+01
