9.050945e-01
9.243252e+03
3.548856e+01
1.982534e+01
4.432779e+00
9.445042e+00
3.228597e+00
2.635479e-03
6.654631e-04
2.069700e-04
1.181121e+00
9.684280e+04
1.606582e+01
3.521596e-04
6.721972e-01
2.483661e-03
8.602306e-02
4.542432e+04
1.680377e-02
2.846591e+04
8.954169e+00
1.962714e+05
4.141262e+00
7.475064e+01
1.066642e-02
2.604162e+00
2.976246e+01
2.207584e+02
1.865011e+01
4.418896e-01
6.117296e+00
1.693591e+04
1.547917e+01
2.500515e-01
1.126871e-02
1.380288e+04
3.230039e+00
1.120597e-03
2.610756e-03
5.495326e-05
8.153317e-01
1.019223e+05
1.325626e-04
1.133980e+01
9.169272e-01
2.174725e-01
5.203962e+01
6.681900e-01
1.154219e+00
2.744489e+04
2.622331e-03
1.923101e+04
5.650704e-01
5.908980e-03
5.101006e-05
6.461519e-01
1.149727e+00
7.803201e-03
5.101219e-02
3.607466e+02
3.638730e-03
1.223531e+00
7.033221e-01
1.122984e+01
1.752637e+00
5.286065e-06
2.044073e-02
3.673941e-04
3.203647e-05
3.626251e-03
3.620312e-01
1.072908e-04
1.969506e-01
1.343475e+00
3.188769e+02
