1.209388e-02
1.594765e+03
4.154552e+01
3.622751e+00
9.119065e-01
3.392195e+00
2.632736e+00
1.006426e-03
2.858399e-04
5.544625e-02
4.750338e+01
6.274622e+03
5.090566e-02
6.335124e-03
5.585128e-03
3.316374e-03
1.837536e-02
6.993922e+06
1.264691e-04
3.354369e+01
4.286707e-02
4.662220e+05
3.654952e-01
4.445156e-01
6.113875e-01
1.058925e-01
3.569802e+02
7.120088e+02
1.273178e+02
1.011326e+01
1.650895e-02
2.101699e+03
1.566887e+01
3.241735e+02
5.909126e-01
4.272524e+00
1.086159e+00
3.184386e-03
1.681704e-03
9.489204e-04
1.248123e+00
2.064286e+05
1.316527e-05
1.161843e+01
1.054277e+00
6.436969e-02
7.395269e-03
9.748192e-02
8.329663e-01
3.297628e+03
3.093317e-02
4.378621e+01
4.795156e-01
2.093209e-01
2.275213e-02
6.555413e+02
1.940129e+00
5.303927e+00
1.956325e-01
1.994111e+02
1.109009e-03
3.588012e+01
8.160645e-02
4.803066e-02
1.947599e+00
7.789269e-06
5.534228e-04
3.915896e-03
2.760352e-04
8.997383e-02
4.299801e-02
1.124904e-03
1.008001e-03
1.908730e+00
4.824341e+03
