3.981817e-03
2.623087e+03
5.656690e+01
4.041263e+00
7.723059e-01
1.690474e+00
2.671112e+00
1.304474e-03
7.532723e-04
8.451167e-02
1.192810e+01
2.695045e+04
5.564092e-02
1.462240e-02
1.063983e-02
5.861883e-03
1.056694e-02
3.672621e+06
1.085706e-04
4.545898e+01
8.833979e-02
1.074648e+06
3.890418e-01
6.562208e-01
3.409192e-01
9.191388e-02
2.068931e+02
1.329148e+03
7.994947e+01
7.359986e+00
4.058710e-02
2.131269e+02
1.612352e+01
7.316224e+02
5.799886e-01
1.859761e+00
1.001391e+00
4.549400e-03
9.469978e-04
9.501941e-04
1.302729e+00
2.778422e+05
5.973150e-06
5.285524e+00
3.635769e-01
3.854578e-02
1.114877e-02
3.532643e-02
5.685984e-01
9.947592e+02
8.827698e-03
1.157116e+01
9.432507e-01
2.341916e+00
8.143550e-02
4.009628e+02
8.344073e+00
1.551135e+01
2.335459e-02
3.291868e+02
5.253642e-04
1.283615e+01
9.317015e-02
4.227084e-02
1.626923e+00
2.704880e-06
3.380892e-04
4.378817e-03
6.990596e-04
2.256912e-01
3.969506e-03
2.362249e-03
4.080558e-03
2.644253e+00
4.314427e+03
