8.154852e-03
3.360451e+03
6.375240e+01
7.065780e+00
9.779375e-01
3.635898e+00
2.739671e+00
1.459209e-03
3.944391e-04
6.384941e-02
3.937283e+01
1.081646e+04
6.210162e-02
1.272016e-02
4.779831e-03
2.544924e-03
1.557929e-02
8.677756e+06
1.538392e-04
5.911279e+01
4.511644e-02
3.565527e+05
5.718047e-01
8.370506e-01
1.185943e+00
1.785650e-01
6.100105e+02
9.985764e+02
2.550366e+02
1.050946e+01
1.754497e-02
2.754310e+03
3.400526e+01
3.035439e+02
1.132128e+00
4.423710e+00
1.106006e+00
3.244167e-03
2.241774e-03
6.574929e-04
2.212559e+00
3.916491e+05
1.496170e-05
1.383651e+01
1.087824e+00
3.410107e-02
8.799650e-03
1.122997e-01
7.653323e-01
1.936136e+03
3.486153e-02
4.132424e+01
8.125052e-01
5.694051e-01
2.502202e-02
7.332238e+02
5.233646e+00
1.170359e+01
6.936760e-02
3.228858e+02
9.251591e-04
1.664483e+01
1.578907e-01
1.001205e-01
2.132707e+00
5.085801e-06
4.397351e-04
4.626883e-03
4.701753e-04
1.766664e-01
1.801407e-02
2.086401e-03
1.723948e-03
1.857400e+00
7.175196e+03
