8.841052e-01
1.013286e+04
2.633065e+01
1.013285e+01
8.111376e+00
1.149844e+01
3.201185e+00
2.718634e-03
7.682421e-04
1.048911e-04
2.035310e+00
3.501610e+04
8.406788e+00
2.700230e-04
4.372261e-01
1.569543e-03
4.365641e-02
3.429487e+04
7.308046e-03
1.485288e+04
7.153526e+00
1.046501e+05
7.581348e+00
5.298914e+01
1.726792e-02
1.194873e+01
1.220951e+01
2.690120e+02
1.640130e+01
9.692021e-01
4.780855e+00
1.584092e+04
6.304819e+00
4.145569e-01
1.180153e-02
6.671010e+03
2.721229e+00
7.874581e-04
4.076798e-03
9.749905e-06
2.186817e+00
7.373107e+04
2.640978e-04
6.851843e+00
8.862629e-01
1.615017e-01
3.552350e+01
7.884823e-01
3.156261e-01
1.224180e+04
3.360769e-03
5.942412e+03
5.245140e-01
1.703576e-02
1.265581e-04
3.998416e-01
1.488518e+00
2.078234e-02
4.640971e-02
1.264361e+03
2.528604e-03
2.540088e+00
3.597823e-01
2.763454e+01
1.765817e+00
3.446293e-06
6.809196e-02
1.459580e-04
3.146873e-05
4.764439e-03
7.333368e-02
2.237326e-05
1.897014e-01
1.250482e+00
4.716868e+02
