2.711537e-01
2.191670e+04
3.337971e+01
4.559883e+00
6.986336e-01
2.988904e+01
2.626187e+00
2.221122e-04
1.693151e-04
4.505003e-03
1.668561e-01
9.169030e+05
1.592646e+00
1.172165e-05
7.300780e-01
1.522648e-01
1.959540e-01
4.393942e+06
2.806777e-03
1.194302e+04
6.072575e+00
4.938613e+05
4.652358e+01
9.139399e-03
9.453065e-03
1.298040e+01
1.725893e+03
2.362246e+01
1.426818e+01
2.674802e+02
1.791949e+01
1.672223e+06
1.020431e+00
1.994279e-01
2.885456e+00
2.799987e+01
1.556789e+00
3.284434e-01
2.724706e-04
1.339896e-04
3.077840e+01
1.754934e+03
2.784127e-05
2.731410e+02
1.647276e-01
9.311769e-02
1.111601e+01
1.235511e+00
1.723112e+01
4.796735e+02
9.830852e-03
2.237442e+02
7.834431e+00
2.095234e-03
3.834030e-03
1.580784e-01
2.071371e+00
3.144705e+01
7.474906e-01
1.889239e+00
1.783766e-02
9.544308e-02
1.068197e+00
1.198965e+01
1.925404e+00
3.101418e-04
5.777875e-05
4.624923e-05
2.655623e-04
1.625955e-03
3.969506e-03
3.915535e-04
5.859664e-03
3.664066e+00
3.738976e+03
