2.652426e-01
3.192720e+03
2.411224e+01
1.511598e+01
1.812193e+02
6.020014e+01
1.763582e+00
2.699080e-04
1.269402e-03
4.963441e-04
4.386018e+00
8.232017e+04
7.958321e-01
3.426888e-04
1.871210e-02
3.291479e-01
7.803524e-01
9.353755e+04
5.867997e-03
2.544024e+02
2.482571e-01
2.640653e+04
5.308847e+00
4.118833e-01
4.680931e-03
9.100824e-02
2.116752e+01
7.363674e+02
3.625392e+00
1.662383e+01
2.023415e-01
2.090949e+04
3.042435e+00
2.158159e+01
1.392654e-01
1.180967e+03
2.174430e+00
6.294208e-04
1.660227e-03
1.806387e-04
4.472898e+01
3.433126e+05
2.857263e-04
9.944409e+01
2.114070e-01
6.350203e-02
1.046974e+00
1.196034e-01
2.353920e+00
1.773898e+04
1.826290e-02
1.303621e+03
2.086128e-01
1.909840e-02
9.271788e-04
2.623322e+01
5.994109e-01
5.186337e-02
6.384032e-01
3.944514e+00
8.519058e-03
1.573996e+01
4.525197e+00
2.852852e-01
1.726784e+00
8.195881e-04
2.980800e-03
1.302426e-03
2.536378e-05
9.914888e-03
6.077683e-01
8.961361e-05
3.633193e-02
1.983738e+00
5.100682e+02
