1.850082e-01
1.042930e+02
4.213768e+01
3.496893e+01
1.807415e+02
1.813625e+01
1.376250e+00
2.728029e-04
1.103723e-02
4.659439e-03
2.923164e+01
9.898096e+05
1.165465e+00
1.100425e-03
7.928647e-03
4.308485e-02
3.533500e-02
6.927647e+04
4.866936e-03
2.502356e+02
1.407358e-02
8.454587e+03
1.844230e+01
6.860145e-01
7.691235e-02
2.353747e-02
3.717961e+00
7.149881e+01
3.989314e+00
4.896416e+01
4.904037e-01
6.050049e+03
3.793544e+00
5.963967e+00
3.300733e+00
4.530831e+01
2.928895e+00
3.242224e-03
1.033225e-03
1.607779e-05
1.481545e+01
2.125377e+05
1.011675e-04
4.179895e+01
1.712354e+00
4.789010e-03
2.591280e+00
2.834501e-02
1.987604e+00
9.889392e+02
6.479694e-02
2.838771e+02
9.048974e-02
5.000983e-02
1.983994e-04
7.669271e-01
1.455318e+00
7.678836e-01
5.173480e+00
7.898576e-01
2.435177e-03
1.230877e+01
2.363176e-02
1.179736e-01
1.097242e+00
5.679680e-04
1.775755e-02
1.124121e-04
7.286224e-05
7.269479e-02
1.076158e-01
2.786577e-05
2.729788e-02
2.125135e+00
2.066026e+02
