1.729510e-01
1.848945e+02
3.260253e+01
6.964227e+00
5.208297e+01
1.114586e+01
1.470364e+00
4.198907e-05
5.134548e-03
4.148544e-03
1.933474e+00
1.307313e+05
9.474192e-01
1.789252e-02
2.206093e-02
1.546104e-02
6.187745e-02
3.010961e+05
1.504988e-03
1.794452e+03
3.597221e-02
2.629719e+03
1.485861e+01
9.339996e-01
2.073883e-02
4.264091e-01
5.809160e+00
1.447716e+02
6.494966e+01
1.026123e+01
1.190774e+00
4.238433e+02
2.939794e+01
2.930044e+01
7.754211e-01
2.328359e+02
1.275687e+00
9.658854e-04
1.042926e-03
4.834099e-05
1.944152e+01
9.508922e+03
2.190004e-04
9.784271e+02
6.636293e-01
3.587720e-02
1.185337e-01
7.483137e-02
6.278915e-02
8.207692e+02
9.350099e-01
1.385509e+01
9.779271e-02
8.175244e-03
1.284205e-02
2.387197e+01
5.185843e-02
3.558677e-02
7.484367e-01
2.587466e+01
1.641320e-02
3.231240e+01
1.414257e+00
7.458719e-02
1.734925e+00
1.743488e-03
3.074589e-03
1.553392e-02
2.800043e-05
3.064666e-03
2.699878e-01
2.238549e-05
5.156854e-03
1.663196e+00
1.904764e+02
