3.253295e+01
3.298427e+03
5.828115e-01
5.847855e+02
2.074079e+01
4.668859e+01
1.305705e+00
1.270274e-04
8.614985e-02
3.937739e-03
1.070718e+02
6.076948e+05
4.900983e-01
6.384252e-04
1.122439e-03
7.046790e-04
4.528255e-02
1.154641e+05
5.689511e-03
3.878377e+00
6.890235e+00
5.181684e+04
6.246875e+01
3.491337e+00
3.310602e-03
9.579124e-02
2.803644e+02
1.259673e+04
3.470056e+02
1.430663e+02
1.516152e+00
2.181828e+04
1.617365e+01
6.549097e-01
5.582432e+00
4.972869e+02
1.547086e+00
3.892189e-03
7.130013e-04
3.094443e-06
8.907637e+02
1.370656e+04
5.144261e-04
9.819466e+03
1.171996e+01
7.037924e+00
5.452852e+01
1.116426e-02
3.713768e+00
4.944546e+03
1.354446e-03
8.173964e+04
3.043258e-02
1.721516e-03
3.027562e-05
1.347468e+03
1.159100e+00
1.973086e+00
2.940615e-01
2.659483e+03
2.731769e-01
8.654985e-01
6.795326e-02
3.020579e+01
1.000000e+00
1.570831e-04
8.044413e-05
5.355462e-03
7.986491e-06
5.050084e-04
1.702986e+00
4.719313e-07
3.849075e-04
3.257786e+00
2.186276e+00
