4.498000e-03
4.489610e+02
1.037676e+01
5.905399e+01
1.242948e+01
3.399130e+01
2.397749e+00
2.453717e-05
2.363963e-03
1.352519e-02
1.130227e+02
1.684047e+04
1.618237e+02
2.254497e-05
4.612835e-03
4.641106e-03
1.696724e-01
1.308218e+06
7.674409e-03
1.122242e+01
1.377006e-01
1.278667e+04
4.470940e+01
1.245246e-02
1.682590e+00
3.480767e+00
2.614974e+01
7.431379e+01
1.787644e+02
6.548840e+00
2.199222e-02
2.782083e+03
9.192319e+02
4.259099e+00
1.729986e-02
8.354586e+01
1.595257e+00
1.386284e-02
5.490945e-03
4.236521e-04
1.081969e+00
5.491786e+04
4.043377e-03
2.750016e+02
2.617646e-01
1.989220e-02
1.529196e+01
1.109703e-01
8.293687e+00
1.625599e+02
6.218332e-02
8.020261e+02
5.018953e-03
2.540025e-03
4.147870e-04
1.063524e+01
4.083451e+01
2.896248e+01
1.594025e-01
7.652939e+01
3.691302e-03
1.872653e+00
3.303467e-01
2.001828e-01
2.507952e+00
2.703178e-02
3.691570e-05
1.400376e-02
3.946431e-07
1.010808e+00
6.299827e-02
1.013529e-03
2.821331e-03
1.946496e+00
3.549211e+02
