6.982066e-03
6.218133e+02
5.203038e+02
1.442858e+02
5.989225e+01
4.450764e+01
3.856703e+00
7.443762e-06
4.948807e-02
1.155621e-03
7.029900e+01
4.144220e+02
1.707316e+00
1.109183e-02
1.502569e-02
1.267173e+00
3.103409e+00
1.077636e+05
5.168674e-04
5.927413e+02
6.684523e-01
7.279600e+04
3.142585e+02
1.702161e+01
1.503214e-02
6.467039e-01
2.406653e+02
1.713978e+03
7.267742e+00
5.456302e+01
3.256437e-01
5.798601e+02
7.589868e+00
2.127410e+02
7.906357e+00
1.808943e+02
2.219910e+00
1.640326e-03
7.080190e-03
1.285172e-06
1.240095e+02
4.370059e+04
2.032554e-03
1.493273e+02
8.642343e+01
2.988688e-02
5.537828e-01
3.676433e-02
2.132571e+01
1.121061e+02
1.112480e+00
1.277029e+03
1.405688e-02
1.076762e-02
4.073668e-05
2.575588e+01
1.019134e-01
9.457441e-01
2.279717e-01
1.240818e+01
1.252407e-01
1.843642e+02
3.745707e+00
3.733327e-01
1.758046e+00
1.209925e-03
1.167205e-03
1.390316e-02
4.100847e-04
4.302042e-01
4.926001e-01
2.314314e-06
5.529457e-03
1.001087e+00
2.346535e+03
