7.176745e-02
7.410113e+02
2.669966e+01
1.573003e+02
1.019319e+01
3.844536e+01
1.363379e+00
2.303922e-04
6.084397e-03
3.524288e-04
1.765341e+01
6.336701e+04
7.828923e-01
4.599256e-03
1.410256e-02
5.329859e-02
9.282267e-01
1.876430e+06
1.600146e-03
9.717559e+02
1.436454e-01
2.163419e+04
1.974783e+01
7.268511e+00
2.295200e-03
1.040744e-01
3.289282e+01
2.735069e+02
1.423186e+00
1.921435e+00
3.152421e+00
2.206804e+04
2.311658e+01
2.018519e+01
3.131501e+00
2.649435e+02
2.060487e+00
1.322040e-02
1.277007e-03
2.873044e-04
2.656813e+00
1.274630e+04
1.563709e-04
1.862815e+03
7.972721e+00
1.082605e-01
7.441375e-01
1.919371e-01
2.818678e+00
2.504902e+04
3.150404e-01
4.445848e+03
2.081978e-01
9.961671e-02
4.822381e-04
9.056054e-01
3.543778e-01
3.757465e-02
5.018074e+00
1.044740e+01
1.087490e-02
2.297466e+00
3.030205e-01
9.207292e-01
1.586844e+00
8.043711e-05
1.295996e-04
1.561736e-03
7.120218e-04
9.200393e-02
2.011828e-01
5.522639e-05
1.945933e-02
2.469425e+00
3.403951e+02
