3.428484e-03
3.626385e+02
1.133620e+02
6.292497e+01
1.231886e+03
9.876497e+00
2.007157e+00
6.383256e-03
1.427246e-04
6.460615e-04
8.013028e+01
1.724439e+06
1.508021e+01
7.934930e-03
2.859850e-01
7.046790e+00
6.899671e+00
2.677713e+07
5.843349e-02
3.304775e+03
3.987627e-02
3.280203e+02
1.009064e+03
3.683775e+00
1.034468e-02
9.214032e+00
2.617969e+01
1.168543e+03
2.340394e+02
1.028869e+02
4.330798e+00
1.168450e+03
8.565737e+00
3.449170e+01
1.067802e+01
5.237970e+01
1.157657e+00
5.357500e-02
2.382901e-03
4.452670e-05
1.971676e-01
3.942958e+03
4.387109e-02
7.848118e+03
1.077673e+01
3.854371e-02
1.007257e-01
1.332498e+01
1.351951e+00
2.126543e+03
1.293831e-01
7.170791e+03
3.750368e+00
7.275097e-02
1.262188e-04
7.202781e+00
1.751643e-01
6.510625e-03
9.142905e+01
1.266000e+00
1.646825e-04
4.466598e+00
7.214436e-02
3.587174e+01
1.398177e+00
6.153985e-03
5.524589e-02
2.425696e-01
4.142964e-05
1.989880e+00
1.383465e-01
2.924243e-06
1.384439e+00
2.602940e+00
3.296573e+03
