4.523903e-02
5.771161e+01
3.168984e+01
2.868253e+00
1.919340e+01
7.718775e+01
2.238317e+00
6.677924e-06
1.680328e-03
5.210717e-03
5.937137e+00
2.101509e+04
3.977247e+00
4.922230e-05
7.299818e-03
1.133278e-02
1.661006e+00
5.909101e+04
2.390585e-03
4.264906e+02
1.325165e-01
1.635920e+04
1.529966e+01
2.476277e+00
7.433106e-02
4.764386e-01
1.167676e+01
4.848368e+02
1.604365e+00
1.251965e+00
1.770899e-01
1.921735e+04
1.878538e+01
4.533505e+00
3.592012e-02
3.275702e+01
1.277490e+00
1.330330e-03
7.184553e-04
5.312172e-04
7.306046e+00
7.611162e+03
2.535840e-04
8.628780e+01
7.971095e-01
3.782773e-02
6.383246e-01
4.403652e-01
2.865088e+00
5.710413e+03
4.355408e-01
2.947171e+03
2.065176e-02
5.283856e-02
1.136630e-03
9.716090e-01
1.331002e-01
7.271341e-02
3.772427e-01
4.185853e+01
2.727944e-02
4.068564e+00
6.158867e+00
1.840039e-02
1.914831e+00
1.141181e-04
9.600858e-04
1.092540e-02
1.316578e-04
1.666577e-03
4.575448e-02
8.210513e-05
2.461357e-02
1.850520e+00
3.662726e+02
