7.131908e-02
1.575272e+03
1.113161e+01
1.240133e+01
1.802426e+01
8.582847e+02
2.361511e+00
1.512644e-04
6.293077e-03
1.634031e-03
4.987336e+00
1.439223e+05
3.859590e+01
2.021106e-03
7.586584e-02
2.363958e-02
1.979095e-02
1.448338e+05
7.963192e-03
1.240088e+03
2.513374e+00
1.268594e+06
1.111663e+00
4.372391e-01
6.142792e-02
2.040121e+00
3.550080e+01
5.198433e+03
1.630710e+01
1.953118e+01
7.755116e-01
4.340723e+03
6.985871e+01
1.910832e+01
2.392122e-01
1.528276e+02
1.348565e+00
1.567868e-03
1.564179e-02
4.651902e-05
4.412637e+01
7.265935e+03
2.370566e-03
1.950788e+02
7.483375e-01
1.699823e-02
1.257976e+00
9.112566e-02
5.797528e-01
4.253903e+03
6.996447e-02
5.542188e+02
1.305389e+00
1.991581e-02
2.765432e-04
3.489680e+01
2.051411e-01
1.065827e+00
1.881990e+00
6.075462e+01
2.249639e-01
3.608908e+01
7.485479e+00
6.433038e-01
1.299597e+00
3.633916e-04
4.367628e-03
2.441695e-02
2.419260e-05
5.361459e-03
3.410594e+00
8.838761e-06
3.906397e-04
2.592614e+00
6.838277e+02
