1.168429e-01
7.768280e+02
3.141085e+01
5.036668e+01
2.592994e+02
3.749364e+02
2.332443e+00
6.243570e-05
1.842539e-03
1.203345e-03
7.910458e+01
4.264979e+04
5.731123e+00
2.180472e-03
1.184084e-01
1.572863e-02
7.759890e-01
1.723934e+06
2.149019e-03
1.090911e+03
2.511692e-01
1.052756e+04
1.853901e+01
6.276004e+00
1.435133e-03
1.199050e-01
4.306426e+01
2.138060e+02
4.598823e+00
7.854846e+00
1.596769e+00
2.064458e+04
7.758343e+00
3.513879e+00
7.833279e-01
5.850238e+02
1.907115e+00
2.101935e-03
9.576145e-04
2.402614e-04
1.498975e+00
4.441611e+03
4.488581e-04
1.392994e+02
4.209100e+00
3.943581e-01
5.262401e-01
6.759723e-01
3.540196e+00
1.285390e+03
1.294125e+00
1.151056e+04
6.699470e-02
9.464870e-02
3.302245e-04
5.998242e+00
1.893806e-01
2.903497e-02
6.239630e-01
1.016550e+01
8.581976e-03
2.780275e+01
9.981154e-01
3.817380e-01
1.413962e+00
1.026799e-04
1.637774e-04
7.476849e-04
9.909764e-05
6.934720e-02
7.736774e-02
7.143592e-05
8.461733e-02
2.414390e+00
3.024025e+02
