3.428484e-03
1.345636e+03
1.096621e+01
4.008455e+01
3.645852e+01
3.450140e+01
2.789600e+00
5.559808e-05
1.282883e-03
1.340864e-02
2.370489e+02
1.118033e+04
2.992347e+02
7.403680e-05
6.705778e-03
9.171769e-03
4.052125e-01
4.283185e+06
5.638949e-03
2.314846e+01
2.737239e-01
2.531215e+04
5.237754e+01
1.127786e-02
1.660154e+00
2.057449e+00
2.912420e+01
5.181193e+01
2.965058e+02
7.316580e+00
4.707513e-02
6.369423e+03
3.912893e+02
5.117844e+00
2.588610e-02
1.040892e+01
1.625961e+00
1.159851e-02
3.276128e-03
2.287665e-04
1.644105e+00
8.614416e+04
2.289036e-02
5.769729e+02
6.812098e-01
2.443638e-02
1.038441e+01
1.014680e-01
5.388410e+00
1.482449e+02
6.291957e-02
4.047435e+02
1.287024e-02
2.253641e-03
2.837667e-04
7.452804e+00
6.860205e+01
2.159083e+01
4.459851e-01
1.090404e+02
3.787213e-03
1.046522e+00
2.740086e-01
2.422890e-01
2.352525e+00
2.605470e-02
5.218793e-05
5.813153e-02
4.113919e-07
1.989880e+00
4.537789e-02
5.527196e-04
8.526742e-03
2.000134e+00
7.476915e+02
