9.207656e-01
1.120613e+03
1.193363e+02
2.669721e+01
2.924109e-01
3.363857e+00
2.052148e+00
6.543879e-04
7.838049e-04
1.245747e-01
2.138605e+00
1.926223e+03
2.368008e+01
1.174590e-02
1.164513e+00
1.586138e-01
3.984801e+00
1.675892e+07
7.718007e-02
3.878377e+00
6.414401e+00
7.764709e+02
5.074783e+02
2.461253e-01
6.240719e-01
1.298040e+01
1.923118e-01
1.427014e+02
2.382566e+00
6.821886e+00
1.932274e+00
9.782381e+03
3.522818e+01
8.054188e-01
1.062972e-01
1.859761e+04
1.664220e+00
5.891522e-02
1.036465e-03
6.839833e-06
4.487473e+00
6.674621e+03
9.315388e-04
8.003921e+00
1.686714e-01
1.368527e+00
5.922867e-03
8.722842e-01
1.244773e-02
4.127957e+01
6.676062e-01
2.649002e+03
1.711194e+00
1.821642e-03
3.242171e-02
7.686277e-01
7.275711e+00
5.973431e+00
2.335459e+02
3.190644e+02
4.869475e-04
3.701542e-01
1.345004e-01
1.620277e-01
1.032521e+00
2.251320e-05
9.908249e-05
1.151754e-02
1.069428e-03
3.633813e-04
8.665244e+00
2.137072e-05
2.556962e-03
2.194590e+00
2.730986e+01
