4.451291e-01
7.972520e+02
1.946406e+01
2.017696e+01
3.080067e+01
6.144714e+01
1.871912e+00
2.399241e-04
2.046518e-02
7.490500e-04
8.084551e+00
1.171188e+04
3.840274e+00
4.517587e-03
4.308675e-02
1.043411e-03
1.088529e+00
3.457722e+06
1.996543e-03
1.645281e+01
4.456634e-01
5.926544e+04
4.934557e+01
1.572408e+01
2.000073e-01
1.296953e+00
1.380217e+02
1.716120e+02
4.489088e+01
2.622417e+01
1.443225e+00
7.619149e+03
2.063780e+01
1.592703e+01
1.364957e+00
2.223119e+02
1.803173e+00
2.351928e-03
8.494954e-04
2.691693e-05
5.916973e+00
1.632130e+03
1.258673e-03
2.279412e+02
5.539561e+01
1.042485e-01
1.346506e+00
7.011399e-01
1.988822e+00
5.375024e+02
2.747848e-01
6.712888e+02
2.079176e-01
2.117586e-02
6.905576e-03
8.012613e+00
3.242349e-01
8.149612e-02
1.934403e+00
7.932250e+01
2.312476e-02
4.990662e+00
2.090448e-01
1.212366e-01
1.861280e+00
2.507730e-04
8.321952e-05
1.354897e-02
7.309988e-05
2.439134e-02
1.357905e-02
1.216199e-05
4.293790e-02
2.427269e+00
1.605495e+02
