7.759364e-03
1.008530e+03
8.636165e+00
4.426122e+01
1.328532e+01
2.564204e+01
2.552546e+00
9.532983e-05
3.241416e-03
4.488627e-03
5.912388e+01
4.801912e+03
1.584387e+02
6.797158e-05
2.636663e-03
2.245686e-03
3.551418e-01
7.741083e+05
3.624306e-03
4.409129e+00
1.728735e-01
4.223076e+04
3.628254e+01
1.350920e-02
1.354296e+00
1.231479e+00
5.544685e+00
1.025214e+02
1.488592e+01
1.095045e+01
3.910289e-02
1.911097e+03
3.053945e+02
3.449080e+00
2.084006e-02
3.272250e+01
1.469290e+00
1.363545e-02
2.808661e-03
1.191866e-04
1.126440e+00
4.285099e+04
4.701522e-03
2.137226e+02
8.622867e-01
9.582856e-03
1.723390e+01
1.572136e-01
3.183243e+00
8.771868e+01
4.861735e-02
1.205254e+02
8.919103e-03
1.145114e-03
6.236208e-04
7.872917e+00
5.208575e+01
2.051149e+01
2.149103e-01
5.786277e+01
1.682687e-03
4.169989e-01
5.033045e-02
1.041027e-01
2.152840e+00
1.203283e-02
1.562170e-05
7.964065e-03
5.557303e-07
3.924192e-01
1.545363e-02
4.138873e-04
4.153193e-03
1.799719e+00
2.854286e+02
