4.121296e-01
9.757337e+02
1.926962e+01
1.912872e+01
1.824423e+01
6.272570e+01
1.812135e+00
2.380967e-04
3.079519e-02
6.954345e-04
7.064668e+00
6.508294e+03
4.260320e+00
3.225759e-03
3.318253e-02
1.078106e-03
8.315162e-01
2.393670e+06
1.366338e-03
1.853632e+01
3.835698e-01
7.616776e+04
4.369036e+01
8.771902e+00
2.320023e-01
9.205485e-01
1.468416e+02
2.391502e+02
2.979431e+01
1.994775e+01
7.470460e-01
8.968678e+03
2.444578e+01
1.534457e+01
1.101235e+00
1.967399e+02
1.880562e+00
3.274036e-03
7.152271e-04
2.209690e-05
7.449844e+00
1.814156e+03
1.338038e-03
1.891554e+02
4.040513e+01
9.697894e-02
2.220384e+00
4.096253e-01
2.161803e+00
8.007000e+02
1.142369e-01
5.220509e+02
1.344683e-01
2.532768e-02
4.344868e-03
5.875211e+00
3.739836e-01
1.101573e-01
1.617175e+00
9.122854e+01
2.590798e-02
4.031257e+00
2.205403e-01
1.281231e-01
1.731210e+00
2.774878e-04
8.247282e-05
1.371335e-02
6.291552e-05
2.999820e-02
1.740083e-02
1.044977e-05
2.376264e-02
2.472757e+00
1.599708e+02
