4.324454e+00
1.153499e+03
1.045170e+01
5.241169e+01
1.164569e+02
1.405277e+02
1.402566e+00
1.108922e-05
1.633602e-02
8.151615e-03
9.594424e-01
9.655405e+03
3.687344e+00
8.117680e-04
4.464538e-02
7.237795e-03
3.864693e-02
3.612599e+05
5.505889e-03
5.907780e+02
7.570079e-01
2.353218e+04
5.142816e+01
5.580177e-01
3.893469e-03
2.913065e-01
6.408697e-01
3.131271e+02
2.906652e+00
3.892559e+01
1.055086e-02
2.389522e+03
6.134498e+00
4.507579e+00
1.522281e-01
5.346157e+02
1.166325e+00
3.757955e-03
5.033148e-04
1.331122e-04
6.914581e+00
7.515248e+02
1.803033e-05
1.151006e+03
5.057813e+00
4.776744e-03
4.332063e-01
5.493278e-02
9.505816e-02
5.413428e+02
5.562903e-03
4.696239e+02
1.525797e+00
2.095463e-02
3.640325e-04
5.759737e-01
1.074685e-01
4.274834e-02
2.301588e+00
1.729549e+02
1.397780e-03
4.995082e+00
1.848608e+01
6.776914e+00
1.607826e+00
1.053255e-03
7.591349e-04
1.278571e-04
9.893345e-04
3.598212e-02
3.160997e-01
2.237613e-06
1.771496e-02
2.223010e+00
3.419623e+01
