8.876324e-02
2.152969e+02
4.056475e+01
4.250711e+00
3.948787e+01
8.467534e+01
2.640664e+00
1.112420e-05
1.940791e-03
5.034726e-03
7.253913e+00
8.560290e+04
6.302263e+00
1.046685e-04
1.681448e-02
4.275546e-02
1.761702e+00
1.609789e+05
9.850146e-03
2.834634e+02
3.906573e-01
2.285328e+04
4.372805e+01
6.038405e+00
5.272446e-02
4.663331e-01
1.398338e+01
4.907810e+02
2.923786e+00
6.474759e+00
1.969944e-01
1.263842e+04
4.044245e+01
1.219852e+01
4.365911e-02
1.769313e+02
1.495472e+00
2.148009e-03
8.037443e-04
4.538894e-04
2.623137e+01
6.449281e+03
3.121024e-04
1.670770e+02
2.986099e+00
1.029179e-01
8.332317e-01
8.153722e-01
2.951652e+00
1.626583e+04
3.366126e-01
4.988961e+03
4.026095e-02
4.935459e-02
2.752464e-03
2.718999e+00
1.800509e-01
9.371320e-02
1.449991e+00
4.273085e+01
5.178655e-02
8.785396e+00
5.990270e+00
4.259528e-02
2.042166e+00
2.967779e-04
1.432479e-03
2.538611e-02
2.802839e-04
1.765690e-03
2.037127e-01
1.424799e-04
2.126131e-02
2.013909e+00
3.637211e+02
