1.561318e-01
1.967419e+02
2.506420e+01
5.706853e+00
7.931775e+01
1.087943e+01
1.405816e+00
3.621944e-05
8.963091e-03
3.482722e-03
2.188698e+00
1.930083e+05
8.455453e-01
1.192852e-02
1.915896e-02
1.264420e-02
9.785836e-02
3.141461e+05
1.340120e-03
3.447572e+03
3.447754e-02
1.991213e+03
1.729364e+01
1.463003e+00
1.520219e-02
5.113528e-01
7.805945e+00
1.111247e+02
2.801208e+01
9.613296e+00
8.118680e-01
3.038938e+02
3.790644e+01
5.087431e+01
8.265160e-01
2.857242e+02
1.369391e+00
1.976371e-03
7.841761e-04
7.329487e-05
2.315438e+01
1.156153e+04
2.508232e-04
1.339951e+03
8.334335e-01
7.124939e-02
1.438447e-01
7.590094e-02
1.219021e-01
1.529565e+03
1.110865e+00
2.330473e+01
6.791275e-02
1.285585e-02
9.326215e-03
1.376574e+01
5.065671e-02
2.534105e-02
5.575123e-01
4.448388e+01
2.006566e-02
3.831222e+01
7.882283e-01
9.496883e-02
1.758255e+00
2.473156e-03
2.739847e-03
1.615301e-02
7.331013e-05
2.914663e-03
2.274499e-01
2.677532e-05
4.882445e-03
1.871949e+00
2.150157e+02
