3.726210e-03
8.133740e+02
4.061684e+02
2.065479e+03
2.046623e+00
2.885956e+03
1.171704e+00
4.898752e-05
1.437844e-02
2.520428e-02
4.358126e+02
4.941775e+04
1.597939e-01
2.222691e-02
7.748418e-04
5.907885e+00
6.637780e-01
8.433949e+05
7.477702e-04
1.399666e+01
5.921018e-03
4.990445e+05
7.931328e+01
4.482051e+01
5.130930e-02
2.244850e+00
4.752264e+02
7.401917e+03
6.257024e+00
2.769218e-01
1.155782e-01
1.843823e+04
4.850337e+00
5.611587e-01
4.333954e+01
5.494575e+01
1.748175e+00
4.381954e-02
5.929184e-03
1.389329e-03
1.357998e+02
3.079434e+05
4.159381e-03
4.426628e+04
5.640813e+00
6.249496e-01
7.770551e-02
7.536572e-03
9.685476e-01
8.587577e+01
1.049394e-02
1.025891e+02
4.589691e+00
9.603325e-03
2.703006e-05
6.921497e+02
6.200603e+00
6.245024e+00
3.143568e-01
1.690369e+03
4.271233e-04
2.339166e+00
2.120300e-01
3.981622e-02
3.768715e+00
7.732006e-04
3.862035e-03
1.292208e-02
1.422656e-04
1.002284e+00
4.996337e-02
6.760482e-04
6.925048e-03
2.973261e+00
2.274805e+03
