3.943001e-01
8.312580e+02
9.865855e+00
3.699650e+01
2.133676e+01
1.811931e+03
1.613088e+00
3.613643e-04
1.902626e-03
1.794134e-04
3.142577e+02
5.775468e+04
4.489497e+00
1.599486e-04
2.055181e-02
4.824692e-01
1.689728e-02
4.204191e+05
7.683438e-02
2.775660e+02
1.553670e+01
1.645600e+06
1.385412e+01
3.861764e+00
5.592495e-02
2.471490e-01
1.565489e+02
4.320642e+02
6.090197e+01
1.848011e+01
2.777910e-01
5.459982e+03
9.348585e+01
2.497382e+00
7.868527e-01
1.532598e+02
2.708994e+00
1.669150e-01
5.224127e-04
2.874472e-04
9.699995e-01
5.967684e+04
5.917606e-03
4.087399e+01
5.938198e-01
2.682105e-01
2.294642e+00
3.425265e-02
1.536581e-01
1.554289e+04
4.771995e-01
3.668545e+02
6.183601e-03
1.374735e-02
9.719835e-03
3.066703e+01
1.055257e+00
7.938318e-01
2.878086e+00
1.980116e+01
2.131581e-02
2.255484e+02
2.204000e+01
1.833325e+01
2.392721e+00
3.299917e-03
1.399566e-02
3.118166e-02
3.959216e-05
1.073741e-02
5.424449e+00
1.507586e-05
3.426759e-02
2.811778e+00
9.896012e+01
