1.650913e+01
1.484013e+03
9.830860e+00
2.151019e+01
4.819416e-01
2.504363e+01
1.066609e+00
2.660779e-04
2.070666e-01
6.300871e-03
1.544072e+00
1.430536e+03
2.324737e+00
3.238965e-05
1.681963e-02
6.140609e-02
5.923504e-03
3.010584e+07
2.077761e-02
5.049909e+03
1.093325e-01
9.116421e+05
3.649427e+02
1.109552e-02
1.870828e-02
2.741092e-01
3.265626e+02
2.532547e+04
6.151190e+00
6.385894e-01
1.116153e-01
6.140054e+04
4.113203e-01
2.236667e+02
6.907901e+00
1.328103e+04
2.683350e+00
2.202651e-01
3.080676e-03
2.685864e-04
5.648152e+01
7.670913e+05
3.656457e-03
1.271528e+04
5.737773e-02
7.365783e-01
1.392528e-02
9.889454e-03
2.924588e-01
7.506091e+03
2.389337e-02
1.340280e+04
3.316907e-02
3.120380e-01
4.234928e-05
1.183204e+00
2.159434e+01
6.541494e-01
1.938418e+02
7.062935e+01
7.867768e-03
9.845870e-01
8.625767e+00
9.300534e-01
1.341201e+00
4.589092e-03
6.244979e-02
3.451949e-03
1.379050e-05
1.171385e-03
7.461124e-01
2.774746e-04
2.883873e-03
1.845071e+00
3.635863e+00
