1.288282e-01
9.703961e+01
2.327646e+02
2.229548e+01
2.062176e+02
2.466067e+00
2.028469e+00
1.478462e-03
7.875765e-05
4.530665e-04
2.289810e+01
7.794740e+02
2.630463e+01
2.062087e-04
3.905175e-03
1.191912e-01
5.974810e+00
2.172134e+06
1.151820e-03
3.878377e+04
1.454939e+00
1.558949e+04
1.009064e+03
2.500303e+00
2.625922e-03
4.141533e-02
4.581720e-01
2.691148e+02
6.636489e-01
2.664060e-01
1.818369e-01
2.802999e+04
3.603790e+01
1.504397e+03
6.552142e-03
1.092620e+03
2.518813e+00
1.136475e-02
4.865839e-04
1.313556e-03
3.237927e+00
8.562744e+01
1.498740e-05
9.027433e+02
8.486498e+01
6.934658e-02
1.436030e-01
2.457963e-03
1.263875e-01
6.394756e+01
1.478457e-01
1.653141e+02
3.189395e-01
4.121219e+00
2.038507e-02
2.857997e-01
2.586654e+01
1.478545e-01
5.509116e-01
3.948250e+01
1.646825e-04
4.520278e+02
1.375277e-02
3.814489e-02
2.546849e+00
9.496091e-05
1.443889e-01
2.430272e-04
3.754074e-05
9.418361e-03
1.797883e+00
1.019735e-06
2.718390e-03
1.847802e+00
1.454710e+02
