1.674583e+00
7.193051e+02
1.468566e+01
2.081718e+01
2.024167e+01
3.406385e+03
1.513048e+00
2.845636e-04
2.887401e-03
9.532056e-05
3.948542e+02
8.152736e+04
4.053437e+00
1.835914e-04
5.630864e-02
3.802210e-01
3.020866e-02
1.800438e+05
4.208908e-02
1.389286e+02
9.020436e+00
2.181907e+06
1.058580e+01
5.989219e+00
3.721318e-02
2.341878e-01
3.226313e+02
2.966814e+02
1.164872e+02
3.236895e+01
3.878091e-01
4.375203e+03
1.243012e+02
3.019048e+00
3.547765e-01
8.375687e+01
2.621296e+00
1.506610e-01
6.544472e-04
1.691250e-04
1.788758e+00
4.626061e+04
1.873081e-03
1.666479e+01
3.467100e-01
3.157201e-01
2.454373e+00
2.628020e-02
1.149018e-01
1.598955e+04
5.153820e-01
5.945047e+02
5.116792e-03
9.010703e-03
1.498324e-02
3.484318e+01
2.001006e+00
2.897401e-01
1.120094e+00
9.236166e+00
5.787793e-02
1.130559e+02
3.711060e+01
1.543219e+01
2.261360e+00
3.376170e-03
1.054772e-02
6.748695e-02
2.713011e-05
4.914399e-03
8.196356e+00
2.512780e-05
7.551732e-02
2.799249e+00
7.405989e+01
