1.826689e+00
3.259208e+03
2.030485e+01
9.097903e+01
5.204304e+00
9.407314e+01
1.689864e+00
9.298090e-04
8.978126e-04
5.166409e-04
2.695225e+00
8.518996e+04
1.864910e+01
3.115495e-04
2.542111e-01
1.589613e-02
3.706327e-01
5.023513e+04
4.791064e-04
2.067230e+03
3.164844e-01
1.041579e+06
2.158349e+01
1.233141e+01
6.289505e-03
3.485360e-01
7.687370e+01
3.785147e+02
1.947208e+01
3.603505e+01
2.218553e+00
4.172618e+03
8.165283e+01
2.485729e+01
2.703839e+00
1.943684e+02
2.870391e+00
1.043080e-02
7.697215e-04
1.727558e-06
1.627099e+00
4.840560e+03
1.105641e-03
1.868174e+01
2.854792e-01
8.690307e-02
4.005195e-02
2.798250e+00
9.611035e-03
2.358435e+03
1.652279e+00
5.970873e+01
2.120276e-02
5.700470e-02
1.685162e-05
4.197848e+00
1.872475e-01
2.764639e-02
1.626789e-01
1.255807e+01
6.663178e-03
1.020810e+01
4.095251e-01
4.128068e-02
1.741766e+00
5.993443e-06
3.322925e-02
1.993874e-02
1.871298e-05
4.434377e-03
2.911466e-01
1.729349e-04
6.520382e-03
3.231154e+00
1.033826e+02
