6.288041e+00
2.279863e+04
1.024517e+03
2.994074e+03
1.098364e+01
4.852118e+01
4.000000e+00
4.951955e-05
9.252504e-02
1.245747e-01
3.286433e+00
1.432019e+05
1.648789e+01
4.887123e-02
1.942577e-02
4.277716e-03
1.095569e-01
4.742685e+05
5.648117e-01
3.228975e+03
2.311536e-01
3.806810e+05
1.009064e+03
5.575135e+01
2.592506e+00
1.056126e+00
2.261003e+00
5.545935e+00
6.138259e-01
1.499181e-01
5.185298e+01
1.649836e+04
4.848061e+00
4.123893e-01
3.288671e+01
2.380039e+03
3.060851e+00
1.279273e-03
4.606291e-03
5.999496e-06
1.526872e+00
2.028103e+04
5.863171e-04
1.014652e+04
7.965121e+00
3.895130e+00
9.283615e-02
9.526771e+00
5.133433e-02
3.717561e+02
2.386379e-02
3.472783e+02
7.834431e+00
3.837950e-02
6.022318e-04
8.620959e+02
3.558179e+00
3.738673e-01
8.471436e-02
1.521161e+01
1.407414e+00
1.432872e+02
1.137404e+00
1.927252e-01
1.780540e+00
1.383296e-03
1.744151e-03
9.848151e-04
1.250298e-03
1.989880e+00
3.461131e-02
2.977474e-04
3.376875e-03
1.115814e+00
2.897362e+02
