8.751156e-02
4.998935e+02
2.938404e+01
3.540030e+01
6.026661e+01
7.706310e+01
2.078655e+00
9.012537e-05
1.856383e-03
1.504573e-03
6.571739e-01
1.103411e+04
1.913519e+00
9.682206e-04
7.480585e-02
8.385760e-02
1.676853e-01
4.743905e+05
1.370299e-03
8.770652e+02
9.897552e-02
2.163792e+04
1.069169e+01
4.769292e+00
2.467630e-02
4.385393e-01
1.645244e+01
1.083409e+02
3.685529e+00
1.645026e+01
8.644465e-01
4.691375e+03
6.557395e+00
1.097678e+01
2.090793e-01
2.931473e+02
1.554950e+00
3.181189e-03
7.095125e-04
2.928725e-04
2.789370e-01
3.543555e+03
2.676848e-04
3.016897e+03
1.318683e+00
7.008345e-02
2.667465e-01
2.000347e-01
1.039605e-01
3.959259e+03
5.894805e-03
1.910431e+03
7.877667e-03
9.845198e-02
1.374608e-03
1.022134e+01
4.774559e+00
2.937036e-01
1.823705e+00
1.163292e+01
1.476394e-02
1.165206e+01
7.295852e+00
6.905509e-01
2.292369e+00
3.637015e-04
3.010239e-04
2.485737e-03
7.684420e-05
4.834897e-02
1.083672e+00
5.895304e-06
3.124390e-02
1.855284e+00
2.004953e+02
