1.326871e+00
8.240102e+02
2.194478e+01
1.641985e+01
8.667253e+00
1.601652e+01
2.686697e+00
1.039497e-04
3.327047e-03
1.573774e-03
5.928230e+00
7.040014e+03
2.710050e+01
6.056612e-04
1.830307e-01
2.650512e-01
1.119150e-01
8.647259e+05
2.886681e-03
4.814850e+02
1.218910e+00
1.242076e+05
3.399243e+01
7.896035e+00
4.896260e-02
6.416839e-02
3.856423e+00
1.118568e+03
2.506288e+00
3.408807e+01
4.936421e-01
8.358110e+03
5.457899e+00
1.576129e+01
1.888986e-01
1.058880e+03
2.268349e+00
6.006280e-03
6.965834e-04
7.584942e-05
2.794930e+00
6.274848e+02
1.211952e-04
3.011878e+02
4.076584e-01
2.976172e-01
1.824985e-01
9.180389e-03
1.617318e-01
2.087594e+03
2.554738e-03
2.466586e+02
2.583428e-03
1.490329e-02
1.680704e-02
1.085731e+01
4.571003e+00
1.527374e-01
6.456632e-01
2.088609e+02
2.968627e-02
3.946272e+00
2.457583e-02
1.705287e+00
2.153848e+00
1.463802e-03
1.188850e-03
4.422027e-04
1.052104e-04
1.014792e-01
1.139994e+00
2.514429e-05
7.662817e-04
2.352532e+00
7.881481e+01
