1.070648e-01
3.840928e+02
4.549383e+01
5.213558e+01
1.644321e+02
8.719464e+01
2.129186e+00
8.350632e-05
2.182652e-03
1.572171e-03
1.106072e+00
5.727649e+03
2.089528e+00
1.519749e-03
4.676998e-02
9.177683e-02
1.556609e-01
5.681504e+05
1.888332e-03
8.643944e+02
8.682154e-02
2.092334e+04
1.046704e+01
4.294158e+00
3.903551e-02
4.256280e-01
1.969503e+01
1.551880e+02
4.552442e+00
2.328373e+01
8.952796e-01
1.097047e+04
5.285107e+00
1.795792e+01
2.653431e-01
3.146706e+02
1.492542e+00
2.723100e-03
1.396843e-03
1.902678e-04
4.399981e-01
2.514511e+03
4.360307e-04
3.829506e+03
8.300783e-01
8.297292e-02
3.805656e-01
2.652921e-01
7.249313e-02
3.864371e+03
7.179054e-03
2.373906e+03
1.401721e-02
1.303976e-01
1.140995e-03
9.649713e+00
4.071503e+00
5.577709e-01
1.800240e+00
1.394775e+01
1.696530e-02
1.246315e+01
5.383464e+00
5.886431e-01
2.251117e+00
5.760637e-04
3.442866e-04
2.413319e-03
9.742628e-05
5.440043e-02
1.227887e+00
6.453351e-06
6.049810e-02
1.872548e+00
2.386543e+02
