7.810933e-01
3.331318e+03
1.529423e+01
5.977051e+01
3.725981e+00
5.998046e+01
1.676805e+00
9.786957e-04
8.666145e-04
4.392887e-04
5.781133e+00
1.382947e+05
1.184965e+01
3.604246e-04
2.369795e-01
2.871180e-02
5.714775e-01
8.788657e+04
2.785898e-04
2.496857e+03
3.260887e-01
8.595301e+05
1.362213e+01
1.347650e+01
1.381630e-03
3.778157e-01
1.227461e+02
3.169446e+02
1.521771e+01
2.690243e+01
1.876066e+00
3.848880e+03
9.147918e+01
2.061994e+01
2.193037e+00
1.453466e+02
2.663486e+00
8.693838e-03
6.206962e-04
6.671996e-06
1.942558e+00
5.224875e+03
7.058678e-04
1.591172e+01
2.878585e-01
4.945420e-02
1.074114e-01
1.214581e+00
1.563024e-02
2.644241e+03
2.009476e+00
5.190876e+01
2.044724e-02
3.190639e-02
2.394976e-05
3.413386e+00
9.718276e-02
2.872083e-02
4.719579e-01
2.265403e+01
4.660550e-03
5.863283e+00
5.657102e-01
2.887178e-02
1.817915e+00
1.138440e-05
3.392185e-02
7.945287e-03
1.985491e-05
2.790246e-03
2.306245e-01
3.870608e-04
6.735682e-03
3.405829e+00
1.165109e+02
