3.067743e+01
2.346256e+04
1.059118e+02
6.987381e+01
8.553563e+01
1.295726e+01
1.333068e+00
2.557680e-05
2.025656e-02
3.002226e-02
1.238182e+01
3.418048e+02
2.491541e+02
3.364723e-02
3.296482e-01
1.193491e-02
5.100909e-01
7.355987e+07
1.237061e-04
3.454512e+01
1.683884e-01
2.951607e+06
5.339621e+00
3.531571e+01
1.228924e-03
3.174595e-02
1.265548e+02
3.320049e+04
1.106035e+01
2.776054e+01
3.077541e+01
4.965201e+04
1.379479e-01
2.629542e+00
1.531054e-01
4.428012e+03
1.024100e+00
3.284434e-01
4.850621e-03
1.362654e-06
2.740748e+01
1.801021e+03
1.856739e-05
1.840120e+01
1.604140e+02
4.177084e-02
9.430275e-01
7.965681e-03
2.631415e+01
3.992061e+05
3.826068e-01
1.792742e+02
5.037331e-01
9.618139e-01
6.736169e-03
1.330766e+03
5.878589e+01
2.671675e-02
5.881714e-01
3.926954e+01
1.235615e-02
4.988738e+01
2.093774e-02
4.745906e+01
2.310367e+00
8.150680e-03
2.678428e-05
2.939840e-03
1.095130e-05
1.599136e-01
1.298767e+01
4.130000e-07
1.353398e-03
4.000000e+00
1.155801e+02
