1.908230e+00
1.318910e+03
1.241137e+01
1.138440e+01
9.601964e+00
2.393893e+01
2.604005e+00
8.106292e-05
3.993879e-03
1.826977e-03
8.306145e+00
1.273495e+04
2.479867e+01
9.138730e-04
3.390190e-01
5.748424e-01
1.604668e-01
8.969637e+05
2.498168e-03
2.959264e+02
1.480918e+00
1.339214e+05
2.914524e+01
1.040618e+01
5.041589e-02
7.973276e-02
1.996366e+00
1.547686e+03
3.782696e+00
2.449041e+01
2.908240e-01
7.439106e+03
2.892595e+00
2.339359e+01
9.573046e-02
1.731320e+03
2.014835e+00
8.665101e-03
1.193610e-03
1.023734e-04
2.680516e+00
1.026096e+03
1.927836e-04
2.859140e+02
3.498628e-01
5.057876e-01
2.601967e-01
1.773978e-02
8.481898e-02
3.389717e+03
1.971856e-03
3.435864e+02
2.226730e-03
8.746518e-03
2.280766e-02
2.096722e+01
4.241101e+00
3.065245e-01
9.223592e-01
3.409035e+02
2.884219e-02
5.034443e+00
2.883921e-02
4.444524e+00
2.365631e+00
2.005799e-03
8.600199e-04
3.929243e-04
1.757364e-04
1.401757e-01
1.474175e+00
1.848471e-05
7.357868e-04
2.358390e+00
6.711218e+01
