5.696004e-01
8.829487e+02
8.943819e+01
1.827928e+02
4.087987e-01
7.147856e+00
1.451769e+00
1.018427e-02
7.875765e-05
2.460094e-02
7.348515e+01
2.487649e+06
4.233166e-01
2.123343e-02
2.394551e-03
7.046790e+00
3.048415e-01
1.203765e+06
3.881853e-02
9.807394e+01
7.341401e-02
3.135334e+05
1.119254e+02
3.557908e+01
2.102039e-02
1.172583e-01
2.833373e-01
4.415834e+04
1.415447e+02
1.456982e+01
1.435684e+01
2.797441e+05
1.379479e+03
3.257717e-01
5.556077e-02
1.859761e+04
3.639878e+00
4.202215e-04
4.988279e-02
5.006408e-04
3.241430e-01
2.652895e+05
8.139652e-03
6.599360e+03
2.128999e+01
2.621096e+00
1.149004e-02
6.940190e-02
7.605924e-01
2.345073e+05
1.028314e-01
1.021365e+03
3.660987e-01
2.847850e-01
1.670815e-01
2.478134e+02
4.625122e+00
8.600136e+00
1.734980e+01
9.547862e+02
1.679157e-01
1.284005e+00
1.070154e-01
6.374901e+01
1.197231e+00
8.677073e-04
7.385140e-03
3.073247e-03
1.801438e-06
2.104553e-02
3.605349e-02
1.365212e-03
1.384439e+00
1.967267e+00
1.621825e+02
