7.705643e-03
5.067190e+02
8.074306e+00
7.186867e+01
8.133612e+00
5.606293e+01
4.000000e+00
5.646639e-04
4.890111e-04
3.153415e-02
3.065543e+01
9.718591e+04
1.585956e-01
5.355622e-04
2.426976e+00
1.842822e-02
2.253041e-02
6.188296e+05
6.028544e-04
5.085284e+00
1.076585e-02
2.167846e+06
8.214557e-01
3.811860e+00
8.757974e-02
6.712994e-01
5.331639e+01
4.393372e+02
1.748533e+01
2.231115e+00
2.655694e-02
4.943184e+04
2.918645e+00
1.622032e+02
3.370000e+00
4.313268e+01
1.191249e+00
1.596049e-03
7.565552e-04
1.082242e-04
2.776724e-01
3.685656e+03
1.587714e-03
1.671555e+02
9.749182e-01
1.609684e+00
1.646224e-02
3.120791e-02
1.747977e+00
3.540504e+02
1.943130e-01
4.002267e+03
2.630267e-02
1.078835e+00
9.033156e-02
1.380772e+01
3.025030e+00
1.145452e-01
3.595210e-01
1.400054e+02
3.056020e-04
5.638467e+00
1.400495e+00
1.574460e-02
1.327328e+00
2.704880e-06
3.088118e-05
1.465257e-02
1.142359e-04
1.558295e-02
4.812564e-01
5.783284e-04
4.312862e-01
2.063315e+00
1.573656e+02
