1.897549e-01
1.033675e+03
3.055083e+01
5.120410e+01
3.104816e+01
1.077419e+02
2.212696e+00
1.114813e-04
9.889537e-03
1.098912e-03
4.640437e+00
1.789462e+05
8.842333e-01
1.497228e-04
2.090394e-02
1.754132e-02
1.145918e-01
6.720257e+06
4.338341e-02
2.047704e+03
9.902380e-01
2.216288e+04
2.826806e+01
1.436276e+01
4.717603e-02
4.029065e-01
1.036490e+01
1.532651e+03
1.523642e+01
7.385944e+00
1.519315e-02
9.132596e+03
7.850463e+01
1.165519e+02
4.564856e+00
3.329024e+01
1.664449e+00
2.375781e-03
7.487831e-04
1.776500e-04
2.356239e+00
7.494626e+03
7.002430e-04
2.056407e+01
1.527949e+00
9.525474e-02
1.013880e+00
2.564413e-02
3.811732e-02
4.210789e+03
1.687238e-02
2.975306e+02
5.730183e-02
1.929109e-01
7.394752e-04
1.179405e+02
1.807564e-01
1.052316e-01
9.975895e-01
3.798056e+01
1.940230e-03
2.366928e-01
2.067792e+00
3.063165e+00
1.939939e+00
5.792779e-04
8.513818e-04
1.575644e-02
2.642368e-05
3.810107e-02
5.149752e-01
3.426746e-05
3.485518e-02
2.411474e+00
2.832201e+02
