1.613519e-01
4.333812e+02
2.486617e+01
2.563555e+01
1.435467e+00
1.039495e+02
1.227580e+00
1.565959e-04
7.443038e-03
1.702938e-02
1.811575e+01
3.291182e+04
1.161903e-01
1.835483e-03
4.567156e-02
9.902607e-02
9.749715e-02
3.510416e+04
6.006713e-04
7.702534e+02
7.119378e-02
5.713577e+04
1.932954e+00
6.809496e-01
1.241653e-01
1.340259e-01
1.106097e+01
2.921556e+02
4.168638e+00
1.517561e+00
9.718907e-02
3.804795e+04
1.046479e+01
5.702746e+00
1.006108e-01
2.006265e+02
1.410916e+00
1.956557e-03
6.057456e-04
1.231850e-03
1.575573e+01
1.587760e+03
1.490761e-03
3.611815e+02
2.494958e+00
1.369681e-03
4.260225e-01
1.687552e-02
9.789241e-01
1.801570e+03
3.020931e-01
7.873803e+02
2.814237e-02
6.324872e-02
5.915916e-04
2.713189e+01
2.140315e+00
4.066520e-01
5.630328e+00
2.961452e+01
1.354673e-02
1.345809e+00
3.791976e+00
4.935996e-01
1.812743e+00
2.312272e-04
2.482555e-04
2.452383e-03
1.358908e-05
2.985883e-03
1.783858e-01
1.494996e-04
5.327854e-03
2.063576e+00
2.468002e+02
