6.757296e-01
1.762755e+03
1.900976e+01
7.102605e+00
4.826542e+01
4.553736e+01
1.157363e+00
1.387265e-05
4.101808e-02
2.889307e-03
1.995429e+01
4.686732e+04
1.083807e+00
7.300159e-04
3.723805e-01
2.322193e-02
1.809499e-01
6.607971e+05
7.789603e-04
3.517053e+03
2.654423e+01
8.906884e+04
2.490702e+02
7.889795e-01
1.890899e-02
1.167410e-01
7.724108e+01
2.286790e+03
3.534732e+00
7.454936e+00
9.996487e-01
5.866135e+03
9.562784e+00
1.212238e+00
8.817545e-01
2.132372e+02
1.608287e+00
3.813799e-03
1.769782e-03
1.142146e-04
3.621544e+00
9.531515e+04
3.484622e-04
1.703111e+04
3.178223e+00
4.922120e-02
7.568327e-01
3.895969e-02
4.379129e-01
1.529867e+03
1.144678e-01
2.361039e+03
8.823675e-02
5.400338e-03
3.266121e-04
2.588396e+02
1.635986e-01
1.635282e-01
9.288037e+00
1.171268e+02
2.462980e-02
1.397596e+01
1.129191e+00
3.670472e+00
2.159931e+00
9.932301e-05
2.772851e-03
8.057863e-04
3.914033e-04
3.660395e-02
1.370068e-01
7.334032e-05
9.696528e-03
2.245385e+00
1.079644e+02
