2.774027e-02
4.909202e+02
3.798263e+00
8.091855e+01
2.133514e+00
3.258642e+01
3.807558e+00
2.225021e-04
4.607855e-04
9.686479e-02
1.523819e+01
7.151719e+04
3.133539e-02
5.292041e-04
2.426976e+00
3.324424e-02
1.630336e-02
3.477170e+05
2.023871e-04
4.212567e+00
1.092124e-02
1.560065e+06
1.840633e+00
3.067927e+00
2.393754e-02
5.752287e-01
1.405417e+01
9.829286e+01
3.695635e+00
1.716348e+00
1.681516e-02
6.275359e+04
6.701922e+00
5.532721e+02
2.075101e+00
3.829462e+01
1.030021e+00
1.054960e-03
9.750209e-04
5.123155e-05
3.404404e-01
1.466448e+03
8.069322e-04
6.712275e+01
4.917380e-01
4.149089e+00
1.226092e-02
2.032201e-03
4.360962e-01
5.458136e+02
1.321569e-01
1.936221e+03
3.636156e-02
1.628171e+00
1.059261e-01
1.443590e+01
2.526272e+00
2.375641e-01
1.956817e-01
1.807043e+02
2.084577e-04
1.919838e+00
8.633196e-01
6.374901e-03
1.070629e+00
6.107533e-06
1.443889e-05
1.223531e-02
1.836965e-05
6.199609e-02
5.509929e-01
1.020219e-04
7.290438e-01
2.051392e+00
4.991587e+01
