3.226756e-01
2.354732e+03
7.608668e+01
8.343282e+01
2.514609e+01
1.731669e+02
1.543841e+00
6.491534e-04
1.246143e-03
1.256093e-03
3.783877e+01
3.566819e+05
6.782103e+00
8.325313e-04
1.085009e-02
1.020242e-02
2.003037e-01
9.814847e+05
1.994956e-03
6.954411e+01
2.424493e-01
7.510924e+04
3.837713e+00
9.512802e-01
9.112442e-03
4.792202e-02
2.352863e+01
4.383223e+02
7.085916e+00
2.399770e+02
6.126844e-02
5.484143e+04
2.679903e+00
7.307400e+01
1.741685e+00
6.372353e+01
1.817530e+00
2.984655e-02
6.146665e-04
1.948050e-04
1.151666e+01
3.379062e+03
3.045539e-04
1.695573e+03
3.003971e+00
2.852316e-02
2.821403e+00
5.600149e-02
1.109162e+00
8.080109e+02
1.343703e-02
4.227130e+02
1.802429e-02
9.783560e-03
9.085664e-04
7.762202e+01
5.156170e-01
9.443045e-02
2.463813e-01
2.234859e+01
5.076122e-03
2.874374e+00
8.573782e-01
2.988147e-01
2.345999e+00
6.085146e-06
8.130427e-04
1.787307e-03
1.376040e-05
2.030177e-02
4.250871e-01
4.239559e-05
4.399342e-03
2.535906e+00
4.016576e+02
