1.278561e-01
4.154894e+02
1.098402e+01
2.117241e+00
3.556938e+01
3.102268e+01
3.377216e+00
1.030691e-04
3.939992e-02
2.021715e-02
8.023647e+00
2.526875e+04
7.577331e-01
8.218843e-03
3.995970e-03
2.592455e-02
4.049007e+00
3.470597e+05
2.868299e-04
1.008381e+02
1.261773e-01
5.853134e+04
2.486452e+01
3.092611e+00
2.675345e-03
4.160893e-02
3.249369e+01
1.149510e+03
1.075836e+00
2.590476e+01
5.315731e-01
6.508685e+04
9.233188e+00
5.020452e+00
5.664277e-02
1.797518e+02
1.439926e+00
2.508606e-03
8.641145e-04
3.152388e-05
5.032113e+00
2.547867e+03
5.778362e-04
1.959747e+03
3.517005e+01
1.870309e-01
8.680317e-01
3.323334e-02
2.076709e-01
1.276737e+04
4.476977e-02
1.207409e+03
6.996405e-01
7.989626e-03
3.701142e-04
8.075828e+00
7.165103e-01
7.847923e-01
1.030748e+02
9.594315e+01
3.855630e-02
5.777303e+01
1.431092e-01
1.584981e-01
1.882530e+00
7.239539e-05
2.745968e-03
3.359146e-04
5.405068e-06
2.842110e-03
6.647182e-01
2.768005e-05
7.043399e-02
1.954403e+00
2.837796e+02
