2.656871e-01
8.738780e+02
2.926396e+01
3.868365e+01
2.475559e+01
1.110614e+02
2.113887e+00
1.000999e-04
8.386576e-03
1.157079e-03
3.408746e+00
2.289550e+05
1.390573e+00
1.004139e-04
1.869392e-02
2.256417e-02
1.027531e-01
8.068582e+06
4.508157e-02
1.455105e+03
8.771210e-01
2.898512e+04
2.704393e+01
1.742665e+01
2.408107e-02
3.226522e-01
1.070910e+01
2.050530e+03
6.972894e+00
5.273466e+00
8.124104e-03
9.072834e+03
5.472652e+01
1.019906e+02
3.879601e+00
2.162665e+01
1.504531e+00
4.240055e-03
5.347709e-04
3.169439e-04
2.240343e+00
8.097297e+03
6.873729e-04
1.709208e+01
6.669810e-01
8.375725e-02
1.255844e+00
2.013183e-02
3.820740e-02
4.809545e+03
1.639042e-02
1.490599e+02
1.632642e-01
2.386949e-01
8.798593e-04
1.170293e+02
1.918662e-01
8.643122e-02
3.218683e+00
3.099606e+01
2.867611e-03
3.273138e-01
4.210639e+00
2.149964e+00
2.140291e+00
4.673007e-04
1.412838e-03
7.501283e-03
8.765790e-06
2.299017e-02
4.212946e-01
2.630370e-05
4.140196e-02
2.533841e+00
2.900181e+02
