3.218137e-01
1.679952e+03
6.060911e+01
6.395766e+01
9.447951e-01
1.234744e+02
2.997770e+00
1.762821e-03
1.129000e-04
7.384274e-02
4.965075e+02
5.687481e+02
8.597105e+00
3.502878e-02
1.259282e+00
4.102067e-02
8.198376e-01
9.456310e+06
1.558350e-03
3.878377e+00
4.714427e+01
2.416256e+05
1.009064e+03
5.249435e-02
1.086439e+00
7.306437e+00
1.587988e+02
2.859532e+04
6.574760e+02
5.718005e+01
4.948800e+01
1.454762e+05
7.313580e+00
6.826100e+01
1.422395e-02
3.254375e+03
1.760846e+00
1.685995e-01
2.444112e-03
1.748881e-03
2.997673e+01
4.715120e+04
1.857736e-02
2.387327e+04
1.343389e+00
7.037924e+00
5.452852e-03
9.649574e-01
1.204445e-01
8.399004e+02
9.501238e-03
5.172495e+02
3.704812e-03
1.369137e-03
7.250291e-05
1.238886e+02
7.328418e+00
4.712708e+00
1.512643e+01
1.653718e+01
1.646825e+00
3.538871e+02
2.814249e-02
1.554329e-02
2.090219e+00
1.117832e-05
1.994172e-02
4.561176e-03
3.047613e-03
2.089908e-03
3.969506e+01
1.662228e-04
1.314241e-02
2.348663e+00
1.420025e+02
