2.856487e+00
7.334747e+03
3.262054e+01
1.560484e+02
1.505901e+01
4.043129e+02
2.030640e+00
2.525530e-04
1.275643e-03
8.915364e-04
1.564343e+01
2.443532e+03
1.120247e-01
7.797432e-04
8.440435e-03
1.374842e-03
9.999135e+00
1.790572e+06
1.943883e-02
2.159292e+02
2.010938e+00
7.385854e+05
2.666498e+00
4.271057e-01
7.986625e-02
7.708340e-02
7.166165e+00
1.434486e+02
4.421104e+01
1.477722e+01
4.089703e-01
5.541101e+04
6.430453e+00
1.715584e+02
4.500820e+00
1.348828e+02
1.681883e+00
3.218404e-03
6.457749e-04
3.303039e-04
1.542872e+00
9.659933e+02
1.851453e-04
4.966249e+03
7.642416e+00
1.393568e-01
4.624354e+00
4.697841e-01
3.049465e-01
2.264024e+04
2.568334e-02
2.083919e+03
2.052900e-02
5.220573e-02
3.655069e-03
2.381379e+02
1.487079e+00
5.544767e-02
5.984944e+00
1.150441e+02
1.414081e-02
1.197201e+01
6.047315e-01
2.805282e+00
2.903311e+00
1.834106e-05
2.242348e-05
2.864914e-03
6.696411e-05
6.451855e-03
3.721327e-02
3.591958e-06
3.265381e-03
2.741804e+00
1.361860e+02
