6.993508e-03
5.236891e+03
7.586864e+02
2.605275e+03
3.887357e-01
8.046024e+00
2.545257e+00
1.803396e-04
4.541944e-04
5.082585e-04
5.636949e-02
4.209287e+02
1.793557e+01
1.934297e-03
1.893063e-01
7.046790e-04
1.709682e+00
9.662869e+03
2.669301e-02
4.336361e+01
5.503461e-03
6.392602e+05
2.809330e+00
6.822819e-02
2.123763e-01
4.368513e+00
1.120539e+01
9.615111e+01
1.432629e+01
8.060562e-01
1.439538e+00
5.201214e+05
1.451202e+01
4.116443e+02
1.015829e+01
1.859761e+00
1.059831e+00
3.263211e-03
1.706131e-03
2.051970e-03
8.296766e+01
1.936930e+03
3.562552e-04
6.652150e+03
1.898779e+01
5.796042e-03
3.275777e+00
1.570096e+00
4.913838e-02
9.743055e+04
1.274425e-01
5.456590e+02
8.617333e-04
1.708072e+00
9.487145e-02
5.343944e+00
1.023854e+01
2.362348e-01
7.071771e+01
4.267735e+01
4.358995e-04
6.108249e+01
7.886093e-01
9.253065e-02
4.000000e+00
1.134880e-02
1.864901e-04
5.131302e-03
3.920708e-07
5.088521e-04
2.140714e-02
2.388129e-06
3.725542e-02
1.624754e+00
9.991323e+02
