5.680479e-03
3.570982e+03
1.611005e+00
5.857343e+00
1.785906e+03
3.717608e+02
1.407881e+00
8.385231e-05
3.859882e-03
2.117641e-03
2.433437e-01
7.757713e+03
1.575331e+00
1.887781e-03
4.314646e-04
6.839386e-02
1.020251e+00
4.655364e+05
7.745818e-02
5.159627e+02
3.963284e+00
1.588912e+05
6.021791e-01
6.414831e+00
8.880168e-01
5.537248e+00
4.827227e-01
8.387139e+03
3.707323e+02
2.052968e+00
5.185298e+01
9.754062e+05
1.082928e+01
5.351437e+02
1.848980e-02
4.944400e+00
1.457623e+00
8.608863e-02
8.341063e-04
4.583917e-04
5.746257e+02
8.562744e+01
8.092459e-04
2.892159e+02
1.773272e+01
7.528433e-04
1.574470e-01
1.013512e-02
1.063358e+00
6.543338e+04
1.021556e+00
3.974790e+04
7.537906e-01
2.541943e-03
4.609394e-03
5.664676e+01
2.705357e+01
6.911723e+00
2.024935e-01
5.512658e+02
1.646825e-04
3.727728e+01
1.559029e+01
9.398990e-02
1.832071e+00
2.997970e-05
1.384135e-03
2.105434e-03
1.306481e-04
1.999968e-03
2.907974e+01
1.002745e-04
5.305585e-04
2.286763e+00
4.668899e+02
