2.662301e-01
7.289822e+02
2.712371e+01
5.145028e+01
1.809764e+01
1.852052e+02
1.669107e+00
1.246897e-04
6.067709e-03
2.478897e-03
2.109777e+01
3.578395e+03
2.170748e+00
5.115217e-04
3.326039e-02
4.288035e-02
2.031826e-01
1.081753e+06
2.504383e-03
1.953668e+02
7.508238e-02
2.162918e+04
5.095878e+00
2.743168e-01
1.954435e-02
5.099602e-01
8.339810e+01
7.345201e+02
2.743890e+00
1.992789e+00
2.633260e+00
1.093251e+05
2.974299e+00
2.229537e+01
8.364979e-01
2.132228e+01
1.428014e+00
5.559634e-03
1.362251e-03
2.500921e-05
6.271064e+01
8.808443e+04
1.175272e-04
5.071184e+02
7.905002e+00
1.484861e-02
4.120789e-01
1.674560e+00
3.067131e+00
3.695256e+03
8.594969e-02
2.929945e+02
4.781247e-02
1.157745e-02
4.056499e-04
9.488543e+00
2.219665e-01
7.327196e-02
2.100637e+00
8.305671e+01
4.061508e-03
1.181756e+00
1.503795e+00
1.142682e-01
1.604403e+00
5.501571e-05
3.595628e-04
4.643815e-03
1.048262e-05
3.239018e-03
3.620391e-01
4.022419e-05
1.531310e-02
2.179311e+00
1.989882e+02
