1.499637e-01
3.674864e+02
2.199429e+01
3.103926e+01
1.628618e+00
1.352961e+02
1.325722e+00
1.476118e-04
6.012699e-03
1.112637e-02
2.008406e+01
1.005813e+05
1.485669e-01
3.926281e-03
3.975204e-02
4.427840e-02
5.090777e-02
5.786265e+04
6.538434e-04
9.568721e+02
5.282305e-02
7.703116e+04
2.552658e+00
2.432088e+00
9.957462e-02
9.864787e-02
6.682893e+00
1.364549e+02
4.805082e+00
1.576312e+00
1.401372e-01
2.848417e+04
7.685065e+00
7.420156e+00
9.926800e-02
2.430578e+02
1.252419e+00
2.742107e-03
5.959882e-04
1.235385e-03
8.623412e+00
1.026957e+03
1.731164e-03
1.996464e+02
2.967666e+00
2.276304e-03
1.008973e+00
2.424908e-02
8.052022e-01
9.478495e+02
5.735406e-01
3.662945e+02
3.660362e-02
9.183697e-02
1.012143e-03
3.683399e+01
1.515685e+00
3.119263e-01
6.578493e+00
5.618583e+01
1.133811e-02
1.614368e+00
8.337565e+00
7.576213e-01
1.839906e+00
1.649342e-04
2.006384e-04
1.962055e-03
2.847712e-05
4.997219e-03
2.872779e-01
1.890423e-04
1.042759e-02
2.004168e+00
2.421979e+02
