6.960536e-03
3.610845e+02
1.022240e+01
8.495737e-01
1.960086e+00
1.832664e+03
3.181836e+00
4.911824e-04
3.208097e-04
5.648793e-02
1.321739e+01
2.366779e+05
2.711092e+00
1.013898e-03
6.737078e-01
2.627076e-03
1.544256e+00
5.818301e+07
2.203942e-04
5.891917e+01
4.800115e-02
3.140634e+05
8.932678e+01
4.501118e-02
3.308588e-01
1.174132e-01
2.184753e+00
1.576464e+04
2.159503e+01
1.967537e+02
1.011183e-01
5.980586e+03
4.329928e+02
1.175228e+01
4.905309e-02
2.945336e+01
1.535247e+00
8.354471e-02
7.949800e-04
2.691037e-04
2.191049e+01
7.749770e+02
2.625241e-02
9.338099e+02
4.180320e+01
7.948622e-01
1.569468e+01
1.625475e-01
3.707634e-01
1.592166e+02
1.556477e-01
7.328127e+04
6.288002e+00
6.270219e-03
3.652183e-04
2.255726e+00
1.352111e-01
8.936722e+00
5.926933e-02
7.500498e+02
1.890456e-02
5.940903e+02
9.148277e+00
6.799639e-01
1.560798e+00
2.978477e-04
1.270853e-04
1.138340e-01
1.817082e-04
1.867609e-01
1.401206e+01
7.583096e-06
7.087802e-04
1.339997e+00
1.726827e+03
