3.302316e-01
8.599730e+02
1.697030e+01
6.081103e+00
1.320932e+02
6.634786e+01
1.944935e+00
7.371590e-05
2.251896e-02
3.613177e-03
1.074524e+01
3.858593e+05
1.128286e+00
4.588223e-03
2.179447e-02
1.843698e-02
2.740199e-01
6.556618e+05
1.482737e-03
2.659542e+02
6.936074e-02
1.205046e+05
6.865260e+00
3.255758e+00
7.923751e-03
6.866647e-02
5.895276e+01
5.616875e+02
3.183534e+00
1.104952e+01
2.095048e-01
9.033553e+03
1.127430e+01
8.844449e+00
2.019766e-01
6.241463e+01
1.270281e+00
2.374357e-03
8.378678e-04
2.891434e-05
1.251389e+00
8.093367e+02
6.651506e-05
2.549208e+03
1.235853e+01
1.174927e-01
1.421707e+00
3.936666e-02
2.310687e-01
4.240948e+03
1.991568e-01
1.676538e+03
6.539039e-01
1.390320e-02
4.162213e-04
2.706264e+01
3.734664e-01
1.448902e-01
5.895498e+00
1.074060e+01
6.830824e-03
3.450443e+01
1.480070e-01
1.434899e-01
1.937328e+00
2.749623e-05
7.235001e-04
3.053366e-04
2.206147e-05
4.991969e-03
7.330947e-01
4.558666e-05
7.220874e-03
1.950589e+00
1.600152e+02
