1.482711e-01
4.646068e+02
3.312436e+01
8.672568e+01
2.514917e+01
7.573123e+01
1.907298e+00
2.365299e-04
4.803954e-03
3.089287e-04
1.533102e+01
8.502551e+04
8.641632e-02
1.567457e-05
1.762740e-02
1.259562e-02
3.556049e-02
6.282628e+04
6.483739e-03
1.738482e+02
9.051959e-02
6.548697e+04
9.713395e-01
9.549933e-02
7.181466e-02
2.048288e-01
1.490740e+01
1.207709e+03
1.190562e+00
6.586848e+01
6.394050e-02
2.506044e+03
1.336767e+01
2.685059e+02
8.000839e+00
6.481276e+01
1.790868e+00
3.858416e-03
1.550407e-03
4.495387e-06
2.187646e+00
1.486292e+04
1.658147e-03
1.294527e+02
2.924744e+00
6.554988e-03
9.096074e-02
2.105716e-03
4.177816e-01
1.029467e+04
5.062728e-02
2.207476e+02
1.540225e-01
1.003951e-01
4.335360e-03
1.293567e+01
3.623912e+00
2.260221e+00
2.290547e+00
5.776297e+00
1.794954e-02
1.868652e+00
3.348642e+00
4.889761e-01
1.353161e+00
1.218747e-03
1.099479e-03
5.555076e-04
3.704809e-06
4.188823e-02
2.397661e-02
2.915597e-05
9.556324e-03
1.955548e+00
2.222934e+02
