1.473565e-01
5.921527e+02
2.608929e+01
3.921214e+01
1.240364e+00
2.569711e+02
1.390932e+00
1.812651e-04
6.929178e-03
3.936097e-02
2.035891e+01
2.913333e+04
1.682248e-01
3.219676e-03
6.232877e-02
1.310547e-01
1.307746e-01
5.240376e+04
1.161010e-03
1.281031e+03
1.207442e-01
6.420371e+04
3.263371e+00
5.464663e-01
2.186888e-01
1.649120e-01
9.623614e+00
2.546230e+02
5.141101e+00
1.597775e+00
2.024521e-01
3.364681e+04
1.355486e+01
8.146636e+00
1.139048e-01
1.732025e+02
1.510330e+00
2.467891e-03
9.804117e-04
1.580229e-03
1.887359e+01
1.527148e+03
1.361466e-03
7.603022e+02
4.296002e+00
1.729175e-03
8.149375e-01
2.907605e-02
1.093086e+00
1.171441e+03
2.500399e-01
1.109035e+03
3.653225e-02
5.787925e-02
6.413758e-04
4.799909e+01
2.959889e+00
4.519998e-01
4.033969e+00
1.884000e+01
1.347235e-02
2.477068e+00
3.346388e+00
6.823934e-01
1.744732e+00
4.276061e-04
2.291187e-04
2.923482e-03
1.340790e-05
4.459726e-03
3.097414e-01
2.259919e-04
7.459920e-03
2.072746e+00
3.048418e+02
