5.080991e-01
8.317506e+02
2.154719e+01
1.078151e+01
1.389712e+02
5.270011e+01
1.877431e+00
6.484915e-05
3.129831e-02
6.128516e-03
1.827439e+01
6.878653e+05
9.651862e-01
8.875977e-03
2.176943e-02
1.759813e-02
2.614587e-01
1.397549e+06
9.056983e-04
5.506599e+02
9.643034e-02
1.321429e+05
8.570161e+00
5.373454e+00
4.902974e-03
7.421825e-02
9.514778e+01
8.751768e+02
2.861274e+00
2.389150e+01
3.533112e-01
1.011470e+04
7.443677e+00
8.354019e+00
2.336034e-01
1.253704e+02
1.358334e+00
3.819501e-03
7.747398e-04
1.857723e-05
1.671446e+00
1.666391e+03
5.683498e-05
3.529402e+03
1.374305e+01
1.408825e-01
1.687812e+00
5.685014e-02
5.019419e-01
3.453780e+03
3.503146e-01
9.384818e+02
8.296357e-01
1.369443e-02
4.977288e-04
2.721308e+01
6.132940e-01
1.607575e-01
8.393821e+00
2.081904e+01
1.999677e-02
3.958304e+01
3.200884e-01
1.352481e-01
1.874127e+00
1.874382e-05
6.799021e-04
3.243251e-04
3.812506e-05
6.449652e-03
1.031691e+00
5.843861e-05
7.615726e-03
2.007601e+00
1.666752e+02
