6.523749e-01
1.952489e+01
1.758236e+01
2.333933e+02
7.077832e+01
5.416824e+02
1.519167e+00
2.632366e-05
2.040464e-03
2.398723e-03
5.347139e+01
9.863377e+02
5.612128e+00
3.094971e-03
3.406542e-01
4.427851e-02
1.041296e-01
6.399999e+04
5.281905e-04
8.395929e+03
1.360552e-02
2.858163e+03
6.276170e+02
3.442815e+01
1.421560e-02
1.297470e-01
2.715351e+01
2.665616e+04
2.764499e+01
2.575450e+00
2.789809e-02
9.940010e+02
6.252425e+01
3.855010e+01
4.537286e-02
1.922186e+02
1.579721e+00
9.937743e-03
7.497887e-04
1.264802e-04
2.989162e+01
3.867199e+05
1.166652e-05
4.019919e+03
3.250462e+00
1.883698e-02
6.699912e-02
1.490330e+00
3.774327e-02
1.563352e+02
8.295335e-01
7.029067e+02
3.047298e-02
6.319064e-03
4.714431e-02
8.300410e+01
1.488592e-02
4.284324e-02
1.125686e+02
9.982830e+00
3.177303e-04
1.680157e+00
1.299646e+01
1.661326e+01
1.570758e+00
1.581368e-05
3.397909e-03
1.592767e-02
6.201824e-05
4.788543e-01
1.606401e+01
8.919478e-07
4.147410e-02
3.259360e+00
5.529267e+01
