8.379315e-01
3.386827e+02
2.908590e+01
3.201036e+01
2.924109e-01
1.119075e+02
3.017421e+00
5.087390e-04
1.643673e-04
6.044835e-02
3.861071e+02
1.164640e+03
5.189687e+00
1.071138e-02
9.250287e-01
2.382190e-02
1.315735e+00
1.063610e+07
1.695550e-03
3.878377e+00
3.455412e+01
1.139923e+05
1.009064e+03
3.732861e-02
1.553528e+00
6.534497e+00
4.561711e+01
4.255468e+03
3.842110e+02
3.203131e+01
5.185298e+01
1.724734e+05
1.154276e+00
1.098921e+01
6.552142e-03
2.259800e+03
1.835325e+00
6.645822e-02
7.566028e-04
1.063900e-03
1.186517e+01
2.099033e+04
7.675943e-03
1.911699e+04
7.993751e-01
7.037924e+00
5.452852e-03
7.380568e-01
6.974028e-02
1.353996e+03
1.413875e-02
3.359395e+02
1.565936e-03
3.619203e-03
7.618723e-05
1.146024e+02
3.509578e+00
1.161206e+00
7.510658e+00
7.988402e+00
1.540774e+00
3.505864e+02
1.267423e-02
1.272164e-02
2.057426e+00
9.861063e-06
6.714265e-02
1.863881e-03
2.667779e-03
8.257066e-04
3.969506e+01
5.149857e-05
9.419950e-03
1.789933e+00
9.596831e+01
