7.698127e-01
1.343040e+03
1.383262e+01
6.280813e+01
3.910725e+00
4.474531e+02
1.478324e+00
8.896840e-05
9.683776e-03
9.960188e-03
7.540891e+00
9.744905e+04
3.020641e-01
6.605203e-04
9.727264e-02
1.044430e-02
1.276030e-01
5.986714e+04
3.092502e-03
1.386308e+03
1.910975e-01
4.366695e+04
1.275975e+01
6.280226e+00
1.055678e-01
1.458745e-01
3.363919e+00
4.367529e+02
6.624623e+00
7.810408e+00
5.595808e-02
8.120415e+04
1.593048e+01
2.831715e+00
2.590685e-01
3.310228e+02
1.360196e+00
5.192209e-03
1.044731e-03
2.272223e-03
5.399861e+00
6.711521e+02
5.682279e-04
1.106434e+02
5.705086e+00
2.908491e-02
9.300946e-01
3.389761e-02
2.897913e+00
2.121255e+03
2.405137e-01
9.686373e+02
6.649600e-02
1.246345e-01
1.251347e-03
1.816995e+01
7.418645e+00
1.658165e-01
1.069682e+00
1.362386e+01
2.097769e-02
3.997903e+00
1.839680e+00
9.338431e-01
2.126128e+00
1.193004e-03
6.978768e-04
3.273278e-03
9.717922e-06
1.114709e-03
1.267289e+00
6.042667e-05
5.328785e-02
2.203777e+00
1.257476e+02
