4.582811e-01
1.072979e+03
1.897179e+01
6.105678e+01
4.595107e+00
3.544175e+02
1.473463e+00
5.824189e-05
8.458980e-03
8.873069e-03
1.202318e+01
3.898022e+04
3.317752e-01
1.753872e-03
9.760875e-02
1.116330e-02
1.423991e-01
4.448756e+04
2.233681e-03
1.335228e+03
1.585383e-01
3.576444e+04
1.037484e+01
3.346774e+00
1.719998e-01
2.132464e-01
5.351418e+00
6.054975e+02
8.414364e+00
5.820331e+00
7.636626e-02
5.596454e+04
1.780140e+01
4.786598e+00
4.034353e-01
2.653918e+02
1.517964e+00
4.368702e-03
8.539775e-04
1.022857e-03
7.817557e+00
7.148689e+02
3.642719e-04
1.703451e+02
6.333808e+00
1.858835e-02
6.968797e-01
6.796956e-02
1.596969e+00
1.682945e+03
2.314807e-01
1.037764e+03
3.430088e-02
8.914981e-02
1.120384e-03
1.837626e+01
3.387998e+00
1.549829e-01
1.280276e+00
1.292629e+01
1.413425e-02
3.677449e+00
1.775039e+00
1.780379e+00
1.935708e+00
5.283045e-04
9.640609e-04
2.625417e-03
1.377797e-05
2.651798e-03
1.467948e+00
4.652313e-05
3.951556e-02
2.113791e+00
1.630207e+02
