1.847759e-01
5.237443e+02
1.385445e+01
4.134186e+01
3.330283e+01
4.294494e+02
2.476655e+00
1.384250e-04
7.003939e-03
1.582041e-03
2.630135e+00
1.665581e+05
8.740063e-01
1.565532e-04
1.916094e-02
3.196758e-02
1.166681e-01
4.438628e+06
7.897739e-02
8.553716e+02
9.161903e-01
2.373552e+04
3.707113e+01
3.911928e+00
3.527900e-02
1.620363e-01
1.092549e+01
1.363323e+03
1.231157e+01
6.237663e+00
1.515174e-02
1.809536e+04
2.322165e+01
6.562586e+01
5.985894e+00
2.090709e+01
1.495723e+00
4.736374e-03
6.114204e-04
2.139463e-04
7.096917e+00
8.641604e+03
8.026469e-04
9.909925e+01
6.300800e-01
8.436412e-02
2.206052e+00
6.599914e-02
1.031722e-01
1.800573e+03
1.085134e-02
3.044666e+02
3.561481e-01
1.834080e-01
4.163948e-04
9.048521e+01
1.798213e-01
5.576017e-02
2.632459e+00
2.198523e+01
1.226620e-03
1.270725e+00
1.319400e+00
3.111116e+00
2.014307e+00
4.826839e-04
2.217609e-03
2.241178e-02
1.004912e-05
1.758598e-02
1.603923e+00
2.361883e-05
2.808220e-02
2.475246e+00
1.657973e+02
