3.273828e-01
1.168656e+03
3.211124e+01
4.043046e+01
1.537846e+01
8.558955e+01
2.264373e+00
1.134269e-04
9.822251e-03
1.408789e-03
4.576195e+00
1.586144e+05
7.504230e-01
1.267119e-04
1.912566e-02
2.086610e-02
1.741777e-01
7.985007e+06
5.728814e-02
2.203050e+03
1.231124e+00
2.495934e+04
2.429819e+01
1.068593e+01
5.252859e-02
5.049812e-01
9.003884e+00
2.075718e+03
1.168234e+01
9.080247e+00
8.159438e-03
7.481772e+03
5.021073e+01
9.457054e+01
3.992900e+00
2.390936e+01
1.588566e+00
3.742278e-03
5.208242e-04
3.433857e-04
2.260620e+00
1.047337e+04
1.036569e-03
2.231124e+01
7.384509e-01
1.113159e-01
1.022794e+00
2.605632e-02
3.632050e-02
5.071084e+03
1.677685e-02
2.734159e+02
9.616901e-02
2.136857e-01
8.552374e-04
1.586751e+02
2.142465e-01
9.662908e-02
1.187437e+00
4.044172e+01
2.287309e-03
2.512957e-01
1.852151e+00
2.012171e+00
1.914326e+00
6.556741e-04
6.922320e-04
1.227144e-02
1.835162e-05
2.603301e-02
4.847442e-01
5.592405e-05
3.527881e-02
2.393998e+00
2.484867e+02
