1.885490e-01
1.281642e+02
1.550648e+01
9.292557e-01
1.867441e+03
2.724476e+03
1.745338e+00
3.821351e-05
1.897772e-02
3.917677e-03
5.629053e+00
2.149504e+06
2.757471e+00
7.971672e-04
1.258926e+00
2.472242e+00
1.154880e-02
3.200476e+04
1.647805e-01
2.932389e+01
1.452413e-01
1.844464e+03
1.709133e+01
2.074592e+01
6.812219e-01
2.554649e-01
3.161848e-01
1.364782e+03
7.623877e+01
3.217347e+00
4.520716e-02
2.626586e+04
6.810176e+02
4.218930e+01
4.802099e-01
5.900896e+01
1.524907e+00
1.060188e-03
2.671530e-03
8.950656e-04
7.781645e+01
4.001429e+03
2.114616e-02
3.079547e+02
1.227869e+00
1.765397e+00
3.296611e+00
3.508706e-01
4.168400e-02
5.264952e+04
5.035981e-02
2.009791e+04
2.739846e-01
1.061493e-01
3.575797e-04
1.053316e+01
7.406070e-01
2.669192e+01
9.993270e-02
2.132672e+00
3.501937e-03
2.900179e+00
2.065330e-02
1.118715e+00
1.302012e+00
1.888259e-03
1.132046e-01
5.625473e-02
4.517511e-05
3.521701e-03
9.285939e+00
9.655892e-06
1.325905e-02
1.888137e+00
2.209119e+02
