3.428484e+01
3.070415e+04
5.518312e+01
5.491687e+01
2.924109e+03
1.035223e+03
1.171753e+00
3.011233e-04
4.022844e-03
2.660302e-04
1.845621e+02
3.418048e+06
4.647973e-01
8.210174e-03
2.426976e+00
7.046790e+00
3.649990e-01
7.355987e+07
2.926410e-02
3.878377e+04
1.041121e-01
4.066866e+03
1.909794e+02
4.356017e-02
1.672824e-01
9.290563e+00
9.671807e+02
2.582208e+02
6.574760e+02
1.499181e+03
5.471145e-01
4.242328e+02
6.643047e-01
1.504397e+03
6.552142e+01
3.597469e+02
2.794986e+00
9.010906e-04
2.231909e-03
3.842049e-04
8.907637e+02
1.253105e+05
5.973150e-02
1.270356e+03
1.745848e+02
3.874856e-03
1.604772e+01
1.215574e+01
7.484201e+00
1.869019e+05
7.671746e+00
1.156884e+05
2.059426e+00
5.116820e+00
5.035243e-04
1.350932e+02
4.520649e+01
6.383419e-02
2.755170e+01
2.660789e+00
2.413780e-03
5.833222e-01
2.324433e+01
7.655315e+00
1.060725e+00
2.704880e-02
3.565933e-02
2.448164e-01
1.511941e-05
1.686230e-01
2.435748e+01
3.147215e-06
2.466153e-04
3.311052e+00
7.045098e+01
