8.202220e-01
1.446417e+03
1.853490e+01
6.753224e+00
7.418295e+00
7.682429e+01
1.228694e+00
3.311453e-04
1.187810e-03
3.842324e-04
2.905871e+00
6.184344e+03
5.429040e+00
2.673951e-04
1.855126e-01
6.560181e-03
9.438482e-01
1.549703e+05
2.414071e-04
3.394036e+02
1.369091e-01
1.196133e+04
1.454110e+02
1.205842e+00
8.929948e-03
1.810281e-01
3.906549e+01
2.472362e+02
2.477652e+01
2.671970e+00
1.984434e-01
2.240706e+03
9.583801e+00
1.822496e+00
5.011136e+00
1.022037e+02
1.344575e+00
2.880964e-03
4.941256e-04
1.692524e-05
5.767641e+00
6.379993e+03
5.566121e-02
1.589924e+02
1.869126e-01
2.156722e-02
2.144185e-01
5.673241e-03
2.791052e-01
6.193937e+02
6.681053e-02
3.161117e+02
2.761089e-03
3.218710e-02
6.698027e-05
6.458428e+00
3.209555e-01
4.961432e-01
3.914222e-01
1.338079e+00
1.469473e-03
3.472067e-01
9.240042e-02
9.005326e-01
2.292808e+00
4.433951e-04
4.438873e-03
6.535788e-05
4.527483e-06
2.605782e-03
3.808949e-02
3.601505e-06
1.161853e-02
2.085895e+00
1.308507e+02
