9.928257e-02
2.965250e+02
1.573562e+01
2.682356e+01
1.644302e+01
1.930891e+02
1.628122e+00
1.719533e-04
4.631084e-03
1.032896e-03
4.718593e+01
1.257434e+05
2.254727e+00
7.850512e-04
6.474599e-02
2.102737e-01
1.520855e-01
4.447274e+05
6.773378e-03
7.038482e+02
6.052171e-02
1.679897e+04
4.434904e+00
5.674831e-01
2.410825e-02
1.197588e-01
4.896800e+01
1.214018e+02
5.062538e+00
4.572922e+00
5.463218e-01
2.273983e+04
5.153760e+00
1.163419e+01
4.609109e-01
2.529279e+02
1.710237e+00
3.468656e-03
1.327193e-03
3.793212e-05
9.209564e+00
3.285695e+03
1.836826e-03
1.254375e+02
1.410078e+00
2.416155e-02
1.986364e-01
5.563829e-02
2.679714e+00
3.393578e+03
2.261339e-02
4.799254e+02
1.137429e-01
1.245928e-01
9.356376e-04
1.892288e+01
3.602816e+00
3.170910e-01
1.158231e+01
4.735256e+01
1.093670e-02
7.310475e+00
6.254258e-01
2.866037e-01
1.833215e+00
1.038638e-03
3.553011e-03
3.032291e-03
2.977429e-05
3.552624e-02
1.866118e+00
5.882187e-05
9.425141e-03
2.289464e+00
2.390517e+02
