8.680195e-02
4.917974e+02
1.750835e+01
2.731728e+00
5.131533e+01
6.791929e+01
3.434738e+00
1.377478e-04
7.582150e-02
2.026484e-02
9.841665e+00
2.833226e+04
7.300895e-01
9.416270e-03
3.227016e-03
3.672535e-02
2.498131e+00
2.695872e+05
2.603424e-04
6.935948e+01
9.833259e-02
6.160783e+04
2.722747e+01
5.649748e+00
2.244134e-03
2.932142e-02
5.885854e+01
1.088872e+03
1.340428e+00
3.028874e+01
3.401825e-01
5.523409e+04
1.286966e+01
9.222933e+00
8.460492e-02
9.922529e+01
1.323216e+00
2.447089e-03
1.009806e-03
2.349171e-05
3.124411e+00
3.573879e+03
4.353801e-04
1.485555e+03
4.258904e+01
2.268771e-01
8.887626e-01
2.495137e-02
3.401567e-01
2.080834e+04
9.886731e-02
1.242278e+03
6.843986e-01
1.696904e-02
4.745856e-04
5.760226e+00
4.856666e-01
9.138604e-01
6.806462e+01
6.574930e+01
3.311030e-02
2.648304e+01
1.682266e-01
1.329493e-01
2.094201e+00
6.336541e-05
2.434533e-03
4.152500e-04
5.777532e-06
3.921531e-03
2.766571e-01
2.566995e-05
4.779414e-02
1.849925e+00
3.523149e+02
