2.618193e-01
9.373044e+02
3.631161e+01
6.415112e+01
1.963886e+01
1.166348e+02
1.632185e+00
1.317012e-04
3.804775e-03
1.332764e-03
2.321884e+01
3.096035e+03
1.382784e+00
4.080236e-04
2.142087e-02
3.828492e-02
1.424176e-01
1.773273e+06
2.681409e-03
1.381050e+02
6.090596e-02
1.489856e+04
4.315639e+00
2.000826e-01
3.243472e-02
3.402058e-01
5.444395e+01
4.410120e+02
2.501147e+00
2.536275e+00
2.290358e+00
1.407479e+05
1.957502e+00
2.991887e+01
8.177698e-01
1.544083e+01
1.520309e+00
7.815940e-03
1.008705e-03
3.912731e-05
6.240413e+01
1.008529e+05
9.717855e-05
4.757493e+02
7.060469e+00
2.057166e-02
5.903605e-01
1.453619e+00
2.825217e+00
3.853126e+03
1.063320e-01
1.368639e+02
6.313751e-02
9.476614e-03
4.487149e-04
9.954672e+00
2.670696e-01
8.322407e-02
3.140957e+00
6.551436e+01
5.133884e-03
1.013988e+00
1.546342e+00
1.412829e-01
1.527083e+00
4.983788e-05
2.975033e-04
5.524294e-03
6.749017e-06
2.312758e-03
2.458575e-01
3.452818e-05
1.428895e-02
2.246714e+00
1.997543e+02
