1.266301e+00
3.262042e+03
1.654158e+01
2.263829e+00
6.741057e+00
2.546668e+01
2.585495e+00
2.095597e-04
3.067234e-03
8.791880e-04
8.840044e-01
9.183183e+04
1.755588e-01
1.103017e-02
1.139867e+00
4.040441e-03
1.184353e+00
1.693389e+06
2.680113e-03
2.422869e+01
4.923369e-02
4.180321e+03
5.204478e+01
3.385170e+00
3.108787e-02
3.693146e-01
1.511802e+01
5.837432e+01
1.249679e+01
3.836136e+00
1.027371e+00
4.709374e+04
4.911080e+00
1.556289e+01
1.873161e+00
2.144307e+02
1.765259e+00
4.412617e-03
6.006666e-04
3.134571e-05
2.889828e+00
6.101200e+03
1.572279e-05
1.092597e+03
6.957450e-01
1.276812e+00
5.416594e-01
5.072300e-02
2.686600e-01
3.133543e+03
5.221536e-02
8.083749e+02
1.252978e-02
8.816942e-03
1.665501e-04
4.415212e+01
1.706472e+00
9.318311e+00
4.639192e+00
7.485814e+00
3.240851e-02
5.364790e+00
7.157761e-01
1.600243e-01
1.797726e+00
5.633412e-05
5.844834e-04
4.342747e-04
7.088099e-04
2.837178e-04
2.861024e+00
1.389422e-05
8.331554e-03
3.097573e+00
1.550432e+02
