7.677903e-01
8.479240e+01
2.573348e+01
1.010937e+01
6.806543e+02
2.159983e+00
1.734155e+00
4.492875e-04
4.324920e-02
3.497549e-04
2.443065e-01
5.935691e+05
2.113231e+01
4.561272e-02
4.546131e-04
5.891969e-02
1.558771e-01
1.508413e+05
7.208718e-04
3.573423e+02
9.785413e-01
3.640747e+03
8.090506e+01
1.071894e+00
1.109539e-02
4.928923e-03
1.018617e+01
2.612194e+01
6.353176e+01
1.707028e-01
2.884627e-01
3.992788e+05
1.721676e+02
6.230908e+00
1.515049e+00
8.552752e+02
1.453421e+00
5.517047e-04
1.988119e-03
2.619195e-05
1.340241e+01
5.708091e+02
5.374728e-03
2.707720e+03
2.401323e+00
9.409770e-03
1.967761e-01
5.129568e+00
5.479147e+00
2.801250e+04
4.537726e-03
1.177526e+03
3.046653e-03
1.921700e-01
4.812400e-02
1.554892e+00
2.536802e+01
8.589613e-01
2.559216e-01
1.551303e+02
1.037920e+00
1.499198e+01
6.071968e+00
1.648825e+01
1.259979e+00
1.434305e-04
4.697930e-05
1.982242e-02
8.334322e-06
3.032837e-04
1.271529e+00
1.103912e-05
3.917465e-04
1.467365e+00
3.477933e+01
