3.600937e-01
2.128331e+03
4.053539e+01
8.531702e+01
1.356436e+01
1.085610e+02
1.343667e+00
1.854605e-04
1.610382e-02
4.425089e-03
3.430168e+01
3.806789e+04
4.815971e-01
1.229803e-04
1.849447e-02
8.266981e-02
7.119517e-02
1.301047e+05
1.158932e-02
2.208946e+02
7.679943e-02
1.652560e+05
9.809022e-01
6.268719e+00
2.329675e-01
7.516903e-01
1.172166e+01
1.035928e+03
5.428604e+00
8.190575e+00
4.294907e-02
6.052312e+03
1.333708e+00
2.045859e+01
3.145204e-01
3.932260e+01
1.297204e+00
8.259812e-03
1.037805e-03
1.902666e-04
8.794307e-01
2.651667e+03
1.054287e-03
3.224849e+01
1.626603e+00
3.125246e-02
1.031904e+00
5.126944e-02
1.492608e-01
5.819305e+04
1.745995e-01
1.966962e+02
8.035411e-03
1.274295e-01
3.806578e-03
6.099693e+01
7.040081e-01
1.712307e-01
7.996803e+00
2.209767e+00
3.517957e-02
4.503730e+00
3.350995e+00
4.048355e-01
2.243009e+00
2.834969e-05
2.361765e-04
8.135797e-04
1.950664e-05
3.735795e-02
3.134008e-01
3.212940e-06
7.246746e-03
2.188313e+00
2.518005e+02
