4.828148e-03
5.274831e+02
5.679031e+00
9.494448e+01
1.386539e+00
1.805323e+01
3.689703e+00
2.155155e-04
5.523989e-04
8.658394e-02
1.978928e+01
1.440796e+05
2.992347e-02
3.236011e-04
7.313188e-01
9.142410e-03
1.185279e-02
5.448955e+05
1.664091e-04
7.712654e+00
5.503461e-03
1.252918e+06
4.239817e+00
3.985618e+00
4.846062e-02
7.833010e-01
4.127649e+00
6.359978e+01
7.852478e-01
3.103274e+00
1.110855e-02
4.312523e+04
3.187661e+00
3.263167e+02
1.530549e+00
1.572959e+01
1.019717e+00
1.186769e-03
9.315915e-04
6.740205e-05
2.051821e-01
1.424739e+03
7.088317e-04
2.142678e+01
1.143147e-01
7.037924e+00
5.452852e-03
2.674475e-03
6.256679e-01
7.899958e+02
1.075183e-01
4.531688e+02
7.755754e-02
2.214808e+00
1.013654e-01
1.417687e+01
9.182505e-01
1.407484e-01
6.633279e-02
3.228614e+02
6.795776e-04
3.031303e+00
2.309371e-01
6.374901e-03
1.000000e+00
2.205160e-05
1.443889e-05
2.505982e-02
1.395051e-05
2.815127e-02
2.549501e-01
1.043342e-04
4.829275e-01
2.201242e+00
1.510189e+02
