7.051227e-03
3.151030e+02
8.719242e+02
1.620863e+02
2.330840e+02
3.232696e+01
3.542020e+00
5.969573e-05
7.106270e-02
9.860759e-03
7.921263e+00
2.352509e+06
4.996670e-02
9.528780e-02
1.436053e-02
9.349219e-04
2.120050e-03
3.316262e+06
1.109785e-03
4.520184e+03
7.167741e-01
7.342181e+03
7.047688e+01
1.194171e-02
8.404504e-01
5.260095e-03
5.579813e-01
4.483820e+00
2.226161e+01
1.249459e+03
2.486177e+01
1.516641e+05
1.304409e+02
1.520379e+02
1.458338e-02
7.726420e+00
1.137876e+00
1.494802e-02
6.965848e-04
3.197699e-05
4.299528e+02
1.203735e+04
2.953574e-03
9.762970e+02
2.999923e+00
5.827517e-03
6.017558e+00
2.606393e+00
6.070818e+00
1.561014e+05
4.611125e-01
7.109664e+01
2.650884e+00
3.472837e-01
4.290761e-02
1.413977e+01
9.471703e+00
5.545665e-02
3.811252e+00
6.291393e+02
1.478642e+00
2.686142e-01
7.359763e+01
4.598042e-02
1.719107e+00
8.572964e-06
5.779168e-04
5.062520e-02
8.400220e-07
9.514040e-03
1.307861e-01
8.970872e-05
1.349125e-03
1.171589e+00
6.649703e+02
