3.610201e-01
2.383231e+02
6.802328e+01
9.839343e+00
1.157979e+02
3.009271e+01
1.746139e+00
7.267671e-05
3.635629e-03
7.108666e-03
2.004396e+01
3.300745e+04
2.225416e-01
1.997249e-03
7.922004e-03
4.321246e-02
3.789466e-02
1.014148e+04
1.594790e-02
1.259548e+02
4.838270e-02
1.291411e+04
1.796449e+00
1.629663e-01
1.826187e-02
1.970139e-01
1.708941e+01
1.876856e+02
1.276407e+01
2.423153e-01
6.964133e-02
9.343275e+03
1.584615e+01
2.867425e+01
6.300557e+00
1.333928e+02
1.617604e+00
1.700445e-03
1.104741e-03
8.257004e-05
1.394753e+02
3.353292e+04
2.514638e-04
4.028683e+03
2.164402e+01
1.051848e-02
2.584777e-01
3.084306e-01
1.192907e+00
2.053805e+05
9.553327e-02
6.437891e+02
2.302179e-02
7.159774e-02
4.173720e-02
2.629286e-01
2.217618e+00
1.342423e-01
5.182730e-01
1.581291e+01
1.032089e-02
3.353597e+00
9.438822e-01
2.189497e-01
1.403831e+00
1.968915e-05
1.702768e-02
6.355077e-03
2.285973e-05
1.370308e-02
1.269202e-01
5.043424e-05
3.406170e-02
1.629757e+00
1.191433e+02
