2.178081e+00
5.025392e+03
4.102535e+01
7.064014e+01
2.751848e+02
2.367442e+01
3.727376e+00
5.105304e-06
2.075707e-02
3.560602e-03
1.113380e+02
1.730456e+05
2.138884e+00
7.699963e-02
1.921480e+00
4.009473e-03
1.525873e-01
3.079614e+07
7.726409e-03
8.140287e+03
5.548286e-01
4.700758e+05
1.901860e+00
1.463039e+00
1.868766e-03
3.435880e-01
3.343790e+01
1.005013e+03
1.460760e-01
3.171445e-01
4.030145e+00
5.306639e+05
4.793818e+02
4.508510e+01
6.254225e-01
7.233986e+02
1.523676e+00
1.101183e-03
1.712312e-03
1.935531e-04
7.899931e+00
3.507718e+04
5.128704e-05
6.713290e+03
2.836955e+00
4.651455e-01
1.385917e-02
8.955397e-02
3.972107e+00
4.760325e+03
4.870887e-03
7.033257e+02
4.045044e-01
7.940561e-03
5.510467e-02
2.328084e-01
1.420479e+00
1.269533e+00
9.205971e-01
8.509459e+00
5.699658e-02
1.269488e+00
4.309345e-01
5.638075e-01
1.449429e+00
2.267979e-03
1.044752e-04
1.058287e-01
6.678662e-04
2.033656e-03
5.417045e-02
1.200556e-06
1.905108e-01
2.799408e+00
1.448994e+02
