4.377647e-01
6.471223e+01
3.557730e+01
5.532503e+00
3.834385e+01
1.183536e+02
2.163064e+00
1.045201e-04
8.487298e-04
1.723993e-04
3.053749e+00
4.190076e+03
1.684449e+00
3.173298e-04
1.265710e-02
3.261873e-02
8.137311e-03
4.683381e+05
9.638027e-03
3.981559e+01
1.918708e-02
2.197656e+04
5.087167e-01
6.636639e-01
2.731617e-03
4.417866e-02
4.436267e+00
7.552171e+01
7.416723e+00
1.111076e+01
9.593145e-01
3.613088e+03
2.694114e+00
1.520862e+00
5.038997e-01
1.192969e+03
1.345716e+00
1.251720e-03
2.991715e-03
1.219514e-05
2.753045e+00
2.488118e+03
4.962267e-04
5.391999e+02
8.837137e-01
1.175301e-02
1.189170e+00
1.763017e-02
1.568968e-01
2.417911e+03
5.399798e-03
1.451568e+03
8.200234e-02
2.190399e-03
5.215034e-04
4.802188e+01
2.722961e+00
2.912193e-01
4.887227e-01
1.333000e+01
3.605041e-02
1.704602e+01
2.175255e+00
4.918059e-01
1.660474e+00
7.625132e-05
2.777358e-04
1.058303e-03
1.832909e-06
2.278388e-02
8.153489e-02
1.517144e-05
1.572082e-02
1.856388e+00
8.610817e+01
