2.301784e-01
8.790436e+02
7.466414e+00
3.931449e+01
2.971579e+01
3.168745e+02
1.168866e+00
5.476788e-04
1.287103e-03
1.465117e-04
5.544633e-01
1.144610e+04
6.066920e-01
7.359660e-04
2.937926e-02
1.662554e-01
4.174208e-03
3.179898e+06
1.370743e-03
6.294917e+01
4.355785e-02
1.029400e+05
1.550173e+00
7.976794e-01
5.946429e-03
5.487586e-02
3.664253e+00
1.197280e+02
5.321431e+00
1.442179e+00
1.002785e-01
3.140802e+05
2.339571e+01
1.925904e+00
2.850139e+00
3.108139e+01
1.830907e+00
2.882340e-03
2.257984e-03
2.260807e-05
4.025572e+00
2.654395e+04
8.010047e-05
1.918760e+03
1.910700e-01
8.786472e-02
4.637872e-02
2.528621e-01
1.388192e+00
1.366291e+03
1.064049e-01
6.768416e+02
8.025574e-02
2.573783e-02
1.535465e-03
4.967284e+01
1.087055e-01
8.612905e-01
2.031306e-01
2.917046e+01
1.401953e-02
5.207496e+00
3.315057e-01
4.155992e-01
2.456379e+00
2.669222e-04
8.808185e-04
9.242086e-04
8.796902e-05
4.515879e-03
7.374111e-03
5.679912e-06
2.301239e-02
2.221940e+00
1.865887e+02
