3.428484e+01
2.707470e+04
1.989717e+01
1.979638e+02
4.737321e-01
3.494141e+01
3.327376e+00
6.664021e-03
1.976887e-04
7.288912e-04
1.152897e+02
2.067419e+04
3.705281e+00
1.906657e-05
1.737398e-01
6.555760e-02
4.295582e-02
7.355987e+07
7.576440e-04
2.348015e+04
2.024629e-02
2.951607e+06
1.297567e+01
6.942109e+01
4.773051e-02
2.510451e-02
1.058848e+01
2.842168e+01
1.711036e+02
2.710448e-01
4.964875e-01
1.161465e+06
9.394368e+00
1.456215e+03
1.594035e+01
5.929240e+02
1.029417e+00
3.391319e-03
4.304142e-04
7.650000e-03
2.566175e+01
2.398806e+05
2.038748e-02
2.722900e+04
1.745848e+02
7.037924e+00
3.764720e+00
3.541733e+00
9.099687e+01
3.530651e+02
3.865910e-02
4.410727e+04
1.803123e+00
5.116820e-04
5.555300e-02
8.464563e+02
1.041118e+01
1.148845e+01
2.335459e-02
7.126218e+00
2.640742e-02
6.085970e+00
1.465210e+00
4.371475e+00
2.292268e+00
1.982115e-03
3.543700e-04
1.519916e-01
1.663158e-04
4.132173e-02
2.385812e-02
9.024299e-04
4.303253e-03
2.152518e+00
8.384415e+01
