8.251996e+00
7.641906e+02
2.907115e+01
8.425002e+01
3.621176e+02
1.963848e+00
2.211329e+00
1.591915e-06
4.222641e-04
5.095633e-02
2.335214e-01
7.520548e+05
9.191268e+00
2.099871e-03
8.603384e-02
6.636611e+00
4.949406e-02
2.177787e+04
1.012548e-02
2.186872e+04
4.123633e-01
1.609082e+06
7.367464e+01
4.256749e+01
2.591098e-01
7.227912e-01
2.288845e-01
3.630155e+01
8.773530e+01
2.261213e+02
9.326015e-03
5.062943e+02
1.299406e+02
7.788771e-01
7.338765e-03
5.388506e+03
2.990566e+00
7.089756e-05
2.228677e-02
9.812572e-07
4.474750e+01
3.905399e+04
1.590864e-05
3.329174e+01
3.839806e-02
3.034314e-03
3.684419e-01
3.875911e-01
2.272277e-02
2.662137e+05
3.313922e-03
3.202274e+01
1.945881e+00
3.355445e+00
3.171956e-02
6.297371e-01
1.820643e+01
1.820325e-01
1.577075e+01
1.391067e+01
2.823172e-04
5.270183e+00
2.129585e+01
3.808833e-02
1.246708e+00
1.336365e-05
8.071241e-02
9.480619e-04
5.061786e-06
1.333523e-03
3.461659e+00
1.550545e-05
4.105296e-03
1.076034e+00
1.322691e+01
