5.879016e-02
2.344230e+03
3.973692e+01
1.447160e+02
1.802045e+02
1.101430e+02
2.601081e+00
6.241825e-05
2.789901e-02
1.421184e-03
2.445439e+01
2.566416e+05
7.230252e-01
4.765105e-03
3.506424e-03
5.879091e-03
2.609026e-02
3.523186e+05
2.402690e-03
1.760392e+02
4.616139e-02
5.011897e+02
2.046152e+01
8.441334e-01
5.294061e-02
3.205471e-01
5.789816e+00
6.001089e+01
1.084457e+01
8.428635e-01
1.603360e+00
3.023391e+05
3.520819e+00
3.010440e+01
3.546667e+00
3.108834e+02
1.515739e+00
1.207587e-03
1.198481e-03
8.810837e-06
9.977585e+00
2.352370e+04
5.327149e-05
1.942362e+02
4.759729e-01
3.487483e-02
1.137879e-01
1.755660e+00
7.485326e-01
1.478661e+03
9.417141e-01
3.080704e+03
3.338134e-02
1.749291e-01
1.446689e-02
1.393565e+01
4.343789e+00
5.527001e-01
4.130918e-01
3.460825e+01
3.157381e-02
2.779557e+00
1.743634e+00
9.773321e-01
1.929388e+00
2.523360e-05
7.352229e-05
7.150590e-02
3.549361e-05
6.608515e-02
9.347573e-02
5.419724e-06
1.359732e-02
1.616389e+00
9.672203e+02
