2.772205e+01
3.070415e+04
1.817182e+01
1.474916e+02
5.097470e-01
1.855636e+01
3.940564e+00
1.167670e-02
4.494320e-04
7.164065e-04
2.520695e+02
1.846116e+04
4.233851e+00
4.191801e-05
3.394777e-01
6.732926e-02
1.098143e-01
7.355987e+07
1.773866e-03
1.833291e+04
1.046175e-02
2.411905e+06
1.507316e+01
9.139399e+01
1.585095e-02
4.923814e-02
2.027074e+01
3.662130e+01
6.717015e+01
2.608797e-01
2.745548e-01
1.267357e+06
3.849923e+01
1.504397e+03
2.120915e+01
2.488327e+03
1.000000e+00
3.441977e-03
5.036275e-04
7.650000e-03
5.297538e+01
5.853826e+05
5.966107e-02
2.928212e+04
6.994473e+01
7.037924e+00
1.067602e+01
8.285596e+00
8.845803e+01
4.843105e+02
9.768705e-02
7.638056e+04
3.795588e+00
7.034791e-04
4.955850e-02
1.580784e+03
4.824846e+01
2.219509e+01
2.335459e-02
6.810438e+00
2.145864e-02
9.485370e+00
1.643701e+00
3.058004e+00
2.328589e+00
1.711180e-03
3.199723e-04
2.448164e-01
4.488206e-05
9.320265e-02
1.964266e-02
2.397354e-04
4.183571e-03
2.547505e+00
5.460611e+01
