1.935150e+00
3.275986e+01
6.565724e+00
1.472650e+00
4.978148e+02
5.045178e+01
3.120136e+00
5.916241e-05
1.984338e-01
6.351188e-02
5.421114e+01
6.464284e+05
9.285341e+01
4.101340e-02
3.674478e-04
1.525047e-03
3.701071e-02
1.273218e+06
5.709884e-05
9.212729e+03
1.513315e+00
1.872282e+06
6.129705e-01
6.029485e-01
2.708051e-03
1.548410e-02
2.794813e+01
1.419850e+02
2.449019e+00
2.908128e+02
6.971526e-02
3.569882e+04
1.045296e+00
4.452436e-01
1.261115e-02
1.452973e+01
2.605616e+00
6.241103e-04
2.357645e-02
8.952168e-06
1.911282e+00
3.022252e+02
4.950409e-03
2.286940e+04
1.206732e+00
3.305989e-02
2.887368e-01
4.849882e-01
6.813882e+00
1.507003e+03
1.349129e-03
5.351217e+02
5.259031e-02
2.479044e-02
2.190759e-03
1.096951e+01
7.672559e-01
7.856551e-01
2.456149e-02
7.305597e+02
7.909311e-03
5.209319e+01
5.660394e+01
3.684690e-01
2.017865e+00
4.916045e-04
2.208002e-03
1.100046e-04
2.591130e-03
4.703458e-04
9.609259e-03
2.224937e-04
4.155283e-01
3.331651e+00
1.805912e+01
