1.695641e+00
2.108570e+04
1.762172e+01
2.064081e+00
5.338408e+01
2.537708e+00
1.000000e+00
1.166219e-04
6.048731e-01
2.018099e-02
1.567147e+00
1.840738e+03
6.531971e+00
3.068782e-02
1.382721e-01
2.677694e-03
2.019958e-02
3.428862e+06
4.898679e-02
2.302574e+01
1.495124e+00
8.813804e+03
4.597063e+02
3.964431e-01
7.323918e-04
1.298040e-03
5.706804e+00
3.511844e+03
7.982133e-02
4.745818e+00
5.185298e-03
2.780467e+03
1.031352e+03
1.945012e+00
1.079445e+00
5.733058e+00
2.142502e+00
6.515208e-04
2.082298e-02
7.778699e-05
4.653681e-01
1.105727e+04
5.499383e-02
2.553595e+03
4.475162e-01
2.245462e-02
1.128894e-02
1.024885e-01
9.261589e-01
2.970855e+02
2.501117e-02
3.831098e+02
5.873300e-01
1.752922e-03
2.235151e-03
1.431323e+00
1.371199e+00
8.379395e-02
4.305869e-02
1.612983e+02
4.006291e-03
1.377449e+00
2.175629e+00
1.396756e-01
1.000944e+00
1.671861e-04
3.650209e-03
3.702743e-03
1.537200e-05
3.225853e-01
3.653626e+00
5.826628e-07
1.384439e+00
1.714936e+00
4.883770e+02
