4.576026e+00
1.096624e+01
5.192178e+01
1.372775e+03
1.433309e+01
5.372127e+02
1.163109e+00
4.367078e-04
1.179912e-01
2.848673e-03
2.774226e+00
9.616958e+03
1.204978e-01
6.719312e-04
3.221798e-03
2.711643e-01
4.879507e+00
4.852068e+05
1.373173e-03
2.472796e+04
7.971236e+00
2.670818e+06
3.273302e+01
2.534853e-02
2.144634e-01
1.043355e+00
5.368025e+00
1.614504e+03
7.612943e-01
9.987303e-01
3.286823e+01
3.264553e+03
1.170922e+00
2.599372e-01
6.317265e-02
1.672886e+03
1.350467e+00
8.349248e-03
4.668112e-03
1.173596e-03
5.163080e+01
3.994789e+04
5.365150e-05
1.520744e+02
3.377987e+00
2.796676e+00
2.705756e-01
4.835716e-03
3.571772e-02
3.197113e+04
3.066902e-02
1.668385e+02
3.490214e-02
3.411696e-01
8.011211e-05
3.974293e+00
6.885317e+00
7.491292e-01
5.118963e-02
1.679752e+01
6.000881e-01
1.511308e+02
2.810306e-01
2.740471e+00
1.253290e+00
6.471223e-04
4.108469e-02
7.812784e-05
1.552531e-04
5.288651e-02
1.937044e+01
2.035717e-06
4.483832e-02
1.257900e+00
5.068111e+00
