3.428484e+01
3.070415e+04
5.454425e+00
1.269777e+02
3.609053e-01
1.221660e+01
3.621190e+00
6.356785e-03
9.065127e-04
6.146780e-04
7.152984e+01
3.371315e+03
8.480181e-01
1.172165e-05
3.525618e-01
3.416588e-02
2.083628e-01
7.355987e+07
1.752126e-03
4.192364e+03
1.624401e-02
1.870569e+06
8.242091e+00
9.139399e+01
1.034554e-02
1.020896e-02
1.228139e+02
3.073970e+01
1.169188e+02
4.320480e-01
1.202925e-01
3.121072e+05
4.019719e+01
1.504397e+03
1.545492e+01
1.663754e+02
1.107756e+00
1.924800e-03
3.074510e-04
7.650000e-03
1.001739e+02
7.328937e+04
2.022993e-02
6.644848e+03
1.210574e+01
1.035620e+00
1.509825e+00
2.280714e+00
4.683719e+01
4.085395e+02
6.735021e-02
2.370711e+04
7.566909e-01
5.116820e-04
2.586281e-02
1.580784e+03
5.402509e+00
3.026279e+01
2.335459e-02
3.848748e+00
1.019375e-02
8.625101e+00
2.022462e+00
2.466629e+00
2.752262e+00
1.812742e-03
2.074701e-04
1.470263e-01
3.753037e-05
2.441611e-02
2.431401e-02
6.920567e-05
1.422094e-03
2.746683e+00
2.065640e+01
