7.722669e-02
2.580526e+02
4.181880e+01
1.233328e+02
2.964899e+01
1.988202e+02
1.835269e+00
1.622983e-04
5.692869e-03
1.580249e-03
1.889843e+00
2.955461e+04
1.429297e+00
4.765388e-04
1.008962e-02
1.889796e-02
2.963764e-01
4.906243e+04
3.428229e-02
2.850850e+01
2.749730e-01
4.982106e+04
2.626857e+01
2.727473e-01
3.713260e-03
4.805276e-02
2.532316e+01
1.737542e+02
9.827025e+00
6.753181e+01
5.451952e-01
5.187402e+03
1.236801e+01
5.420221e+00
3.243685e+00
3.686819e+03
1.252583e+00
1.347830e-03
1.166392e-03
2.911727e-05
1.425271e+00
3.198989e+03
1.044855e-04
1.314736e+02
2.055251e-01
2.057219e-03
5.345919e-01
2.261974e-02
3.556724e-01
1.541855e+03
1.104745e-02
1.180180e+02
6.879863e-03
7.272251e-02
7.339737e-03
3.701905e+01
3.309812e-01
3.478014e-01
3.399923e-02
2.346397e+01
4.522076e-02
6.554288e+00
6.366848e-01
1.550710e-01
1.751684e+00
2.548721e-04
5.169279e-04
8.122995e-04
9.262349e-05
1.034870e-02
8.163941e-02
1.942604e-06
6.804649e-03
2.207773e+00
3.147867e+02
