7.916191e-01
1.162522e+03
5.589177e+01
1.328348e+02
3.868700e+01
9.121971e+01
2.033494e+00
4.080118e-04
1.855400e-03
1.962600e-03
1.240079e+01
4.431991e+05
6.054739e+00
1.345475e-03
8.117235e-02
2.006487e-02
9.227108e-02
2.403778e+05
2.658581e-03
6.233348e+02
2.434233e+00
1.777256e+05
1.816892e+01
1.816996e+00
2.129176e-02
1.977620e-01
6.402011e+00
2.255153e+03
3.381373e-01
1.077200e+01
3.394808e-02
1.455311e+04
5.181634e+00
1.435824e+01
3.533751e-01
4.929389e+02
1.609003e+00
1.140818e-03
5.309820e-03
7.702417e-05
3.001609e+01
6.381741e+04
1.230443e-03
1.858919e+01
1.328738e+00
4.961108e-02
9.481739e-01
9.118161e-02
2.674187e-01
6.879703e+03
4.481709e-02
7.353167e+02
5.380012e-01
2.042898e-02
6.450153e-04
8.107582e+00
2.062354e-01
2.279613e-01
3.360651e+00
5.239786e+00
4.298296e-03
4.006799e+01
2.079612e-01
3.030074e-01
1.315059e+00
3.311106e-03
5.136205e-03
3.556366e-03
2.395156e-05
3.180543e-03
7.505823e-01
6.138178e-06
3.863107e-02
2.264805e+00
1.562804e+02
