4.827544e-02
3.318714e+03
4.740583e+01
1.886816e+02
3.522131e+02
9.223260e+01
2.937814e+00
9.313594e-05
3.564487e-02
1.361168e-03
1.647128e+01
3.818255e+05
1.031393e+00
6.213115e-03
2.794706e-03
1.023693e-02
2.318142e-02
5.775286e+05
2.076200e-03
2.622015e+02
5.194004e-02
4.805896e+02
2.168598e+01
1.026112e+00
7.518411e-02
5.358727e-01
4.642693e+00
5.473625e+01
1.730656e+01
8.971035e-01
3.765238e+00
4.058998e+05
5.369897e+00
3.179594e+01
3.764904e+00
5.842949e+02
1.484121e+00
2.202916e-03
1.231123e-03
9.650714e-06
1.019262e+01
4.149874e+04
1.109255e-04
1.990625e+02
8.977018e-01
2.980676e-02
1.144076e-01
2.420854e+00
1.357037e+00
1.116789e+03
8.651955e-01
2.147925e+03
6.840569e-02
2.616711e-01
1.862105e-02
1.507508e+01
8.149744e+00
8.113116e-01
6.792483e-01
4.034495e+01
3.795573e-02
2.286283e+00
3.657316e+00
8.233427e-01
2.045974e+00
2.626585e-05
1.157536e-04
9.660302e-02
3.493311e-05
9.087763e-02
8.047762e-02
6.401055e-06
1.124458e-02
1.745207e+00
1.101009e+03
