7.181646e-02
4.032948e+02
3.434108e+01
4.560093e+01
1.887564e+01
5.020889e+01
1.970527e+00
9.182573e-05
3.261152e-03
1.265727e-03
3.289647e+00
4.865851e+04
2.330099e+00
6.559723e-04
2.209417e-02
2.747696e-02
9.626823e-02
1.858974e+06
3.717605e-03
1.426164e+03
1.303764e-01
8.745719e+04
1.295551e+00
2.664744e+00
1.590060e-02
4.384512e-02
3.046125e+00
1.336898e+02
4.328240e+00
2.448378e+01
1.001760e+00
1.535960e+04
3.656919e+01
4.247525e+00
1.385495e+00
1.198385e+02
1.383431e+00
1.124335e-03
2.083697e-03
4.059997e-05
7.533355e-01
4.374386e+03
1.138564e-04
6.670506e+02
4.083394e-01
2.874467e-02
7.210601e-01
7.113399e-01
7.824080e-01
1.212842e+03
3.654848e-03
8.002043e+02
2.945770e-02
7.138752e-03
1.552723e-03
1.136728e+01
3.885886e-01
5.074544e-01
2.903787e-01
9.557719e+00
1.710564e-02
8.843905e+00
5.041672e-01
1.210636e-01
1.745005e+00
8.687776e-05
8.126124e-04
1.387339e-03
3.823388e-05
4.241817e-02
3.325375e-01
2.187752e-06
2.987550e-02
2.131666e+00
4.193743e+02
