4.017761e-01
2.903357e+03
1.892887e+01
8.661973e+01
2.219440e+01
3.039252e+02
1.195405e+00
4.891972e-04
2.128031e-03
6.742108e-04
7.800141e+00
5.972730e+03
1.404457e+00
1.374888e-02
9.680491e-03
1.141088e-01
3.105121e-01
1.307766e+06
1.247805e-02
1.091195e+01
1.054873e+00
5.936295e+04
9.317145e+01
6.179374e-01
3.729168e-03
2.867620e+00
2.630594e+02
2.370679e+03
5.477845e+01
5.661830e+01
2.308679e+00
1.350584e+05
4.755481e+01
2.777964e+02
4.281164e+00
1.874021e+01
1.420020e+00
1.870422e-03
6.034672e-04
3.747798e-04
1.518058e+01
1.701663e+04
8.247759e-03
4.407392e+03
6.857948e+00
2.497172e-01
1.249094e+00
8.481522e-02
2.536448e-01
8.429664e+02
4.199381e-01
7.448267e+01
1.498330e-02
7.565789e-02
3.066311e-03
2.150227e+02
6.653261e-01
2.104398e+00
1.175737e-01
2.983231e+01
1.006359e-01
2.860076e+01
1.518493e+00
7.569142e-01
2.035705e+00
5.329042e-04
3.487174e-03
4.748458e-02
4.634293e-06
1.019380e-03
1.774806e-01
7.051292e-05
3.147782e-02
2.607137e+00
2.524142e+02
