2.052094e-01
5.266900e+02
1.778432e+01
1.034592e+01
1.313823e+01
9.439445e+01
1.956775e+00
2.244579e-04
4.458983e-03
4.249330e-04
4.732584e+00
5.733768e+03
1.038784e+01
1.342244e-03
2.085904e-02
3.122380e-02
3.108075e-02
4.253596e+06
2.141463e-03
3.058443e+02
5.490281e-01
4.336519e+04
1.186351e+01
6.904474e-01
6.051592e-03
1.732239e-01
8.548085e+01
2.452206e+02
2.027588e+00
1.389846e+00
2.133060e-01
1.054321e+04
5.704829e+01
7.252667e+01
4.454334e-01
5.469417e+01
1.607089e+00
9.636879e-04
2.269147e-03
1.168680e-04
6.334860e+00
1.082553e+04
5.487389e-04
4.383837e+02
1.039515e+00
2.005103e-02
2.210881e-01
5.334851e-02
1.305143e+00
3.353978e+02
3.615772e-02
1.415065e+04
5.100948e-02
4.505747e-02
1.538522e-03
7.247953e+00
1.797219e-01
2.082738e-01
8.150101e-01
8.605624e+00
1.140576e-02
4.202291e+00
1.098569e-01
1.574831e-01
1.346177e+00
2.431054e-04
5.941360e-04
8.989507e-03
8.736678e-05
8.371745e-03
2.326006e+00
2.207942e-05
6.309103e-03
1.898765e+00
1.923207e+02
