4.040848e-01
8.690327e+02
1.158614e+01
1.306549e+00
5.208664e-01
4.442425e+02
2.755744e+00
4.728381e-05
1.967186e-02
2.506186e-04
2.754053e+02
2.305565e+04
1.301381e+00
6.677776e-02
1.113203e+00
2.768700e-02
2.947923e-02
4.244565e+04
2.024785e-04
1.776744e+03
4.157870e-02
3.751161e+03
3.628880e+00
1.061067e+00
7.379801e-02
1.245207e-01
8.043962e+00
4.415834e+04
6.574760e+02
7.044567e+00
2.729360e+01
2.033056e+05
7.647509e+00
4.877135e+02
3.660238e-02
3.245656e+01
3.175271e+00
3.557870e-02
4.585882e-03
1.145368e-04
4.846200e+01
2.997604e+03
5.973150e-02
3.793805e+01
8.657294e+01
5.727485e-03
2.707461e+01
6.660337e-01
6.417047e+00
2.431024e+05
4.802837e-03
7.986763e+03
3.665722e-01
3.956021e-01
1.239798e-01
9.988952e+02
5.589087e+00
1.028504e-01
2.495611e+00
4.584920e+02
2.380349e-03
2.847173e+01
2.530547e+00
4.128485e+01
3.176624e+00
2.203529e-03
5.277111e-04
1.621886e-02
5.262080e-04
9.269102e-03
5.809390e-02
8.478986e-06
3.891790e-02
1.986002e+00
7.997469e+01
