3.699670e-01
3.215173e+02
1.436980e+01
4.734423e+00
7.975310e+01
6.852524e+01
1.485835e+00
2.865291e-05
2.294182e-03
1.238314e-03
4.256992e+00
2.213395e+03
3.324293e-01
4.752031e-04
6.470936e-02
3.868663e-02
7.454524e-02
1.268151e+05
1.200525e-02
4.507809e+01
1.140707e-01
3.638878e+04
2.991499e+01
6.237731e-01
1.101525e-02
5.451039e-02
5.072303e+00
1.164896e+02
6.416045e+00
8.485148e+00
4.128962e-01
6.875827e+03
4.657348e+00
1.190482e+01
4.924749e-01
7.307411e+02
1.966533e+00
9.764891e-04
2.260335e-03
4.165666e-05
3.781648e+00
8.754412e+02
1.138475e-04
3.560068e+02
1.096271e+00
5.268744e-02
9.524701e-02
2.408809e-02
1.124157e-01
5.794641e+02
1.865676e-02
1.585978e+02
4.290295e-02
2.509830e-02
4.072066e-03
1.126431e+01
9.505091e-01
7.393501e-02
3.144776e-01
7.706340e+01
1.784066e-02
3.181266e+01
1.849484e-01
5.994733e-01
1.563023e+00
7.501978e-05
2.438376e-03
2.143651e-04
2.202003e-05
6.672248e-03
2.767495e-01
2.782936e-05
8.109290e-03
1.979225e+00
1.089089e+02
