3.221063e-02
2.695698e+02
2.503381e+01
6.009048e+01
7.060737e+01
1.638035e+02
1.870184e+00
1.966648e-04
4.072787e-03
9.603612e-05
1.635633e+00
4.304926e+03
4.713885e-02
1.359060e-03
2.631823e-02
3.164376e-01
8.504220e-01
1.458142e+07
1.761206e-03
1.871745e+02
1.143024e-01
2.436793e+04
3.400888e+00
9.387287e-02
1.004375e-02
2.939003e-01
1.559566e+02
2.433952e+02
7.830611e-01
8.009662e-01
4.473681e-02
1.888144e+05
3.611367e+00
1.653954e+01
8.581457e-01
5.188522e+00
1.735001e+00
8.088639e-04
3.483977e-03
5.871783e-05
1.336200e+00
2.028420e+02
2.438433e-04
1.023559e+03
1.021429e+01
8.102954e-03
1.204765e-02
5.243423e-02
5.131915e-02
3.498987e+03
9.358569e-03
3.074199e+03
1.833146e-02
1.224206e-02
7.256619e-04
4.466970e+00
3.301493e+00
9.310661e-02
2.265293e-01
4.087066e+00
7.034341e-02
5.566448e+00
6.957314e-01
2.998437e+00
1.324737e+00
1.471559e-04
3.108660e-04
4.470422e-03
2.014112e-05
9.327649e-03
1.136109e+00
1.783547e-06
7.628502e-02
3.357104e+00
6.383001e+02
