2.644966e-01
8.864826e+00
2.701442e-01
1.559483e+03
1.948865e+02
5.937415e+01
1.121765e+00
1.115805e-05
2.310450e-03
2.705335e-03
1.210237e+01
1.581851e+06
6.551624e-02
2.591777e-04
1.842621e-03
1.868457e-03
4.099296e-03
2.422057e+04
2.647622e-01
8.451738e+02
7.945764e-02
5.613572e+04
1.140031e+02
9.558860e-01
9.703569e-04
7.044801e+00
2.202104e+00
2.221285e+04
2.001613e-01
9.552629e+00
3.735361e+01
2.643923e+04
7.671125e+00
1.095065e+00
7.830363e-03
2.527027e+00
3.138178e+00
1.258429e-03
2.654718e-03
1.401421e-04
4.777009e+02
9.644346e+04
1.279929e-02
4.150962e+02
3.129051e+00
9.024337e-02
8.970028e-02
7.909215e+00
1.159159e-02
1.688405e+02
3.216372e+00
1.970500e+02
1.625778e+00
9.459967e-03
9.710298e-03
4.412718e-01
1.256383e+00
6.225251e-02
4.795008e-02
9.561255e+01
1.935623e-03
1.075492e+02
4.197402e+00
8.554370e-01
1.792503e+00
2.604976e-03
5.235595e-04
9.005107e-02
2.495273e-03
8.932784e-02
5.485109e-02
4.694368e-05
3.521447e-01
2.013738e+00
7.603167e+01
