2.361217e-01
7.176397e+02
1.347668e+01
1.842242e+01
1.576382e+01
7.419894e+01
1.974357e+00
7.614603e-05
7.394554e-03
3.326290e-02
4.616012e+00
7.200532e+03
1.927696e+01
1.752939e-03
9.319911e-03
3.511304e-02
6.557471e-02
2.977162e+05
1.421446e-03
1.757521e+01
2.162476e+00
4.337907e+04
3.851338e+01
8.141818e-01
5.781327e-02
1.231726e-01
2.691181e+01
1.286891e+03
3.727117e+01
1.939546e+01
3.233782e-01
4.284664e+04
5.715642e+00
7.535425e+00
9.260889e-01
1.389836e+02
1.638217e+00
3.217033e-03
6.009408e-04
2.946052e-04
6.706415e-01
2.212342e+03
2.776110e-04
3.876541e+02
2.172297e+00
1.010588e-01
4.760679e+00
7.388786e-02
2.128148e+00
1.269464e+03
1.503035e-03
6.493574e+02
2.615635e-01
1.234968e-02
1.066968e-02
8.815515e+01
3.367130e-01
8.010069e-02
1.676352e+01
2.768991e+01
3.409537e-03
1.913445e+01
4.966167e-02
7.509013e-01
1.824592e+00
1.381694e-04
1.329978e-04
5.071074e-03
8.594735e-06
9.806480e-03
1.939269e+00
1.131685e-05
6.665796e-02
1.705250e+00
1.878627e+02
