8.135868e-02
1.624961e+03
6.355389e+01
1.140846e+02
1.654310e+03
1.065547e+02
2.660728e+00
1.091076e-04
2.690505e-03
2.075981e-04
6.123007e-01
1.212203e+05
8.717779e+00
2.927785e-03
1.162171e-02
6.919940e-02
2.323037e-01
9.029411e+05
1.336692e-03
3.664932e+01
4.087695e-01
2.932267e+05
7.019777e+00
1.249435e+00
1.896679e-02
3.731295e-01
9.344521e+01
1.350740e+03
7.275191e+00
1.123675e+01
4.626236e-02
4.558081e+04
2.097988e+01
1.509173e+00
1.015210e+00
3.224629e+01
1.807118e+00
5.530848e-03
1.360605e-03
4.044448e-05
8.648548e-01
8.604820e+03
8.247096e-04
2.512360e+02
9.499678e+00
8.366531e-02
4.323106e-01
6.444060e-02
2.641525e+00
1.138409e+04
7.677843e-01
3.891881e+03
1.771921e-01
1.081658e-01
4.858690e-03
4.749888e+00
2.255570e-01
4.585535e-01
9.176401e+00
6.080155e+01
6.927340e-02
5.074192e+01
7.571342e-01
4.128853e-01
1.502914e+00
4.602914e-04
7.297328e-04
8.735306e-03
1.043278e-04
3.454375e-01
5.371198e+00
1.513713e-04
4.144125e-02
2.495403e+00
8.800677e+02
