9.362859e-02
5.638291e+02
2.542744e+01
1.243539e+02
4.175601e+01
7.048413e+01
2.258753e+00
8.517179e-06
7.587319e-02
9.780134e-02
6.903874e+01
5.872319e+04
1.201064e-01
2.040757e-04
9.571129e-04
7.046790e-04
3.592573e-01
8.851666e+04
1.075447e-01
1.139446e+02
5.503461e-03
5.310196e+03
2.001970e+00
3.373375e-01
4.452465e-02
2.617683e-01
2.201201e-01
4.427193e+00
3.149512e+01
1.499181e-01
4.486022e+00
3.012730e+05
9.188292e+01
1.453559e+02
1.673613e+00
1.859761e+00
1.056517e+00
8.684752e-03
6.276776e-04
1.132066e-03
8.347489e-01
4.006180e+02
4.558450e-04
3.268130e+02
1.724465e+00
8.093215e-02
7.779151e-03
3.794097e-01
2.044596e-02
1.267419e+05
2.767787e-03
3.858881e+03
1.838723e+00
1.212088e-01
1.684086e-04
1.235180e+01
3.215624e+00
3.144705e-03
6.623537e-02
8.677474e-01
3.468942e-04
9.544308e-02
1.026835e-02
3.140374e+00
1.511750e+00
1.053237e-03
7.299524e-02
7.109129e-02
1.960729e-03
5.850860e-03
4.845815e-02
1.712447e-06
2.820333e-02
2.352566e+00
4.306099e+02
