3.276257e-01
1.270646e+02
3.036706e+01
4.193845e+00
7.472038e+01
4.986303e+00
1.700554e+00
9.222182e-05
4.796214e-03
1.533079e-03
2.942601e+01
8.745321e+03
1.032421e-01
1.494599e-04
1.398900e-02
2.155791e-02
1.478227e-01
2.667579e+06
5.095884e-03
3.705608e+01
3.389226e-02
9.577965e+02
1.032074e+01
1.066453e-01
1.758301e-02
1.570085e-02
1.481337e+01
3.362731e+01
1.145373e+01
5.576917e-01
5.430629e-01
4.588416e+03
4.952448e+00
8.743253e+01
2.565232e-01
2.408879e+02
1.721328e+00
1.806736e-03
9.053065e-04
9.556601e-06
1.829522e+01
4.883699e+03
4.346525e-04
3.864968e+01
9.485445e-01
9.203950e-03
2.994385e-02
1.380087e-02
1.424403e-01
5.723501e+02
4.535336e-03
3.532261e+03
1.790094e-01
4.768696e-03
1.309011e-03
1.077226e+00
2.499302e+00
2.229690e-01
2.575214e+01
4.303305e+01
6.270992e-03
3.069946e+01
1.299631e-01
1.634527e+00
1.144926e+00
1.502324e-04
7.573017e-04
1.250813e-02
4.194862e-05
5.266800e-03
1.014416e-01
1.192787e-05
1.373536e-01
1.800836e+00
1.047316e+02
