6.635193e-01
2.213932e+03
9.685565e+00
1.571532e+02
5.294453e+01
6.541394e+02
1.419446e+00
1.042294e-04
2.194392e-02
5.512183e-03
4.051927e+00
3.415944e+04
1.056934e+01
1.692850e-03
3.960376e-02
1.536756e-01
1.535229e-01
2.026196e+06
3.825728e-03
7.161658e+02
2.652259e-01
3.040317e+04
1.923877e+02
1.411279e+00
8.349985e-02
8.040564e-02
5.289804e+01
1.137960e+03
2.762746e+00
2.728017e+01
4.913555e+00
1.160942e+05
4.392679e+01
4.611024e+01
6.763882e+00
4.331252e+02
1.666882e+00
1.771932e-03
1.793153e-02
6.941538e-04
2.732316e+01
7.461861e+03
1.045055e-03
1.138154e+03
5.326826e+00
1.148895e-02
5.282506e+00
1.999658e-01
1.824418e-01
2.920946e+03
1.904058e-02
5.720951e+02
2.024869e-01
5.497116e-02
1.370682e-03
3.348955e+01
2.201472e+00
9.404422e-01
7.650978e+00
3.740279e+01
1.272473e-02
1.977979e+01
3.269616e-01
5.878439e-01
2.298516e+00
2.448824e-03
1.651659e-02
2.375899e-03
4.979222e-05
1.014727e-01
3.398622e-01
3.164649e-05
9.367692e-02
1.787436e+00
1.036394e+02
