4.612685e-02
1.025208e+03
3.997472e+01
6.530159e+01
9.567106e+02
6.204121e+01
2.575865e+00
4.804842e-05
1.876632e-03
1.541663e-04
4.905517e-01
1.268453e+05
1.787586e+01
3.192799e-03
6.141252e-03
2.401858e-02
1.096219e-01
2.371922e+05
1.464617e-03
7.463904e+01
6.210355e-01
1.745972e+05
4.225638e+00
1.022037e+00
2.492009e-02
3.267136e-01
9.301651e+01
1.011692e+03
7.495242e+00
9.151320e+00
1.272979e-01
2.033883e+04
2.182829e+01
7.857195e-01
7.266270e-01
5.121801e+01
1.760668e+00
4.293250e-03
6.695346e-04
3.841756e-05
4.688312e-01
4.778286e+03
1.889491e-04
1.886387e+02
5.631887e+00
9.997577e-02
5.956260e-01
1.113770e-01
4.063816e+00
9.016340e+03
5.265321e-01
8.244093e+03
7.569103e-02
1.490042e-01
2.951070e-03
3.292812e+00
1.025763e-01
2.479633e-01
2.269048e+01
6.501382e+01
4.296517e-02
2.280446e+01
7.354985e-01
3.707521e-01
1.530748e+00
1.757505e-04
6.368403e-04
8.956846e-03
6.304707e-05
3.471895e-01
4.418835e+00
1.502101e-04
1.731943e-02
2.048731e+00
6.913605e+02
