5.165655e-02
2.540086e+02
7.487571e+01
6.629182e+01
4.212643e+01
5.568644e+01
1.809248e+00
3.317559e-04
4.328411e-03
1.052762e-03
1.713863e+00
5.684944e+04
1.330934e+01
9.524330e-05
3.853227e-03
1.496267e-01
5.139395e-02
1.562111e+05
2.107589e-03
5.814880e+01
1.434226e+00
3.964954e+04
1.513477e+01
7.029942e+00
1.264842e-02
2.343030e-02
7.123721e+00
4.109542e+03
2.322466e+02
1.942305e+02
1.048957e+01
6.237321e+04
5.360258e+01
7.124637e+01
6.116121e+00
1.352954e+03
2.581852e+00
2.087177e-03
1.351781e-03
9.497064e-04
5.399522e+01
2.598161e+05
2.034028e-03
4.425373e+02
1.691593e+01
2.467310e+00
3.541488e-01
2.361612e-01
1.481462e+00
4.386081e+04
6.327268e+00
3.424228e+02
5.859831e-01
5.377057e-01
2.158471e-04
3.187270e+00
1.319494e+00
7.645044e-02
8.192429e-01
1.006946e+03
6.776714e-02
4.088657e+00
1.170793e+01
1.018382e-01
2.525798e+00
1.012523e-04
1.028190e-01
2.824336e-02
1.659334e-04
2.212724e-02
6.483510e-01
1.231101e-04
3.959157e-02
2.144664e+00
6.771182e+02
