3.211001e-02
1.435291e+03
2.213883e+01
5.045057e+01
3.858062e+01
1.092617e+02
2.294066e+00
8.167987e-06
1.421239e-01
1.245747e-01
2.137533e+02
1.327460e+05
1.845320e-01
2.714392e-04
7.456540e-04
7.877447e-04
3.737055e-01
3.728589e+04
8.076457e-02
3.001214e+02
1.239426e-02
1.184303e+04
2.161225e+00
1.148728e+00
1.047050e-01
3.211838e-01
1.923118e-01
2.330865e+01
5.182893e+01
4.404692e-01
3.748709e+01
5.710367e+05
7.026786e+01
3.690804e+02
1.529777e+00
3.344512e+00
1.099540e+00
2.166939e-02
1.192603e-03
5.776175e-04
9.427124e-01
4.510883e+02
5.916279e-04
1.007865e+03
3.701938e+00
9.383567e-02
6.519866e-02
7.712725e-01
9.099687e-03
1.772464e+05
8.311668e-03
1.029336e+03
3.116799e+00
1.261617e-01
2.043394e-03
4.870657e+01
6.987897e+00
3.144705e-03
8.640290e-02
1.513683e+00
5.503880e-04
1.566892e-01
1.026835e-02
8.301660e+00
2.112904e+00
5.692640e-04
1.086473e-01
1.757653e-01
1.892398e-03
3.638472e-03
4.189408e-02
2.538922e-06
2.234984e-02
2.119317e+00
1.114678e+03
