9.532810e-02
5.551336e+02
2.677956e+01
2.301282e+02
2.179109e+02
5.376317e+01
2.187975e+00
8.391098e-04
4.511929e-03
1.168000e-04
2.764000e+00
6.318526e+03
2.589563e-01
2.911495e-03
4.047856e-03
3.897416e+00
4.867628e-01
9.060768e+06
4.981357e-03
1.903974e+02
2.400278e-01
4.021759e+04
6.888308e+00
7.042301e-02
1.072077e-02
2.101120e-01
3.192674e+02
1.518884e+02
3.121611e+00
1.953381e+00
1.138340e-01
2.200153e+05
6.572661e+00
6.700296e+00
9.979515e-01
3.286785e+01
1.900267e+00
1.452198e-03
3.013989e-03
6.000843e-05
3.604684e+00
7.505102e+02
3.019264e-04
7.469580e+02
1.387121e+01
6.746940e-03
2.551325e-02
2.705217e-02
1.884586e-01
2.555958e+03
2.442931e-02
1.995187e+04
2.277731e-02
8.296505e-03
7.540342e-04
3.771452e+00
4.527646e+00
2.207366e-01
1.756583e-01
1.320479e+01
3.617199e-01
6.852907e+01
1.570227e+00
3.304790e+00
1.450948e+00
6.206156e-05
5.735790e-04
3.545063e-03
7.243033e-05
7.805833e-03
6.609502e-01
1.393047e-06
2.996418e-01
3.686329e+00
1.985281e+02
