4.456463e-02
7.827495e+02
7.569654e+01
8.479740e+01
2.512915e+02
5.678770e+00
2.095527e+00
4.116976e-05
4.542670e-02
1.245747e-01
2.702640e+02
3.418048e+06
2.498762e+00
5.043535e-02
6.898894e-02
9.523009e-02
1.151833e-01
3.404446e+07
2.039604e-04
1.400174e+02
5.503461e+01
8.465190e+05
1.512727e+01
1.540015e+00
5.187107e-02
1.298040e+01
7.432064e+01
4.415834e+04
4.618655e+01
1.499181e+03
1.493412e+01
8.843047e+03
2.092758e+01
6.515067e-01
4.535957e+01
1.966811e+03
1.784019e+00
9.460791e-04
1.365334e-02
4.169925e-04
3.337038e-01
8.562744e+05
3.488518e-03
4.467792e+02
1.315459e-01
4.381324e+00
8.296887e-02
7.072450e+00
2.398737e+00
1.587980e+03
3.739543e-03
1.820589e+03
1.831378e-01
3.264153e+00
1.702639e-02
7.449103e+01
2.482068e-01
1.582613e-02
1.574342e+02
4.837837e+00
1.225564e-03
1.125808e+02
1.842876e-01
6.374901e+01
1.083892e+00
6.490881e-04
8.660907e-03
2.448164e-01
3.781451e-06
9.675822e-04
4.455461e+00
1.721724e-05
4.381134e-02
4.000000e+00
9.656552e+02
