4.153808e-02
3.173493e+02
2.976414e+01
6.957712e+01
8.406744e+01
1.650270e+02
1.980610e+00
2.275622e-04
3.086356e-03
6.917438e-05
1.462835e+00
7.426058e+03
3.807546e-02
1.649790e-03
3.344555e-02
4.630917e-01
1.181452e+00
1.749198e+07
3.350908e-03
2.530392e+02
1.787498e-01
2.602511e+04
3.328339e+00
7.780889e-02
1.170055e-02
3.977328e-01
1.933082e+02
3.376868e+02
1.265166e+00
1.210585e+00
5.958085e-02
2.166767e+05
4.265997e+00
2.007482e+01
1.101515e+00
8.534712e+00
1.694178e+00
1.052425e-03
3.389814e-03
4.290824e-05
1.660894e+00
2.161028e+02
2.402089e-04
1.356370e+03
1.793971e+01
1.372668e-02
2.335624e-02
4.766038e-02
6.873534e-02
6.306827e+03
1.122545e-02
5.924601e+03
3.509246e-02
1.017819e-02
7.443104e-04
6.458147e+00
3.509108e+00
8.104259e-02
2.899638e-01
7.856619e+00
1.243187e-01
8.980449e+00
8.391002e-01
4.326348e+00
1.399869e+00
1.302350e-04
4.337197e-04
3.258309e-03
1.987291e-05
1.366656e-02
1.671447e+00
1.831571e-06
8.298696e-02
3.457202e+00
6.550198e+02
