5.216099e-02
3.605559e+02
2.626062e+01
1.059211e+02
2.030122e+02
1.946121e+02
1.999899e+00
2.046748e-04
3.667183e-03
6.117269e-05
2.671827e+00
1.024428e+04
4.148324e-02
2.322222e-03
2.788075e-02
6.282104e-01
1.410944e+00
1.465038e+07
3.190364e-03
2.615215e+02
2.619706e-01
4.164222e+04
2.418805e+00
8.990074e-02
1.250368e-02
5.573457e-01
2.149983e+02
2.760467e+02
2.853085e+00
1.474541e+00
7.825498e-02
2.778669e+05
3.126012e+00
7.673886e+00
9.939488e-01
5.812501e+00
1.862885e+00
1.557892e-03
1.787161e-03
6.635922e-05
1.201835e+00
2.693091e+02
3.403089e-04
1.059661e+03
3.486405e+01
7.511686e-03
2.220654e-02
3.613475e-02
7.929292e-02
7.390712e+03
1.386214e-02
1.205181e+04
1.841701e-02
5.451357e-03
1.304445e-03
1.058088e+01
4.950004e+00
6.521582e-02
2.335134e-01
9.607787e+00
1.009891e-01
9.208993e+00
1.124382e+00
4.591770e+00
1.362924e+00
2.103469e-04
5.635031e-04
5.669868e-03
5.066126e-05
1.946070e-02
1.211854e+00
1.995125e-06
2.255809e-01
3.747039e+00
6.064135e+02
