2.378391e-01
5.599896e+02
1.595327e+01
9.792158e+00
1.489514e+01
1.586399e+02
1.927716e+00
2.355774e-04
3.881370e-03
4.525598e-04
6.455299e+00
5.910571e+03
1.111794e+01
1.875677e-03
2.364656e-02
3.588330e-02
4.995567e-02
4.274779e+06
2.885338e-03
4.567283e+02
5.417476e-01
4.263244e+04
1.449750e+01
6.440230e-01
4.480159e-03
1.650854e-01
7.436889e+01
1.823588e+02
2.218387e+00
1.954318e+00
2.175354e-01
1.173914e+04
6.011503e+01
9.567687e+01
4.603916e-01
1.243144e+02
1.725077e+00
1.178299e-03
3.017963e-03
1.543661e-04
6.273100e+00
1.450711e+04
5.864982e-04
6.170165e+02
1.085317e+00
2.286458e-02
2.279008e-01
6.634307e-02
1.103668e+00
6.106935e+02
5.279236e-02
1.220320e+04
4.781310e-02
4.765464e-02
1.184096e-03
9.433749e+00
1.828227e-01
2.848558e-01
6.422250e-01
6.427114e+00
1.560845e-02
3.465094e+00
1.104154e-01
2.780633e-01
1.341614e+00
3.517840e-04
4.074128e-04
5.644605e-03
8.990483e-05
1.183565e-02
2.262247e+00
3.422792e-05
3.649510e-03
2.005963e+00
2.086420e+02
