1.757271e-01
5.512453e+02
2.016919e+01
1.584432e+01
1.239825e+01
9.756280e+01
2.072599e+00
3.263215e-04
4.282585e-03
4.648982e-04
5.836017e+00
8.430881e+03
2.072609e+01
1.715897e-03
1.876731e-02
3.646803e-02
2.436729e-02
2.693707e+06
1.839628e-03
3.557830e+02
5.997927e-01
6.131325e+04
1.001585e+01
1.480014e+00
6.755192e-03
2.037591e-01
6.582247e+01
3.921592e+02
2.514903e+00
1.775793e+00
4.121181e-01
1.148903e+04
6.667905e+01
7.408547e+01
8.693049e-01
4.905303e+01
1.786640e+00
9.933111e-04
2.459590e-03
1.747179e-04
6.532749e+00
1.612063e+04
7.906962e-04
3.765148e+02
9.114127e-01
2.159773e-02
4.223858e-01
1.074275e-01
1.883228e+00
5.970498e+02
8.076727e-02
8.915198e+03
6.252054e-02
5.126118e-02
1.703234e-03
9.720657e+00
2.949081e-01
1.909251e-01
9.605297e-01
1.805609e+01
1.052398e-02
3.134685e+00
1.751880e-01
1.556876e-01
1.420206e+00
3.481984e-04
8.095204e-04
1.889377e-02
7.908136e-05
1.034777e-02
2.882943e+00
3.433961e-05
9.126217e-03
1.944601e+00
2.536994e+02
