2.942522e-01
3.133216e+03
1.481954e+01
3.980684e+02
7.918046e+00
3.716475e+02
2.052418e+00
3.752141e-05
8.533326e-03
5.144286e-03
5.191659e+00
4.066295e+04
1.810361e+01
6.968584e-04
1.217446e-02
7.051298e-02
1.010955e-01
4.594709e+05
6.759708e-03
2.716475e+03
2.455487e-02
1.983370e+04
1.949073e+01
8.863643e-01
2.426388e-02
1.426559e-01
1.642492e+01
2.987074e+02
1.472509e+01
6.323209e+01
2.029953e-01
2.326167e+04
2.646138e+00
1.129951e+01
1.210088e+01
2.407165e+02
1.250344e+00
6.585113e-02
8.954649e-04
4.648054e-05
2.285166e+00
3.002177e+04
1.186021e-04
1.312752e+02
2.336715e+00
6.937773e-01
1.368761e+00
1.218364e-01
1.639812e-01
2.553875e+04
1.349928e-02
1.003214e+04
1.258758e-02
3.567344e-02
3.390981e-03
1.107686e+00
4.943440e-01
4.871327e-01
3.541681e-01
8.965580e+01
2.181408e-02
6.024577e+01
1.734001e-01
4.429134e-01
2.289031e+00
2.875697e-04
7.835357e-04
2.828794e-04
5.804746e-05
1.780086e-02
3.556654e-02
7.718171e-05
1.701465e-03
1.452687e+00
1.899625e+02
