1.112500e+00
1.171739e+03
1.919369e+01
1.167448e+01
2.380194e+01
9.142512e+02
1.672836e+00
7.860486e-06
2.487375e-03
1.374101e-02
7.589554e+01
1.255650e+05
7.699787e+00
4.594223e-04
1.517671e-02
5.327748e-03
1.108179e-02
8.541750e+05
2.315451e-04
3.410242e+01
3.984016e-02
2.498700e+04
3.750079e+01
1.529724e+01
2.056757e-01
5.846914e-02
4.577564e+02
1.901011e+04
2.167761e+02
2.372352e+00
1.057877e+00
6.240604e+03
2.397496e+01
2.766888e+01
2.061219e+01
3.865171e+02
1.838373e+00
1.311539e-03
7.374959e-04
6.910615e-05
8.177267e+00
1.920961e+05
1.078448e-03
2.079874e+01
3.081664e+00
1.072632e-01
1.074712e-01
5.676153e-02
1.390407e+01
1.322126e+04
2.623906e-03
4.112211e+03
4.001181e-02
2.074318e-01
5.594750e-04
9.105210e+01
6.946403e-01
1.429387e-01
2.450703e-01
8.117783e+00
4.329378e-02
6.247159e-01
2.176918e-01
2.618503e+00
2.670641e+00
1.064046e-03
1.499995e-04
8.362007e-04
7.176027e-06
4.072359e-01
4.174105e-01
1.527467e-06
3.989122e-03
2.173518e+00
8.451367e+01
