5.521789e-02
5.453653e+03
8.308789e+02
4.061869e+02
8.809959e+02
2.252400e+02
2.130861e+00
3.567522e-05
1.464262e-03
1.084949e-01
2.194977e+01
8.495174e+04
4.377430e+00
7.921553e-04
5.436525e-03
1.091113e-01
5.360060e+00
4.479632e+06
7.289604e-03
1.916783e+01
2.614164e-02
2.265552e+05
8.379437e+01
1.423751e+00
1.336514e-02
9.782128e+00
1.415108e+02
4.404327e+02
5.371072e+00
8.801775e+02
1.758432e+01
1.385812e+03
1.616033e+01
8.675119e+01
1.677908e+01
8.076798e+02
3.150849e+00
2.537720e-03
7.759682e-03
4.145954e-04
1.763178e+00
4.072042e+04
3.259071e-05
3.007602e+03
4.291972e-01
1.137326e+00
1.059609e-02
1.660009e-01
1.614725e+00
1.650894e+04
2.602823e-02
3.882581e+02
2.759314e+00
9.800427e-01
1.613435e-02
3.828427e+00
8.748445e-01
1.039206e-01
2.315875e+01
2.285919e+02
8.408097e-02
1.901084e+01
4.626936e+00
4.366075e-01
2.188183e+00
1.719853e-05
1.811437e-03
8.675721e-04
7.591907e-05
3.667456e-02
2.568750e-02
3.442519e-03
1.072420e-03
1.070960e+00
3.135380e+03
