3.156452e-01
1.122389e+03
1.826475e+01
6.848850e+01
2.721184e+01
7.554094e+02
1.635503e+00
2.095980e-04
2.527262e-03
1.323903e-02
2.069945e+01
6.167939e+05
1.787968e+01
3.102647e-04
1.891577e-02
9.690298e-02
3.472458e-01
1.306506e+06
3.817077e-04
7.140101e+02
3.150141e-01
4.318594e+04
3.688237e+01
2.241406e-01
2.982374e-02
1.061758e-01
2.688324e+00
1.232020e+03
1.062423e+01
8.126091e+00
7.854795e-01
3.264570e+03
1.351012e+00
2.264799e+01
9.634896e-01
8.738574e+01
1.511740e+00
6.775755e-03
7.736559e-04
6.106219e-04
2.250174e+01
2.839126e+04
4.801439e-04
3.183118e+02
6.271470e-01
5.238643e-02
3.569650e-01
1.918978e-01
2.923407e+00
1.476112e+04
2.604888e-02
3.007689e+03
6.291540e-02
1.400041e-01
2.095256e-03
8.858644e+01
5.829700e-01
2.763288e-01
1.403081e+01
2.428672e+01
1.372223e-02
1.638785e+01
2.490928e+00
3.168246e-01
2.100060e+00
1.585003e-04
4.902122e-04
1.185339e-03
1.545194e-05
1.453428e-02
5.994581e-01
9.273153e-06
5.963033e-03
1.465713e+00
1.388407e+02
