4.950355e-01
2.013592e+03
1.142594e+01
6.684682e+01
1.938041e+00
1.069279e+02
1.604662e+00
6.233736e-04
3.453745e-03
4.041011e-03
8.331369e+00
1.479700e+04
7.221927e-01
5.413182e-04
4.413113e-02
4.164662e-02
8.088297e-01
8.619896e+05
1.068402e-02
8.445314e+02
1.098712e-01
1.089031e+04
4.261211e+00
4.562572e-01
5.134422e-02
6.686558e-02
1.905787e+01
6.584167e+02
2.125688e+01
4.021273e+02
1.763916e-01
7.943865e+02
1.851133e+02
1.840757e+00
9.031274e+00
1.232190e+02
2.530049e+00
9.605879e-04
3.406869e-03
1.789008e-05
6.599380e+01
6.227896e+04
1.296456e-05
5.851297e+01
5.008366e-01
1.593799e-01
3.061202e-01
6.763201e-03
2.208235e-01
5.340615e+03
2.827054e-02
6.849971e+02
1.730086e-03
3.978527e-01
3.373441e-03
4.482098e+01
5.543627e-01
4.983413e-01
1.545922e-01
1.709463e+01
5.472725e-03
2.453136e+01
5.780672e+00
7.958488e-02
2.595918e+00
3.493913e-05
4.750178e-04
1.804533e-03
7.372028e-06
2.330697e-03
1.832852e-02
7.005759e-05
3.551892e-03
1.693197e+00
1.838505e+02
