3.590750e-01
1.920471e+03
3.334777e+01
7.755455e+01
1.802637e+02
1.598119e+02
1.783450e+00
2.361374e-04
2.818588e-03
8.187639e-04
4.674889e+01
2.387030e+06
5.621822e+00
1.440778e-04
3.026093e-02
1.542662e-01
1.071614e-01
4.386045e+06
3.586094e-03
8.894409e+02
3.205650e-02
1.711465e+03
6.667638e+01
1.327571e+01
1.307701e-02
4.225371e-01
1.051172e+01
8.180394e+02
3.295589e+01
1.400104e+02
1.660416e+00
9.025922e+03
1.253365e+01
1.348434e+01
7.115124e-01
1.768639e+02
2.066764e+00
1.038914e-02
5.451660e-04
6.612714e-05
9.141850e-01
5.288355e+04
5.108857e-04
3.240427e+02
3.105485e-01
3.880475e-01
5.039145e-01
5.994449e-02
5.352054e-01
3.875655e+04
1.402390e-02
1.636111e+03
2.392095e-02
3.638852e-01
1.741960e-03
5.091200e+01
2.244224e+00
2.583384e+00
2.210993e-01
5.887883e+01
3.778819e-03
3.595710e+00
3.178183e+00
3.729820e-01
2.143814e+00
1.383536e-03
7.846414e-04
2.514830e-04
1.006989e-05
1.935416e-02
4.926204e-02
5.069267e-05
2.110126e-03
1.914424e+00
2.392309e+02
