2.106530e-01
3.917032e+02
6.279817e+01
5.129659e+01
1.901321e+01
9.831808e+01
1.869620e+00
2.646869e-04
3.326413e-03
2.228861e-03
2.593344e+00
7.139678e+05
1.542182e+00
1.097310e-02
4.187598e-02
1.535639e-02
3.960919e-02
1.360794e+06
6.473836e-03
2.635011e+03
2.772932e+00
7.920413e+04
4.689496e+01
6.590802e-01
2.133404e-02
3.587120e-01
1.090290e+01
2.750288e+01
6.632346e+00
3.962324e+01
1.090607e+00
1.404064e+04
4.194003e+00
5.665259e+01
1.065559e-01
5.360855e+01
2.330138e+00
4.555873e-03
1.286964e-03
3.343103e-04
2.844398e+00
3.570132e+03
1.311889e-03
3.970128e+02
3.779370e+00
7.382029e-02
3.363169e+00
2.317365e-01
1.253533e+01
1.732295e+04
1.308309e-02
9.595519e+02
1.257106e-01
2.155176e-02
3.244576e-03
2.759427e+01
4.333455e+00
3.169056e-01
5.126148e+00
8.328301e+00
8.175849e-02
1.082055e+01
9.253878e-01
6.928386e-01
2.221085e+00
9.073954e-04
1.917335e-03
7.996169e-03
5.651970e-05
3.877589e-03
9.869656e-02
3.363611e-05
6.800219e-03
1.667640e+00
1.891676e+02
