3.084486e-01
1.627636e+03
2.643995e+01
1.199594e+01
9.192082e+02
9.981087e+01
4.000000e+00
1.443867e-05
8.045491e-04
3.078769e-03
5.137204e+01
1.165903e+06
2.992347e-02
5.728849e-02
2.426976e-04
3.575387e-01
7.175200e+00
3.205797e+06
1.997404e-03
3.578538e+03
1.649196e-02
5.320686e+04
6.112764e+01
1.846682e-01
3.321995e-01
4.758248e+00
1.479843e+00
1.310145e+02
1.233529e+02
1.458277e+01
5.264825e-02
1.974812e+03
2.270239e+00
7.733985e+00
9.649942e+00
4.447862e+00
1.642683e+00
2.010179e-02
7.493562e-04
2.740848e-05
8.947236e-01
5.376921e+02
5.973150e-02
3.322417e+01
1.676680e+02
1.973253e+00
8.299561e-02
1.332498e+01
9.099687e+01
1.945000e+04
5.175252e-02
5.784756e+02
3.523248e+00
1.186673e+00
1.452638e-02
1.228969e+00
3.047163e-02
6.631548e-02
1.115629e-01
2.659483e+03
1.541755e-02
4.588490e-01
2.013315e-01
5.439396e-02
1.021788e+00
3.227194e-04
3.344945e-02
7.370813e-02
2.509699e-03
1.989880e+00
2.092297e+01
2.229301e-05
1.786738e-03
1.397448e+00
3.447380e+02
