2.180926e-01
6.956372e+02
4.231273e+01
1.509238e+01
8.962252e+00
1.190200e+01
1.963907e+00
2.142957e-04
8.643285e-03
3.044125e-03
6.003652e+00
6.678707e+04
3.486795e+01
4.690562e-03
1.504887e-01
1.637243e-02
2.358950e-03
1.009570e+05
3.409077e-01
2.403769e+02
3.649855e+00
1.513334e+05
4.528206e+01
4.606552e+00
5.305440e-02
7.484078e-02
3.178530e+00
3.976198e+01
5.743155e+00
3.737509e+01
7.894701e+00
4.130826e+04
2.159187e+01
6.080670e+01
2.701751e-02
1.543119e+02
2.412537e+00
1.098972e-02
7.478445e-04
3.446432e-03
5.458694e+00
9.849434e+02
5.846890e-05
7.992286e+02
1.952789e+00
2.819706e-01
1.403152e+01
7.146081e-01
8.133570e+00
6.746540e+03
1.936413e-01
1.856706e+02
4.328974e-02
2.587443e-03
7.220691e-03
3.092586e-01
1.189752e-01
2.555365e+00
4.071075e-01
1.841426e+02
2.958794e-01
2.154191e+01
3.294994e-01
9.057460e+00
1.335258e+00
1.626691e-02
2.374799e-03
1.518335e-03
1.261712e-06
1.934085e-02
6.463620e-01
1.093338e-04
1.033551e-02
2.913445e+00
2.377851e+02
