5.840943e-02
2.879852e+03
5.313903e+02
5.051393e+02
1.119943e+03
3.371221e+02
2.111536e+00
1.086286e-04
1.528381e-03
7.936584e-02
1.368578e+01
3.897289e+04
1.267449e+00
6.694534e-04
7.078858e-03
1.117229e-01
1.512922e+01
5.749240e+06
6.570573e-03
4.615061e+00
3.516742e-02
4.120416e+05
5.509239e+01
2.028234e+00
9.524519e-03
7.695507e+00
6.141546e+01
8.559170e+02
4.310212e+00
1.223365e+03
1.249967e+01
1.864271e+03
2.336141e+01
7.425583e+01
1.878716e+01
4.825072e+02
2.814913e+00
1.665119e-03
1.182864e-02
4.978636e-04
2.891421e+00
8.322841e+04
9.953034e-06
2.732352e+03
6.156472e-01
6.282225e-01
5.570981e-03
1.022120e-01
8.964974e-01
6.412206e+03
1.260601e-02
9.498624e+02
1.796559e+00
1.356267e+00
7.249717e-03
2.457929e+00
6.408820e-01
1.853426e-02
7.196522e+00
1.491124e+02
2.769541e-02
4.685536e+01
5.695726e+00
2.733286e-01
1.995490e+00
2.174918e-05
3.476849e-03
2.908958e-04
7.647627e-05
2.893435e-02
4.585597e-02
2.743881e-03
1.671167e-03
1.099420e+00
1.207862e+03
