1.002191e-01
6.628071e+01
7.157676e+00
2.936673e+01
2.247271e+00
2.369853e+03
1.306462e+00
2.974308e-03
7.875765e-05
1.660122e-03
6.565718e+01
5.001818e+03
3.559492e-02
5.686834e-05
2.426976e+00
4.505049e-02
6.386978e-03
4.304034e+05
1.341829e-02
1.624253e+01
1.636942e+00
1.617014e+05
6.983934e+00
2.586757e+00
3.969201e-01
5.747251e-02
1.267248e+00
3.680993e+02
1.197731e+02
2.187800e+01
1.764199e+00
1.512474e+04
5.902740e+00
1.454811e+02
3.099300e+01
3.952847e+03
2.088329e+00
3.284434e-01
8.747301e-04
2.467181e-06
1.271487e-01
7.059402e+03
7.543048e-05
3.130646e+02
3.845004e-02
2.505829e-02
1.251800e+00
2.344660e+00
1.457138e-01
2.193770e+03
3.081909e-03
5.818794e+04
2.785374e-03
1.475939e-01
2.263984e-04
1.711552e+02
8.460107e-01
1.270784e-01
3.001167e-02
2.659483e+03
3.826706e-03
6.704152e-01
5.274629e-01
3.149479e-02
1.233170e+00
1.869100e-04
1.721412e-04
2.173513e-04
2.486755e-03
2.854825e-01
9.042004e-01
1.072906e-04
5.295181e-04
1.667542e+00
2.268122e+02
