2.098695e-01
5.693388e+02
4.442327e+01
1.230775e+01
9.070606e+00
9.003517e+00
1.815136e+00
2.125509e-04
7.777250e-03
2.337718e-03
7.097518e+00
5.726238e+04
2.776487e+01
3.911089e-03
1.915756e-01
9.650257e-03
3.427740e-03
1.335757e+05
2.152660e-01
1.914838e+02
3.690101e+00
1.667422e+05
5.191162e+01
4.863436e+00
6.033595e-02
9.708842e-02
2.432881e+00
4.456670e+01
6.448279e+00
2.603714e+01
1.175042e+01
3.393277e+04
3.101874e+01
7.896884e+01
3.253909e-02
1.316337e+02
2.500393e+00
7.678079e-03
9.501357e-04
3.880785e-03
5.383624e+00
8.746595e+02
5.175905e-05
6.710240e+02
2.720686e+00
1.798907e-01
9.982584e+00
7.997162e-01
8.307502e+00
7.450108e+03
2.266171e-01
1.986869e+02
3.852496e-02
3.455859e-03
1.375896e-02
2.838098e-01
1.122559e-01
1.753297e+00
3.601636e-01
1.270941e+02
1.780673e-01
1.780564e+01
2.767707e-01
6.850595e+00
1.265668e+00
1.197249e-02
3.159325e-03
1.006491e-03
9.621716e-07
1.866821e-02
9.547134e-01
1.156846e-04
8.409519e-03
2.883047e+00
2.316271e+02
