1.977838e-01
3.534928e+03
5.436657e+01
1.207517e+02
1.335108e+02
2.208679e+02
1.870607e+00
5.964038e-04
1.025154e-03
2.780907e-03
6.016223e+00
3.089877e+05
4.478779e+00
9.183161e-04
9.543000e-03
1.544911e-01
1.445797e-01
1.741509e+06
8.416707e-03
2.788075e+02
1.928352e-01
8.756163e+03
6.863454e+01
1.416242e+00
1.302009e-01
1.257068e-01
3.319209e+01
4.441896e+02
9.656032e+00
6.982709e+01
1.798511e+00
3.024839e+04
1.128115e+01
3.639796e+01
1.930634e+00
2.750098e+02
1.990253e+00
4.515201e-03
1.985611e-03
5.383194e-04
3.206376e+00
7.811977e+04
8.922805e-05
5.285329e+02
1.342509e+00
5.410863e-01
1.663628e+00
2.714904e-01
5.357301e-01
1.043477e+04
8.940766e-03
2.498698e+03
3.471979e-02
5.575714e-02
2.350294e-03
1.789424e+01
5.458494e-01
2.114878e-01
8.117458e-01
2.264626e+01
2.092602e-02
2.926424e+01
2.329340e+00
1.886599e+00
2.101178e+00
3.059280e-04
2.058988e-03
1.850498e-04
7.157567e-06
4.915423e-02
2.720900e-01
5.655052e-05
5.662343e-03
2.042421e+00
3.691126e+02
