1.550206e-01
2.253188e+02
5.006468e+01
2.322440e+01
1.527800e+01
7.131892e+01
1.825450e+00
1.213971e-04
1.581835e-03
1.300885e-03
1.386884e+00
8.469530e+05
1.249358e+00
5.320173e-03
3.280946e-02
5.310495e-03
1.222397e-02
7.872931e+05
4.233777e-03
8.673446e+02
1.535765e+00
4.874674e+04
5.610478e+01
9.665740e-01
3.395245e-02
2.753436e-01
7.681099e+00
4.236621e+01
6.424734e+00
1.971048e+01
5.425068e-01
1.385504e+04
3.764108e+00
2.708892e+01
1.712647e-01
2.598577e+01
2.143700e+00
3.392799e-03
4.776066e-04
2.363586e-04
1.703284e+00
2.615086e+03
1.731377e-03
3.043798e+02
1.384472e+00
3.362524e-02
2.206267e+00
2.216737e-01
8.777487e+00
9.632323e+03
8.179845e-03
6.546347e+02
4.344605e-02
2.513630e-02
2.713886e-03
1.666240e+01
2.494165e+00
5.559761e-01
2.557147e+00
7.638529e+00
8.069095e-02
3.795718e+00
5.303508e-01
3.007927e-01
2.078732e+00
8.525065e-04
1.119671e-03
3.999871e-03
3.377449e-05
8.035152e-03
1.186175e-01
3.334496e-05
5.874759e-03
1.596782e+00
2.430999e+02
