1.314606e+01
8.973088e+02
8.997818e+00
2.234266e+01
7.016555e+01
3.802223e+01
3.793258e+00
5.682661e-05
4.241601e-03
4.069698e-04
1.856702e+02
3.017479e+06
1.112606e+02
6.994170e-05
3.425703e-01
2.149403e-01
1.210646e+01
2.356428e+05
1.336177e-01
1.312677e+03
3.548209e-01
5.515828e+03
1.143158e+01
1.455258e+00
2.592506e+00
6.395486e+00
5.041082e+01
5.176644e+02
6.574760e+02
1.499181e+03
4.850969e-01
2.163170e+04
9.756686e+01
1.428775e+00
1.684463e+00
3.620526e+01
1.406564e+00
7.696043e-04
5.320471e-03
2.102991e-05
8.211712e+01
7.927997e+05
7.186256e-03
3.429609e+01
1.960577e-01
6.122193e-01
5.044716e-02
4.799719e-03
2.234801e-01
9.219967e+02
1.446469e-02
2.785916e+04
1.445605e+00
9.020514e-03
1.318200e-01
1.580784e+03
6.395096e-02
3.144705e-03
3.917912e+00
1.414209e+00
1.011289e-01
4.744315e+02
5.590202e+00
6.574259e-01
4.000000e+00
3.039042e-05
3.495717e-05
3.008451e-03
6.948403e-04
1.083379e-01
1.467172e-01
3.320037e-04
6.016112e-03
2.207208e+00
3.753743e+00
