7.354697e-02
2.570249e+02
2.019792e+01
5.474428e+01
1.882125e+02
4.564773e+01
1.983439e+00
2.172064e-04
3.481027e-02
3.448388e-04
1.689599e+01
6.457038e+04
3.133873e-01
4.704940e-04
3.724537e-02
7.870625e-02
8.185767e-02
1.729246e+06
2.782139e-03
2.342032e+02
3.039188e-01
4.705487e+04
3.843752e+01
3.404124e-01
8.900675e-03
6.703417e-02
2.069010e+00
7.453147e+02
6.822156e+01
1.417660e+02
1.886612e+00
2.588706e+03
6.531999e+01
1.203037e+01
1.401024e-01
1.381407e+03
2.018024e+00
1.049969e-02
1.032317e-03
3.442755e-06
2.316545e+00
1.071943e+04
1.006186e-03
6.305624e+01
1.457830e+02
1.567696e-02
6.601799e-02
8.711037e-03
1.077909e+00
1.700287e+04
9.105036e-02
2.026486e+02
3.462448e-02
2.124945e-01
3.951574e-04
5.597836e-01
6.212175e-01
5.352264e-02
6.984189e-01
1.586539e+01
3.879041e-02
6.968730e+00
1.324219e+00
1.177330e+00
1.668440e+00
2.258314e-04
3.663839e-04
7.026819e-04
1.256138e-05
1.562130e-02
9.951717e-02
1.252995e-04
2.948795e-03
2.707157e+00
2.640397e+02
