5.083821e-02
2.543336e+04
5.416692e+01
1.233157e+03
9.743955e+00
1.113511e+03
3.123670e+00
2.480294e-03
2.678516e-04
1.245747e-01
1.371351e-01
1.124619e+06
5.950531e+00
1.172165e-01
8.316799e-04
6.058080e-01
4.710109e+00
2.967073e+07
9.018245e-05
5.665863e+02
5.503461e+01
4.481807e+04
3.374104e+02
4.575998e-02
1.667851e-01
1.472281e-01
6.362886e+00
3.393079e+03
1.328498e+00
1.579555e+01
1.007922e+01
1.317963e+03
1.379479e-01
1.246227e+01
8.061209e-01
1.805471e+04
1.388327e+00
3.284434e-01
1.048049e-03
1.293847e-04
2.186335e+00
7.347917e+02
5.973150e-02
1.650247e+04
2.108500e+00
7.037924e+00
5.452852e-03
3.911010e-01
1.721778e+01
1.221828e+03
1.375229e-03
2.123256e+03
8.112786e-02
7.653675e-03
5.299248e-05
1.580784e+03
9.650475e+00
3.144705e+01
1.718407e-01
3.758143e+02
5.061508e-02
6.061196e+00
8.981549e+00
1.627635e+00
1.043697e+00
3.883995e-05
8.530902e-04
1.785550e-01
4.391415e-04
6.249864e-03
3.601892e-02
4.130000e-07
5.107505e-01
3.014978e+00
9.539015e+03
