4.219300e-03
4.115162e+02
2.418289e+00
5.824692e+02
6.097241e+02
6.439881e+01
3.330716e+00
1.879909e-04
4.473964e-02
7.166096e-05
1.507802e-01
1.699944e+06
8.249024e-02
6.627876e-04
1.834880e-02
6.612370e-03
2.890143e+00
5.148580e+05
2.482338e-01
1.862078e+03
3.280751e-02
1.794305e+05
6.882549e+00
1.172428e-02
7.935186e-02
3.737246e+00
1.175091e+00
2.758760e+01
7.643860e-01
1.132158e+01
4.467730e-01
1.156273e+04
4.914198e+01
5.475350e+01
1.599119e-01
9.062076e+01
2.277932e+00
5.849909e-02
8.374684e-04
1.523758e-05
2.924444e+01
2.684102e+04
4.268159e-03
2.207033e+03
2.051049e-02
7.123065e-04
3.500193e-02
4.956938e-02
4.259015e-01
3.556954e+05
7.911179e-03
3.442204e+01
4.288367e-01
5.746668e-01
5.577749e-04
1.197259e+00
8.090678e+00
4.250248e+00
5.925257e-02
1.160418e+03
5.365190e-02
1.729086e+02
1.238751e+01
8.146544e-02
1.151557e+00
2.182709e-05
2.484736e-05
1.089825e-02
8.277811e-06
5.497446e-02
4.616178e-02
3.378841e-05
1.031613e-03
3.035362e+00
3.272361e+03
