1.963761e-01
1.019643e+03
4.530971e+01
5.274211e+01
1.118530e+01
5.149896e+01
2.151312e+00
8.167144e-05
3.415306e-02
1.151669e-02
8.156084e+00
2.406109e+04
1.220312e+01
1.979022e-02
1.015141e-01
4.154507e-02
6.832123e-03
3.392323e+05
1.314058e-01
5.220014e+02
1.450448e+00
1.715337e+05
3.032867e+01
8.168318e+00
2.144619e-02
5.957832e-02
2.142276e+00
6.102584e+01
8.875869e+00
3.669038e+01
1.092013e+01
2.795740e+04
2.711085e+01
7.101302e+01
1.300789e-01
7.526113e+01
1.913204e+00
9.974481e-03
2.649302e-03
2.755627e-04
2.284191e+01
1.030896e+03
7.857815e-05
4.696195e+02
8.038438e+00
2.435579e-01
5.565214e+00
1.189026e+00
5.154806e+00
9.032016e+03
4.867070e-01
1.098804e+02
6.237036e-02
6.699853e-03
2.150718e-03
9.148820e-01
1.418050e-01
2.342041e+00
4.694647e-01
2.387947e+02
2.894900e-01
2.635046e+01
1.604861e+00
1.682079e+00
1.891419e+00
2.165150e-03
1.059028e-03
1.589634e-04
2.375315e-06
1.961161e-02
4.957654e-01
5.101350e-04
8.921377e-03
2.057306e+00
2.765746e+02
