4.304102e-01
9.557747e+02
1.366301e+01
2.658911e+00
1.779965e+02
1.130438e+02
2.100311e+00
1.127154e-04
1.965626e-03
4.946392e-04
5.311040e-01
4.094506e+03
6.731535e+00
1.805327e-03
1.764079e-02
1.808202e+00
3.141314e+00
7.061095e+05
1.017422e-03
3.440004e+01
1.016670e-01
1.118601e+05
1.199110e+01
1.622442e-01
1.405532e-01
8.986918e-02
2.621728e+01
8.616974e+02
3.994223e+00
1.780014e+01
7.696858e-02
3.445286e+04
2.180137e+01
3.425930e+01
9.500416e-02
6.574638e+02
1.644482e+00
1.102434e-02
9.485346e-04
1.318917e-05
1.816201e+01
2.274136e+03
2.952141e-03
9.600482e+02
3.058404e+00
1.983672e-02
2.713859e-01
2.812825e-01
1.938805e+00
1.743598e+04
9.172095e-03
2.655234e+03
2.871169e-02
2.736775e-02
8.942381e-04
6.901671e+01
1.249995e+00
2.855291e-01
2.142955e+00
1.469892e+02
4.503215e-02
2.201931e+01
2.104249e-01
6.223062e-01
1.037041e+00
6.098449e-05
6.478441e-03
3.951043e-03
1.923900e-04
1.786996e-03
5.531442e+00
9.130709e-05
1.368629e+00
3.336828e+00
1.501071e+02
