1.715635e+00
6.912335e+03
1.389152e+01
2.172256e+01
1.261879e+02
3.564845e+01
1.937473e+00
3.195650e-05
6.667597e-02
4.064140e-03
3.567547e-01
8.532914e+04
2.295897e+00
8.463023e-03
5.820857e-02
3.725589e-02
2.404295e-03
1.565111e+07
4.733697e-03
3.141295e+03
9.916475e+00
7.546457e+05
7.995859e+01
6.309889e-01
4.233333e-02
4.751161e+00
4.972208e+01
2.780612e+02
1.006755e+01
1.122707e+01
1.009298e+01
2.987239e+04
5.403058e+01
5.012830e+02
8.766694e+00
1.867170e+03
1.788111e+00
1.658329e-03
1.187674e-03
2.600020e-03
1.929211e+02
2.591638e+03
7.481042e-03
5.211577e+04
3.428991e+01
3.201849e-01
9.814308e-01
5.463835e-01
3.732644e-02
2.742436e+03
6.415660e-03
4.305585e+03
1.388805e-02
8.297988e-01
5.326267e-02
4.507345e+01
1.453991e+01
1.122416e+00
9.872589e+00
3.987908e+01
1.032652e+00
2.765049e+01
1.285898e+01
7.617661e+00
1.169302e+00
3.366928e-04
6.341457e-04
9.226381e-05
1.150449e-06
1.124437e+00
5.968215e+00
7.610166e-05
8.514886e-02
1.405323e+00
1.447119e+02
