6.937583e+00
9.267374e+03
1.868051e+01
5.490724e+02
3.284181e+00
5.369871e+03
1.000000e+00
1.904133e-04
1.867948e-02
2.656217e-02
5.636949e+02
7.715727e+03
9.030172e+00
8.691653e-05
2.289483e-03
7.046790e+00
9.868296e-01
1.614740e+07
3.962336e-04
2.813766e+04
1.675025e+01
9.972567e+03
1.724847e+02
9.963968e-02
3.116738e-03
1.171604e-01
1.335047e+01
4.415834e+04
5.920193e+00
1.713998e+01
1.181570e+01
1.346311e+03
4.824192e+02
6.047295e+01
1.407266e-02
4.924163e+03
1.738108e+00
1.271068e-03
3.192240e-02
5.931810e-03
3.242372e+00
5.481233e+03
9.063444e-03
5.285524e+04
3.061485e-01
6.234695e+00
1.138642e-02
1.332498e-03
1.082760e-01
2.296877e+04
6.539598e+00
1.730754e+02
5.810625e+00
1.430367e+00
3.870839e-05
1.628910e+00
5.417159e-01
4.299357e-01
6.773204e-02
2.254560e+01
2.990330e-01
3.643232e+01
5.082441e-01
5.948185e-02
1.149163e+00
1.304163e-02
4.501447e-04
1.118224e-01
4.252162e-04
1.013000e-02
7.221244e-01
8.140627e-06
4.435005e-02
2.450634e+00
9.534023e+01
