2.014811e-01
6.181808e+02
6.162846e+01
4.765781e+01
9.100313e+00
3.533989e+01
1.602380e+00
9.715548e-05
4.668045e-03
6.382466e-03
1.143556e+00
1.131262e+04
1.713119e+00
7.279201e-04
3.638294e-01
1.240689e-01
1.202691e+00
1.167821e+06
9.392852e-03
6.224422e+01
2.095773e+00
5.370360e+04
8.413912e+01
1.095458e+00
3.285056e-02
7.549724e-02
6.751221e+01
1.052845e+03
6.927647e+00
1.886351e+01
1.003857e+00
4.576179e+04
4.513727e+00
2.088979e+01
5.163613e-02
3.087183e+01
1.737930e+00
1.185410e-02
6.770501e-04
3.263357e-05
1.402527e+01
1.200139e+04
1.444272e-04
4.067076e+02
3.543543e-01
6.739300e-02
2.504405e-01
9.489911e-02
1.336857e+00
2.366777e+03
1.691854e-01
3.797214e+02
3.778372e-02
1.461093e-01
5.722545e-03
4.774544e+00
2.974280e+00
5.101039e-02
4.634676e+01
2.225595e+01
9.235098e-03
5.265905e+00
3.950111e-01
3.208136e-01
1.455883e+00
3.135356e-04
2.744084e-04
1.658349e-02
8.110300e-05
1.455732e-02
6.064529e-01
3.472561e-05
5.169671e-03
1.879922e+00
2.180361e+02
