6.472407e-01
1.664553e+03
2.250450e+01
1.310707e+01
8.854730e+01
6.252383e+01
1.591188e+00
1.015700e-04
3.427635e-03
2.047787e-03
5.225300e+00
2.031260e+05
1.659420e+01
6.184564e-04
1.077278e-01
9.148540e-02
8.509565e-02
7.460888e+05
2.949390e-03
2.048450e+02
7.940120e-02
5.245917e+04
2.433394e+00
4.560446e+00
1.099115e-02
2.458537e-01
3.940434e+01
9.211923e+01
6.198247e+00
1.050990e+01
2.776646e-02
6.088926e+03
7.803563e+00
6.603875e+00
8.614823e-02
1.199567e+03
1.491188e+00
1.480792e-03
1.213281e-03
1.320779e-04
2.054292e+01
1.916967e+04
7.790276e-04
1.843403e+02
4.664332e-01
1.678041e-01
2.374226e+00
2.419101e-01
6.629163e-01
3.449119e+03
1.719067e-01
5.387841e+04
8.697269e-02
1.079575e-01
8.967413e-04
2.293134e+01
1.337708e+00
4.915959e-01
8.305976e-01
2.906037e+02
3.270321e-03
8.199466e+00
5.825185e-01
2.251677e-01
1.652434e+00
2.754394e-05
2.402220e-04
8.432137e-03
5.616320e-07
6.872512e-03
2.724176e-02
1.240593e-05
4.263237e-03
1.295136e+00
1.659567e+02
