2.962553e-01
1.294317e+03
1.739564e+02
1.056352e+02
2.936647e+02
5.683192e+01
1.531509e+00
2.745665e-04
2.824264e-03
3.414457e-03
7.591037e-01
5.678207e+03
4.444337e-01
7.942252e-03
1.070432e-02
2.196649e-01
9.121509e-01
1.366902e+05
4.501517e-03
7.000889e+02
1.541095e-01
4.281228e+04
9.359860e+00
6.413689e-01
2.013975e-02
3.235699e-01
1.168100e+02
1.430169e+02
8.646375e+00
1.199778e+01
1.589163e+01
4.201849e+04
1.670100e+00
3.686819e+00
2.893037e-01
2.027058e+02
1.497468e+00
5.146987e-02
1.050266e-03
5.107820e-05
1.630847e+01
5.737735e+04
5.121397e-04
1.136016e+03
8.393699e-01
1.185914e-02
8.716399e+00
1.606360e-02
1.046062e+00
3.918509e+03
9.745053e-02
3.896759e+02
7.080226e-02
3.444360e-02
4.165293e-03
6.457085e+00
5.089477e-01
3.853129e-02
2.168640e+00
3.260912e+00
9.257475e-03
1.376482e+01
1.591576e+00
6.286398e-02
2.132496e+00
1.548484e-04
3.057294e-04
1.535176e-02
3.584044e-06
2.076246e-01
8.724995e-01
9.477257e-06
1.665715e-02
2.201634e+00
1.587903e+02
