2.515204e-01
1.713910e+03
3.437570e+01
5.689445e+01
1.851206e+02
7.421606e+01
1.856958e+00
8.189087e-05
6.724523e-03
1.505485e-03
1.354881e+00
1.114707e+04
2.858271e-01
2.271159e-04
2.302566e-01
4.065541e-02
1.255559e-01
1.031333e+06
1.092069e-02
4.113335e+02
1.714809e-01
1.222729e+04
2.876741e+01
3.763584e+00
5.688412e-02
2.833906e-01
4.008936e+01
2.326047e+02
1.322694e+01
5.733935e+00
7.711975e-01
1.621561e+03
1.081640e+01
3.236027e+01
1.262033e+00
4.774222e+02
1.746630e+00
3.654053e-02
6.709241e-04
3.354833e-05
5.060604e+00
7.320513e+03
1.286135e-03
1.976638e+03
1.778445e+00
4.566932e-02
8.629653e-01
2.823866e-01
3.149376e+00
2.701051e+03
2.226382e-01
3.406294e+02
5.277434e-02
5.446658e-02
1.992123e-03
2.264284e+01
7.963491e-01
2.032736e-01
6.578103e-01
1.835426e+01
9.705249e-03
2.809002e+01
8.921901e-02
2.092839e-01
1.556310e+00
1.023562e-04
4.651967e-04
9.389575e-03
1.891716e-05
4.705659e-02
2.020964e-01
3.062319e-05
3.140669e-03
1.883910e+00
2.788958e+02
