5.772709e-01
3.067190e+04
2.118055e+01
6.921966e+02
1.050220e+03
1.463360e+04
3.630733e+00
8.246551e-04
1.825111e-04
9.723987e-03
2.126623e+01
1.381608e+06
1.831268e+01
4.556305e-04
5.694325e-04
1.126067e-01
2.443060e+00
3.161360e+07
2.366469e-04
2.813496e+01
1.299815e-01
3.861023e+03
6.523812e+01
3.021046e-01
1.687336e+00
1.956490e+00
7.857554e+02
2.190910e+03
5.174618e+02
1.145402e+01
1.655297e-01
6.617505e+02
7.056766e+01
2.214833e+00
2.492057e-01
5.887373e+00
2.228430e+00
1.862991e-02
1.182235e-03
1.966572e-06
7.870771e+02
1.197073e+05
2.859378e-04
1.084942e+04
5.288784e+00
4.717158e-03
1.699081e-02
1.697389e-02
3.971102e-02
1.599869e+04
8.135784e-03
2.519239e+01
4.855808e-02
8.004329e-02
3.586217e-02
9.988806e-01
1.162800e+01
3.754031e+00
4.724599e+01
2.644096e+00
1.903242e-03
4.773308e+00
6.048734e+00
5.542669e-02
1.011270e+00
6.671451e-04
1.866878e-03
3.541576e-05
8.770862e-06
5.956350e-03
1.199938e-01
1.176041e-03
1.406867e-01
2.324016e+00
7.695913e+02
