4.439219e+00
4.437265e+02
5.208097e+00
1.326966e+02
3.672314e+02
7.382688e+02
3.647040e+00
1.173211e-05
2.597042e-02
3.897684e-03
9.532803e+00
2.860494e+04
2.455183e+02
5.377519e-04
4.270131e-04
3.311922e-03
2.912537e-01
2.501702e+05
1.073936e-04
9.108817e+00
1.131065e+00
4.126584e+04
3.712871e+02
2.327254e+00
4.938044e-02
9.500039e-02
2.668598e+02
4.403314e+04
2.016296e+00
1.550359e+02
3.278866e+00
3.733725e+04
1.405077e+02
2.423457e+01
2.961515e-01
6.160538e+01
2.545364e+00
1.457344e-02
1.753748e-03
2.008646e-05
2.876619e+01
8.304210e+04
4.666900e-03
4.356278e+02
2.464964e+00
2.330297e-01
1.003058e-01
4.529095e-02
1.092957e+01
3.315679e+03
1.652974e-02
5.639624e+04
2.832694e-01
1.815841e-01
7.093344e-05
5.241582e+02
8.540581e+00
8.679813e-02
3.890294e-01
5.168859e+01
1.902761e-01
1.458674e+02
3.828974e+01
7.334003e+00
1.402802e+00
8.575004e-05
1.232367e-03
3.859675e-04
3.642993e-04
3.271403e-02
1.038800e-01
3.017546e-04
2.764776e-01
2.994173e+00
9.881832e+00
