3.635087e-01
8.258913e+02
3.171386e+01
1.696274e+01
1.051817e+02
1.698072e+01
2.105236e+00
1.603286e-04
9.053795e-03
2.311065e-02
2.379818e+00
5.400866e+04
3.817647e-01
7.938491e-05
6.019897e-03
4.591897e-01
2.047444e-01
5.240399e+06
6.843741e-04
1.941582e+01
1.155738e+00
8.262141e+04
2.144204e+01
7.631598e-01
1.415217e-02
2.928563e-02
9.898123e+01
7.914794e+02
2.501530e+01
9.886968e+00
2.964473e+00
1.063906e+04
7.533312e+00
3.964194e+01
9.761711e-02
6.291036e+01
1.884002e+00
8.179871e-03
9.624985e-04
9.610529e-05
7.560401e+00
1.510489e+04
1.137538e-04
1.789647e+03
2.284349e+00
8.523292e-01
5.449297e-02
6.162238e-03
1.755671e-01
3.909289e+02
1.437965e-01
1.049850e+03
1.313970e-01
3.247056e-01
6.574340e-04
2.927060e+01
3.410098e+00
2.792424e-01
3.566066e+00
9.515476e+00
5.823740e-02
6.327746e+01
1.840399e+00
5.505690e-02
1.052988e+00
8.789897e-04
2.340188e-03
3.596721e-04
5.818442e-05
1.270916e-02
6.711667e-01
1.693910e-06
1.045982e-02
2.418562e+00
1.490296e+02
