6.705397e-01
1.190329e+03
1.591125e+01
1.828874e+00
1.433350e+02
2.675234e+02
1.702299e+00
1.167384e-04
2.094605e-03
2.375825e-03
2.677275e+00
9.820858e+02
2.296702e+01
2.818315e-03
4.066827e-02
5.907483e+00
1.851605e+00
8.384084e+05
1.066908e-03
3.851227e+02
3.799796e-01
1.811935e+04
1.445968e+01
3.296509e-01
1.483790e-01
4.362718e-02
5.842136e+00
8.522737e+02
8.400362e+00
5.426801e+00
6.379060e-02
9.169284e+03
9.724864e+00
8.609302e+01
3.599678e-02
1.874463e+02
1.508438e+00
1.007815e-03
3.272850e-03
4.461507e-06
2.080253e+01
1.268605e+03
8.175163e-03
6.149439e+03
2.346334e+01
3.865655e-02
4.964914e-02
6.420744e-02
3.864833e-01
4.851778e+04
3.445132e-03
1.162286e+03
6.721597e-02
9.646351e-03
3.195184e-03
1.070095e+02
1.568021e+00
8.677973e-02
3.609095e+00
1.961454e+02
5.817044e-02
2.232492e+01
6.082760e-02
8.779902e-02
1.074400e+00
3.418643e-05
8.945806e-04
1.357119e-02
3.962436e-04
1.305406e-03
4.315976e-01
3.978464e-05
5.071375e-01
3.944801e+00
1.409926e+02
