3.878000e-01
7.102225e+02
3.331286e+01
1.217946e+01
1.372430e+02
1.704397e+01
2.188700e+00
1.401884e-04
1.069099e-02
2.189593e-02
2.240667e+00
5.555107e+04
4.438978e-01
5.520063e-05
7.042603e-03
4.110100e-01
1.921940e-01
6.598560e+06
9.517472e-04
2.177553e+01
1.439266e+00
1.009943e+05
2.234839e+01
8.484042e-01
1.624080e-02
3.166626e-02
1.020488e+02
1.263188e+03
2.789037e+01
1.125292e+01
2.469871e+00
7.286030e+03
9.990019e+00
4.463379e+01
1.665746e-01
5.490416e+01
1.999400e+00
9.657418e-03
1.011024e-03
1.001577e-04
8.016903e+00
1.191027e+04
1.404901e-04
1.275029e+03
1.805315e+00
8.201890e-01
3.652103e-02
6.813162e-03
1.856002e-01
3.983320e+02
2.189308e-01
1.244944e+03
1.458492e-01
2.674250e-01
5.913337e-04
3.002969e+01
3.847008e+00
2.903554e-01
3.200468e+00
9.622549e+00
4.596696e-02
6.718200e+01
1.695934e+00
4.937073e-02
1.059939e+00
7.075773e-04
2.198075e-03
3.728468e-04
5.037631e-05
1.335945e-02
6.938100e-01
2.178430e-06
7.674548e-03
2.312898e+00
1.693972e+02
