6.770681e-02
4.373825e+02
8.784767e+01
1.042836e+03
1.164644e+01
1.075997e+02
2.472079e+00
5.248598e-04
2.692019e-03
9.205727e-04
1.596703e+02
9.178475e+04
2.947008e+00
3.960228e-04
1.991682e-01
2.694838e-01
6.765832e-02
6.038632e+05
6.109777e-02
2.089114e+01
4.296159e-01
1.130686e+04
2.644669e+01
1.864571e-02
1.932092e+00
4.229668e-02
2.798126e+01
5.512076e+02
9.865506e+01
1.367989e+01
3.518699e-02
3.749969e+03
5.950580e+02
8.317770e+02
2.737339e-01
1.977401e+02
1.235402e+00
8.774819e-03
4.060332e-04
7.268499e-03
2.632215e-01
1.746478e+03
7.753126e-04
7.919674e+02
4.998609e+01
2.200661e+00
9.876875e-03
3.878513e-03
1.431101e+00
2.471488e+04
7.108389e-02
5.642599e+02
3.050429e-01
3.534959e+00
1.072375e-03
2.439902e+00
3.473865e-02
1.832501e-02
1.838695e+02
5.781507e-01
4.843396e-04
6.622045e-01
4.761271e+01
1.305181e-01
1.311666e+00
4.835600e-04
3.860032e-05
4.968848e-05
1.651782e-06
4.345934e-03
1.784788e-02
2.113293e-06
8.184068e-02
1.712265e+00
3.461155e+02
