1.876090e-02
1.845177e+02
2.186061e+02
3.338365e+02
4.745498e+01
1.070628e+03
1.021357e+00
1.669418e-03
3.226551e-02
6.846256e-04
3.810054e+02
7.305892e+05
3.279328e+01
1.478499e-05
1.427958e+00
8.433031e-04
1.354610e-01
2.769187e+05
1.212967e-03
1.095966e+01
7.708625e-02
9.437382e+03
2.125560e+01
3.880020e-02
2.760099e-03
3.535192e-01
1.527543e+00
4.853606e+02
2.280655e+01
1.373744e+00
2.204441e+00
4.744881e+03
2.357537e+01
1.875047e+00
1.242411e-02
1.149411e+04
2.723196e+00
5.738757e-04
3.287560e-02
2.153169e-03
7.973156e-01
7.639772e+05
1.576858e-03
8.848728e+01
4.900493e+01
2.703545e-03
6.484986e+00
1.534015e+00
8.525996e+00
3.468055e+03
1.088841e-01
6.128490e+01
2.341311e-01
3.822258e+00
2.669659e-03
4.700267e+02
4.283126e-01
1.105234e-01
2.201457e-01
1.545339e+03
3.645566e-04
7.066414e-01
1.179550e-02
2.441768e+01
1.080440e+00
1.966598e-03
4.759605e-05
1.561468e-03
6.521700e-04
7.347743e-02
1.363938e-02
2.680510e-05
1.286053e-01
2.387548e+00
1.213041e+03
