2.679942e-01
7.998803e+02
1.235117e+01
6.383894e+01
3.913268e+02
1.464795e+02
1.303351e+00
4.676954e-05
3.420038e-03
1.383365e-03
2.079498e+01
2.749558e+03
4.115336e+00
4.497523e-04
5.631691e-02
1.766654e-01
1.312605e-01
2.858250e+06
7.304770e-03
9.102832e+03
5.280877e-02
1.312024e+04
1.181520e+01
3.979001e+01
1.458544e-02
4.069173e-01
7.280750e+00
2.249182e+02
3.209622e+00
8.543670e-01
8.282424e-01
1.583076e+04
7.578414e+00
3.646350e+01
3.536846e-01
3.498470e+02
2.217722e+00
6.332954e-03
9.205779e-04
6.023986e-05
1.881752e-01
5.148290e+04
1.367033e-03
2.615790e+02
2.709412e+00
3.538351e-01
1.063695e-02
9.896888e-02
1.235507e-01
3.905174e+04
1.878831e-01
1.155090e+03
6.212480e-01
1.830859e-01
1.504311e-02
1.155484e+02
3.504384e-01
3.084289e-02
1.303715e-01
2.328755e+01
4.466919e-03
3.394815e+01
4.429573e-02
4.703323e-02
2.146796e+00
1.429169e-05
2.009828e-03
7.742806e-03
2.566958e-05
2.133758e-02
9.964096e-01
2.484039e-04
1.753663e-04
2.112711e+00
1.814586e+02
