2.765434e-01
1.561396e+02
3.131552e+01
2.123964e+00
5.907726e+00
3.062546e+02
1.785667e+00
6.796687e-04
7.267800e-04
1.696959e-04
5.297945e-01
3.358800e+04
2.050228e+00
2.201970e-03
1.059145e-01
3.324272e-03
1.980361e-01
2.441031e+04
8.848294e-03
3.015474e+02
2.187138e+00
5.398425e+04
7.236615e+01
3.152455e+00
1.165714e-02
1.265668e-01
2.538222e+00
1.182611e+03
7.994600e-01
4.025371e+00
2.871454e-01
3.492144e+03
7.346785e+00
2.283833e+00
2.372744e-01
3.146613e+01
2.164941e+00
3.939496e-02
7.257445e-04
2.359846e-05
6.760479e-01
2.411982e+04
2.022917e-03
5.172121e+03
2.316666e+00
7.969657e-02
7.228425e-02
3.011562e-02
7.552186e-02
7.649100e+02
7.356526e-03
1.138840e+03
5.670835e-03
2.979824e-03
4.435950e-05
2.398558e+01
1.892442e+00
7.519359e-02
6.915378e-01
3.037613e+01
5.631407e-02
5.535644e-01
2.822423e-02
1.250293e-02
1.237262e+00
6.880628e-05
2.873269e-04
6.291473e-04
6.332139e-05
6.157629e-03
1.231460e-01
9.349996e-06
1.898023e-03
2.106288e+00
1.890605e+02
