1.994878e-01
5.752824e+02
6.143744e+01
3.887277e+01
8.125394e+00
2.186580e+01
1.681084e+00
1.035760e-04
4.918270e-03
5.848488e-03
1.343571e+00
1.100897e+04
2.052376e+00
5.034764e-04
1.720032e-01
7.194133e-02
1.453327e+00
9.105853e+05
8.161670e-03
4.612500e+01
2.014461e+00
4.021045e+04
6.210660e+01
7.507000e-01
2.904188e-02
6.822816e-02
4.989394e+01
8.982932e+02
8.543794e+00
1.530906e+01
1.312207e+00
3.415989e+04
2.791441e+00
2.869477e+01
4.294836e-02
2.428229e+01
1.757926e+00
1.264822e-02
6.152648e-04
3.894796e-05
1.306138e+01
1.079900e+04
1.455099e-04
4.179179e+02
4.384824e-01
8.650044e-02
3.948713e-01
7.731292e-02
1.571512e+00
1.180616e+03
1.360201e-01
3.406009e+02
3.721752e-02
1.252155e-01
3.960035e-03
4.418963e+00
2.181723e+00
6.174512e-02
3.242049e+01
1.387054e+01
8.497157e-03
4.347274e+00
3.750188e-01
2.939545e-01
1.415769e+00
2.990848e-04
3.728754e-04
1.164856e-02
6.701822e-05
1.738694e-02
5.301257e-01
1.787606e-05
4.730890e-03
1.857772e+00
1.908087e+02
