2.444290e-01
6.699561e+02
1.329044e+01
7.915775e+01
2.965996e+02
1.423268e+02
1.257842e+00
4.883186e-05
3.201907e-03
1.479502e-03
2.335508e+01
3.824241e+03
3.939260e+00
3.384175e-04
4.843350e-02
1.565466e-01
1.421829e-01
2.622933e+06
6.459930e-03
6.270765e+03
5.899354e-02
1.861984e+04
1.217709e+01
4.620447e+01
1.184909e-02
3.572037e-01
7.562257e+00
1.863292e+02
3.579348e+00
8.270714e-01
7.075835e-01
1.676814e+04
7.084935e+00
3.345451e+01
3.095144e-01
3.729502e+02
2.155294e+00
6.830883e-03
8.614400e-04
4.594178e-05
1.732736e-01
5.322854e+04
1.180072e-03
2.869772e+02
2.857060e+00
4.497701e-01
1.226231e-02
8.113161e-02
1.095139e-01
3.049745e+04
1.644095e-01
1.075475e+03
7.520908e-01
1.755763e-01
1.305658e-02
1.107518e+02
3.664598e-01
2.239808e-02
1.591847e-01
2.710947e+01
4.270889e-03
2.946779e+01
4.426887e-02
4.992594e-02
2.076142e+00
1.286461e-05
2.018182e-03
6.939008e-03
3.350822e-05
2.046471e-02
1.218099e+00
2.529749e-04
1.750024e-04
2.117968e+00
1.807610e+02
