1.499804e-01
1.983715e+04
5.860808e+01
5.800458e+02
2.924109e+03
5.083266e+03
2.592573e+00
1.754879e-06
5.000048e-02
3.977812e-04
1.672917e-01
3.418048e+06
5.394995e+01
1.272099e-04
2.426976e+00
1.747471e-02
6.065355e+00
1.700217e+05
2.971596e-03
3.878377e+04
8.741667e+00
6.942024e+05
1.821744e+01
1.368681e+01
7.492940e-02
5.627420e-02
5.904471e-01
3.231032e+01
9.953637e+00
1.495948e+00
4.305920e-02
1.111129e+03
1.817354e+01
1.504397e+03
1.713406e-02
1.859761e+04
2.507955e+00
1.828216e-02
2.271550e-03
5.463668e-04
3.810618e+01
5.421004e+03
1.532611e-02
5.895621e+03
7.865174e+00
7.037924e+00
3.152875e+00
4.246333e-02
3.059910e+00
2.996748e+03
1.229582e-03
3.613279e+02
4.407367e-02
8.267557e-03
4.411961e-05
4.549671e+00
6.860205e+01
7.175640e+00
2.034822e+02
2.092110e+02
1.461898e-03
9.033855e+00
2.144158e+00
2.921869e+00
3.075858e+00
2.261365e-03
1.266611e-01
2.655316e-03
1.820908e-05
1.989880e+00
1.398989e+00
5.596700e-06
4.759834e-01
1.897722e+00
5.738142e+03
