5.645517e-01
6.304139e+02
1.659328e+01
5.005575e+00
3.553658e+02
1.117179e+02
2.070120e+00
5.591732e-05
1.182962e-02
7.537560e-04
5.861466e+00
1.820566e+03
8.014059e+00
2.414578e-04
7.793686e-03
3.633361e-02
1.295872e-01
8.049511e+05
4.932514e-04
3.242791e+03
4.863501e-01
1.016343e+04
3.097537e+01
2.290358e-01
2.532386e-01
8.014604e-02
7.248566e+00
1.380124e+03
6.617588e+00
2.544598e+01
2.105264e+00
8.914996e+03
1.487981e+01
8.515187e+01
8.353502e-01
1.197189e+02
1.503370e+00
6.789063e-03
7.652964e-04
2.942114e-04
2.164423e+00
6.944136e+03
2.638108e-04
2.385125e+02
2.948814e-01
2.824874e-02
6.413130e+00
1.411159e-02
2.857268e+00
8.016196e+03
2.920713e-02
2.823839e+02
2.606701e-02
7.004540e-02
1.325546e-03
6.416951e+00
1.992531e-01
4.670701e-01
7.383477e-01
4.026388e+02
8.189279e-03
9.494880e+00
3.343540e+00
2.355068e-01
1.297485e+00
6.879146e-05
1.357366e-03
1.169550e-03
6.477626e-05
1.055254e-02
9.239331e-02
2.318395e-05
2.561504e-02
2.636366e+00
1.244730e+02
