7.741818e-01
1.385493e+03
1.531364e+01
2.007416e+00
2.212642e+02
2.934300e+02
1.805606e+00
1.099302e-04
1.555905e-03
1.253950e-03
4.753462e+00
7.648919e+02
1.383838e+01
1.842187e-03
4.525815e-02
3.581289e+00
1.313275e+00
4.189403e+05
8.129364e-04
4.077751e+02
2.377883e-01
1.476175e+04
9.444098e+00
3.408525e-01
9.230890e-02
8.609831e-02
1.262056e+01
7.717805e+02
1.414459e+01
2.892265e+00
4.161649e-02
1.334336e+04
1.255719e+01
6.570919e+01
2.501648e-02
2.947350e+02
1.452616e+00
8.050747e-04
3.101312e-03
8.331180e-06
1.449353e+01
2.340484e+03
6.116725e-03
2.826128e+03
1.708914e+01
5.696540e-02
5.336167e-02
4.577629e-02
4.974522e-01
4.361548e+04
3.163951e-03
8.211214e+02
7.054237e-02
1.130080e-02
2.231111e-03
8.617435e+01
9.825704e-01
1.061162e-01
2.113910e+00
1.923653e+02
4.686808e-02
1.914403e+01
1.310678e-01
9.388452e-02
1.087731e+00
2.133263e-05
7.288032e-04
6.980238e-03
2.097690e-04
1.424918e-03
3.870144e-01
5.025325e-05
5.871823e-01
3.993979e+00
1.656339e+02
