4.563570e-01
7.509780e+02
1.106818e+01
3.580579e+00
2.648941e+01
1.674977e+02
1.185355e+00
3.521776e-04
3.086724e-02
5.337961e-04
3.995645e-01
2.498286e+04
1.383805e+01
2.523262e-04
1.610300e-03
6.132495e-02
3.138014e-02
2.072619e+05
4.969887e-03
1.126780e+02
1.560969e-01
8.279210e+04
1.586893e+00
9.258450e-03
2.411344e-03
6.403666e-02
1.140238e+02
3.659734e+02
1.472144e+00
3.858035e+00
1.409440e+00
3.745920e+04
8.735987e-01
1.282922e+01
1.522217e+00
4.953175e+02
1.250600e+00
1.070452e-03
8.429280e-03
7.805010e-04
2.275987e+01
2.392069e+03
2.764360e-05
1.782572e+02
1.729183e+00
4.642808e-03
1.532717e-02
9.135540e-03
1.104336e+00
4.208660e+04
5.161498e-02
2.017934e+02
9.901770e-03
1.365188e-02
1.364229e-03
7.250190e-01
7.330731e-01
2.383502e-01
4.463871e+00
2.906677e+01
8.956889e-04
6.158407e+01
3.323655e+00
2.412940e-01
1.188118e+00
3.003570e-04
1.225072e-03
5.050363e-03
4.891885e-05
1.154922e-02
2.586164e-01
3.754158e-05
1.164128e-01
2.473045e+00
8.595044e+01
