1.838923e+00
1.280752e+04
1.674193e+01
1.840689e+01
2.502003e+02
6.976665e+01
1.520836e+00
2.333416e-05
1.629598e-01
5.590569e-03
3.024527e-01
3.556834e+05
5.286733e-01
6.136975e-03
2.152222e-01
6.177719e-02
2.243385e-03
2.185871e+07
5.879962e-03
2.829329e+03
1.095064e+01
9.788129e+05
1.312854e+02
4.760007e-01
5.598970e-02
5.009548e+00
6.177559e+01
3.054610e+02
1.103583e+01
5.764281e+00
7.837762e+00
2.548721e+04
6.166237e+01
9.417461e+02
6.832679e+00
4.612951e+03
1.669128e+00
2.243712e-03
1.235358e-03
3.061129e-03
1.517914e+02
4.039759e+03
1.017815e-02
1.677186e+04
1.420632e+02
4.243794e+00
3.037415e-01
1.145392e+00
4.448163e-02
2.580357e+03
8.790039e-03
7.000311e+03
1.087891e-02
8.413182e-01
3.969811e-02
3.464524e+01
6.902021e+00
3.246237e+00
7.667073e+00
1.982314e+01
1.236175e+00
1.744967e+01
7.162843e+01
1.223626e+01
1.155456e+00
1.428789e-04
2.550908e-04
1.382953e-04
1.650551e-06
1.732082e+00
6.056949e+00
1.077751e-04
6.109676e-01
1.368657e+00
1.662912e+02
