1.414299e-01
3.636690e+03
3.986066e+01
1.453107e+03
7.976949e+02
7.545086e+02
2.806343e+00
1.008241e-04
9.157416e-03
1.461843e-03
5.636949e+02
1.537361e+03
1.054621e+02
8.488275e-05
5.149904e-03
6.349917e-03
1.118119e+00
1.359845e+04
2.667779e-03
4.953748e+00
2.242686e-01
3.051814e+04
2.597122e+01
1.207004e+00
6.576427e-01
1.600705e-01
6.354337e-01
3.904882e+03
3.329017e-01
7.641491e+00
1.728819e-01
1.590244e+06
5.951683e+00
2.027181e+00
2.080133e+01
3.144059e+01
2.361825e+00
2.143462e-02
2.768547e-04
5.249520e-05
1.514141e-01
4.983952e+04
1.393616e-03
3.494897e+04
1.199995e+02
6.666154e+00
3.081580e-02
3.082394e+00
1.276730e-01
9.255387e+03
1.509186e+00
1.157116e+05
1.152939e+00
7.712973e-02
8.910950e-03
1.042550e+00
1.652908e-02
2.181828e+00
1.471631e-01
2.659483e+03
4.651247e-04
2.083269e+00
2.119380e+01
1.283646e-02
1.608620e+00
8.427386e-05
1.563717e-03
1.109684e-01
5.125859e-04
1.827913e+00
3.969506e+01
8.313729e-04
1.031300e-03
3.625512e+00
1.832344e+02
