1.805456e+00
7.285078e+03
1.569432e+01
2.128232e+01
1.363060e+02
2.551391e+01
1.848102e+00
2.432448e-05
9.103644e-02
7.678576e-03
2.167365e-01
1.024948e+05
9.196359e-01
6.041718e-03
6.200046e-02
5.668173e-02
1.937427e-03
1.077219e+07
3.622689e-03
1.025230e+03
1.566533e+01
6.487683e+05
1.171674e+02
5.800453e-01
3.054186e-02
4.698505e+00
3.709461e+01
2.417320e+02
1.052179e+01
1.452173e+01
8.828388e+00
2.939972e+04
6.570821e+01
4.418262e+02
5.581954e+00
2.230974e+03
1.811309e+00
1.681513e-03
1.110510e-03
3.717496e-03
2.166034e+02
3.497120e+03
6.261193e-03
2.357676e+04
5.381678e+01
5.119641e-01
7.259508e-01
5.270844e-01
2.726606e-02
1.521508e+03
6.724584e-03
2.967402e+03
1.236598e-02
1.145832e+00
5.917031e-02
4.150934e+01
1.211678e+01
1.294038e+00
9.385013e+00
3.829068e+01
1.466567e+00
3.172497e+01
1.513601e+01
7.875188e+00
1.126209e+00
3.056128e-04
4.484691e-04
1.364136e-04
8.841139e-07
1.130431e+00
7.544514e+00
1.401835e-04
5.703450e-02
1.360971e+00
1.377704e+02
