6.481108e-02
1.055271e+02
3.335130e+01
8.698101e+01
5.856952e+01
4.475520e+01
1.827978e+00
4.035591e-04
5.435025e-03
6.278860e-04
2.351261e+00
3.445004e+04
7.624297e-01
3.769826e-04
4.966604e-03
1.828595e-03
4.246921e-01
3.764369e+06
6.083359e-04
2.132412e+01
1.662165e-01
1.069798e+05
2.695409e+02
2.932766e+00
1.612568e-02
2.989293e-01
4.562237e+00
1.073113e+02
1.046573e+01
1.604608e+00
2.547569e-01
1.093296e+04
3.777537e+00
3.535001e+00
4.020961e-01
6.497147e+01
2.279914e+00
1.348024e-02
2.373364e-04
3.679181e-04
3.435109e+01
1.723044e+03
5.854807e-05
4.686467e+01
1.297068e+01
2.996595e-03
9.111685e-02
1.555598e-02
1.063615e+00
1.003963e+03
6.324477e-02
3.524893e+02
3.413714e-02
2.175447e-03
1.490511e-04
1.996794e+00
7.090536e-01
6.709599e-01
2.918955e+01
1.026481e+01
9.278243e-04
2.185518e+00
3.353882e-01
6.110537e-01
1.649094e+00
8.894858e-05
7.759777e-03
3.268762e-03
1.570946e-05
6.935768e-02
6.926755e-01
7.359773e-05
7.099638e-03
1.746833e+00
3.072154e+02
