3.528092e+00
7.914126e+03
1.648214e+01
9.508281e+00
3.745286e+02
3.133543e+01
1.416888e+00
1.841725e-05
1.800706e-01
5.119997e-03
3.800302e-01
3.510711e+05
4.527488e-01
4.919925e-03
2.119679e-01
5.632616e-02
2.726495e-03
2.324171e+07
9.836666e-03
1.422269e+03
7.244132e+00
1.589875e+06
8.352809e+01
1.427861e+00
4.034549e-02
7.431029e+00
1.142300e+02
2.212458e+02
1.286397e+01
9.710199e+00
7.030954e+00
5.703566e+04
8.207617e+01
2.998388e+02
1.311902e+01
2.576411e+03
1.823579e+00
1.680100e-03
1.407638e-03
1.492156e-03
1.024510e+02
3.679188e+03
1.196171e-02
1.990632e+04
1.026607e+02
4.732831e+00
2.587931e-01
7.817716e-01
5.760259e-02
1.857031e+03
1.535235e-02
6.494478e+03
1.550174e-02
1.387830e+00
5.092591e-02
3.018153e+01
5.105272e+00
1.549234e+00
6.997434e+00
1.256830e+01
7.688719e-01
5.610305e+00
5.500363e+01
1.282902e+01
1.049185e+00
3.554922e-04
2.550543e-04
9.364458e-05
4.111911e-07
1.161773e+00
3.582748e+00
1.276019e-04
3.128823e-01
1.169987e+00
1.620236e+02
