4.951763e-01
1.098206e+02
2.761076e+01
1.952171e+01
1.343037e+02
1.145411e+01
2.368429e+00
1.279598e-04
1.454657e-02
5.325818e-04
9.453020e+00
2.490466e+05
1.875290e+00
1.617377e-03
1.835336e-02
3.499101e-02
1.165488e+01
6.789449e+06
2.277402e-02
1.443293e+03
1.086441e+00
1.006171e+05
5.122449e+01
1.150534e-01
9.888348e-01
4.613441e-01
1.484700e+02
2.379706e+02
3.847814e+01
6.205649e+00
1.270331e-01
1.063056e+05
1.274944e+00
4.734141e+00
8.709820e-01
3.370077e+01
1.775123e+00
5.611971e-04
1.718488e-03
7.234373e-05
6.273116e+00
4.407877e+04
8.682180e-05
3.420266e+02
1.509607e+00
6.914334e-02
9.159077e-01
2.142165e+00
1.036057e-01
6.134559e+02
4.596430e+00
2.349653e+04
1.731619e-01
2.778005e-02
1.206109e-03
5.857344e+01
9.191958e-01
1.274036e-01
2.874327e+01
1.866500e+02
1.043589e-02
1.941435e+00
1.095843e+00
6.571970e-01
2.187012e+00
1.109873e-04
9.572783e-04
4.681101e-04
6.631255e-07
4.438570e-02
7.316804e-01
1.182783e-05
1.399746e-02
1.215923e+00
9.619186e+01
