5.435871e-01
3.976159e+02
1.026769e+01
3.736538e+00
1.528761e+02
1.207882e+02
1.811193e+00
8.965635e-05
2.003806e-03
6.050743e-04
8.051992e-01
1.989397e+03
6.558744e+00
8.034819e-04
2.060659e-02
7.953228e-01
3.082306e+00
1.707498e+05
5.172995e-04
3.875419e+01
8.968183e-02
2.448848e+04
7.140537e+00
8.387470e-02
6.927849e-02
9.015979e-02
7.916023e+00
2.514465e+02
6.662644e+00
7.571311e+00
1.016860e-01
4.031300e+04
1.157245e+01
2.801177e+01
4.817680e-02
6.285296e+02
1.642239e+00
3.776336e-03
1.041464e-03
2.094970e-05
1.250403e+01
8.731442e+02
1.087623e-03
1.682560e+03
1.024823e+01
1.169113e-02
1.024442e-01
2.869202e-01
1.555745e+00
6.484991e+04
9.496771e-03
1.540922e+03
5.700670e-02
2.557034e-02
6.423575e-04
2.926197e+01
1.973248e+00
1.531715e-01
1.843202e+00
1.244471e+02
4.387415e-02
1.727457e+01
1.523127e-01
1.545799e-01
1.035004e+00
3.844268e-05
2.683759e-03
2.641507e-03
1.216658e-04
2.117558e-03
1.365357e+00
3.920382e-05
7.625989e-01
3.505811e+00
8.382823e+01
