2.330573e+00
7.311077e+03
1.927066e+01
2.474995e+01
1.071205e+02
2.448497e+01
1.849938e+00
3.648657e-05
9.956534e-02
6.144111e-03
2.258085e-01
7.001747e+04
1.516444e+00
7.068781e-03
4.921556e-02
5.025243e-02
1.637331e-03
1.274533e+07
4.151039e-03
1.515905e+03
1.442568e+01
8.214285e+05
7.227583e+01
8.047767e-01
2.476293e-02
5.071944e+00
4.968270e+01
1.971844e+02
1.431274e+01
1.503836e+01
1.120949e+01
3.438356e+04
6.347439e+01
6.479382e+02
6.071684e+00
2.069425e+03
1.720602e+00
1.252350e-03
1.741967e-03
2.976183e-03
2.580384e+02
2.988483e+03
7.353124e-03
3.021708e+04
4.771664e+01
2.597871e-01
7.233368e-01
7.525739e-01
2.851861e-02
2.092634e+03
7.388860e-03
3.888575e+03
1.520674e-02
1.152099e+00
9.634648e-02
4.890195e+01
1.076160e+01
1.155155e+00
8.649703e+00
4.393813e+01
1.154311e+00
3.250510e+01
1.405517e+01
8.581603e+00
1.121279e+00
2.734548e-04
6.575603e-04
1.697810e-04
1.127110e-06
1.453798e+00
5.924549e+00
1.338473e-04
6.660360e-02
1.323029e+00
1.349787e+02
