2.361229e+00
1.751670e+04
1.292247e+01
3.851640e+02
8.531930e+00
1.194488e+04
1.111151e+00
4.928093e-04
1.825580e-02
1.981331e-02
5.636949e+02
4.839670e+03
7.165586e+00
1.497237e-04
3.550923e-03
7.046790e+00
6.307478e-01
4.341477e+06
4.422969e-04
2.289545e+04
3.417754e+01
8.182661e+03
1.233175e+02
1.951325e-01
2.797950e-03
1.181390e-01
6.022312e+00
1.657177e+04
3.170063e+00
7.331699e+01
5.185298e+01
1.279667e+03
1.140021e+03
1.663868e+02
4.535128e-02
3.189113e+03
1.907021e+00
1.564285e-03
9.797352e-03
7.650000e-03
9.647502e-01
1.697539e+03
1.418985e-02
5.285524e+04
1.569636e-01
7.037924e+00
2.312615e-02
2.398080e-03
1.441422e-01
3.313186e+04
7.671746e+00
2.055588e+02
7.834431e+00
5.116820e+00
1.283698e-04
8.866095e+00
7.625811e-01
4.054971e+00
4.113752e-01
1.014362e+02
1.045283e-01
4.249123e+01
1.736647e+00
9.253469e-02
1.329476e+00
8.134331e-03
3.140353e-04
4.486952e-02
1.011639e-03
6.780501e-03
5.800307e-01
1.134634e-05
1.889162e-02
2.607864e+00
9.992775e+01
