5.637806e-01
4.033506e+03
4.734835e+01
6.742421e+02
6.733194e+02
1.167873e+04
3.111042e+00
2.646190e-04
6.452813e-04
7.471879e-03
2.122883e+01
3.316455e+05
7.511679e+00
1.102166e-03
9.371340e-04
1.049413e-01
2.281146e+00
1.660188e+07
8.466996e-04
7.591661e+01
1.446579e-01
1.865226e+03
2.516061e+01
1.331671e-01
8.599111e-01
1.293663e+00
4.751866e+02
1.522882e+03
1.944946e+02
1.051090e+01
8.803728e-02
4.447375e+02
8.070276e+01
7.117120e-01
1.171958e-01
4.202659e+00
1.876516e+00
5.252119e-03
1.176447e-03
4.106421e-06
5.956811e+02
1.097431e+05
3.934927e-04
3.109040e+04
2.791889e+00
8.552996e-04
4.994848e-02
9.675038e-03
1.102549e-01
2.618714e+04
1.785234e-03
3.166043e+01
8.345172e-02
7.823337e-02
3.429874e-02
1.191246e+00
5.690920e+00
3.234005e+00
9.010544e+01
2.101641e+00
2.597351e-03
2.016048e+00
2.705969e+00
9.675882e-02
1.045276e+00
1.450838e-03
1.259881e-03
1.128002e-04
1.360886e-05
6.210289e-03
2.793783e-02
1.008535e-03
7.877647e-02
2.570851e+00
7.943742e+02
