1.209197e+00
1.531094e+03
1.523602e+01
1.699608e+00
1.828797e+02
3.555757e+02
1.836459e+00
1.207436e-04
1.908093e-03
1.404043e-03
4.572971e+00
7.502559e+02
2.090739e+01
1.717534e-03
3.733719e-02
4.201521e+00
1.760460e+00
5.387929e+05
9.432210e-04
4.036829e+02
2.659645e-01
1.398523e+04
9.427514e+00
2.590023e-01
1.170666e-01
7.662060e-02
1.139091e+01
8.560779e+02
1.384727e+01
3.724698e+00
3.933242e-02
1.469300e+04
1.268273e+01
6.733972e+01
2.478491e-02
2.420906e+02
1.483929e+00
7.657223e-04
3.708843e-03
7.175412e-06
2.074890e+01
1.909880e+03
6.603082e-03
3.777173e+03
1.642938e+01
4.795735e-02
4.340208e-02
5.497413e-02
5.663847e-01
5.083961e+04
3.087539e-03
9.087600e+02
6.517747e-02
1.049864e-02
2.486763e-03
9.487887e+01
1.162525e+00
1.193202e-01
2.808887e+00
2.641288e+02
5.840662e-02
2.014920e+01
1.258698e-01
1.149089e-01
1.092852e+00
2.781988e-05
7.212365e-04
6.477684e-03
2.868899e-04
1.336079e-03
4.058805e-01
5.439635e-05
8.363561e-01
3.932774e+00
1.316063e+02
