6.115774e-01
6.044045e+02
1.721809e+01
4.307074e+00
3.134028e+02
1.058255e+02
2.172799e+00
6.051517e-05
1.131595e-02
6.951340e-04
5.293646e+00
1.548859e+03
6.953032e+00
1.946396e-04
8.756826e-03
3.391885e-02
1.661650e-01
8.279858e+05
4.945488e-04
2.312363e+03
4.516971e-01
1.008554e+04
3.138787e+01
1.858172e-01
2.137364e-01
7.016503e-02
6.337050e+00
1.663111e+03
5.589367e+00
2.764965e+01
2.000397e+00
1.280553e+04
1.754670e+01
6.862270e+01
8.616599e-01
1.465743e+02
1.493226e+00
4.593139e-03
7.680305e-04
2.942698e-04
2.942059e+00
6.780675e+03
2.058795e-04
2.102271e+02
2.547937e-01
3.104995e-02
3.745262e+00
1.346736e-02
3.561236e+00
9.528225e+03
2.829361e-02
2.446991e+02
3.265085e-02
6.338247e-02
1.311118e-03
6.903885e+00
2.025759e-01
4.712122e-01
9.722046e-01
4.091413e+02
7.372547e-03
6.652781e+00
4.469512e+00
2.713950e-01
1.269304e+00
6.124235e-05
1.480544e-03
1.111912e-03
7.017452e-05
1.074707e-02
9.118521e-02
2.937141e-05
2.943151e-02
2.586962e+00
1.260148e+02
