2.177213e-01
1.773742e+03
3.890968e+01
6.271834e+01
1.841385e+02
7.591656e+01
1.897616e+00
9.458623e-05
7.293918e-03
1.262292e-03
1.216233e+00
1.044224e+04
2.451448e-01
2.501775e-04
2.653578e-01
3.568371e-02
1.221343e-01
6.952255e+05
1.360049e-02
4.481069e+02
1.561233e-01
1.225688e+04
2.356271e+01
3.158058e+00
7.398744e-02
3.447032e-01
3.910024e+01
2.371162e+02
1.264011e+01
7.209619e+00
7.858055e-01
1.884700e+03
1.223125e+01
2.591494e+01
1.294753e+00
6.076723e+02
1.702290e+00
4.089664e-02
6.245633e-04
3.998989e-05
5.508016e+00
6.937056e+03
1.075058e-03
1.913344e+03
1.794525e+00
2.955389e-02
9.231042e-01
3.965765e-01
4.434084e+00
3.129087e+03
2.349721e-01
3.413889e+02
5.148342e-02
4.236017e-02
2.367608e-03
2.299485e+01
6.907577e-01
1.997696e-01
7.084333e-01
1.914357e+01
8.661532e-03
2.405383e+01
9.826278e-02
1.962753e-01
1.546377e+00
1.008726e-04
5.569778e-04
1.212188e-02
1.579722e-05
5.023467e-02
1.788145e-01
2.654657e-05
3.759057e-03
1.821183e+00
3.377487e+02
