6.837039e-01
1.869531e+03
1.806561e+01
2.282058e+00
1.751959e+02
2.691654e+02
1.755802e+00
1.541789e-04
1.404145e-03
1.301983e-03
4.037199e+00
1.016400e+03
1.804324e+01
2.109520e-03
2.765112e-02
3.502080e+00
1.474312e+00
3.521910e+05
6.871144e-04
3.794517e+02
2.259396e-01
1.330770e+04
1.137051e+01
2.283979e-01
1.336962e-01
9.066501e-02
8.340858e+00
5.188870e+02
1.227803e+01
2.787334e+00
4.260926e-02
1.416718e+04
1.042488e+01
4.845602e+01
2.957418e-02
1.831496e+02
1.466985e+00
8.194617e-04
2.747341e-03
7.618057e-06
1.883806e+01
2.217277e+03
4.936428e-03
3.844316e+03
1.680026e+01
5.355041e-02
6.688134e-02
3.837828e-02
4.002170e-01
3.835322e+04
2.945992e-03
1.227587e+03
6.779142e-02
9.443268e-03
1.585973e-03
9.352774e+01
1.075714e+00
7.758931e-02
2.915241e+00
2.232098e+02
4.521293e-02
2.340750e+01
1.499859e-01
1.220123e-01
1.102639e+00
2.544610e-05
6.636666e-04
8.259727e-03
2.607238e-04
1.193674e-03
4.928413e-01
3.778819e-05
6.611481e-01
3.705690e+00
2.133118e+02
