2.194403e+00
1.183915e+04
1.828108e+01
1.811823e+01
1.078505e+02
6.229851e+01
1.846787e+00
2.240211e-05
7.765684e-02
8.174809e-03
4.837873e-01
1.549067e+05
7.782744e-01
3.266596e-03
1.043739e-01
7.196086e-02
1.637307e-03
9.886453e+06
5.986878e-03
2.481517e+03
9.585255e+00
6.080398e+05
1.079799e+02
4.888870e-01
5.584671e-02
6.358861e+00
3.384709e+01
2.189828e+02
1.888379e+01
1.139673e+01
8.056276e+00
4.336040e+04
4.784742e+01
6.211911e+02
7.201335e+00
2.349078e+03
1.832982e+00
1.634131e-03
1.513001e-03
3.081629e-03
1.832496e+02
4.187735e+03
6.331953e-03
2.694443e+04
1.308585e+02
1.620905e+00
3.646342e-01
5.212272e-01
4.629666e-02
2.009944e+03
4.385445e-03
4.652357e+03
1.592587e-02
9.710918e-01
3.457278e-02
5.791534e+01
9.765477e+00
1.819119e+00
1.634472e+01
2.799884e+01
1.624932e+00
2.349293e+01
3.540167e+01
1.388615e+01
1.192344e+00
2.480568e-04
1.864933e-04
1.824933e-04
1.741570e-06
8.097712e-01
8.929204e+00
1.186882e-04
3.455225e-01
1.434208e+00
1.456584e+02
