8.221571e-01
4.439907e+03
1.137874e+01
8.403374e+00
1.222384e+02
3.269307e+01
1.670727e+00
1.344251e-05
7.496117e-02
9.047306e-03
2.558672e-01
1.164102e+05
5.147355e-01
5.287464e-03
5.741345e-02
5.572212e-02
1.871026e-03
5.099023e+06
3.315816e-03
7.302437e+02
1.112937e+01
5.108654e+05
4.532369e+01
6.685857e-01
1.200458e-02
2.378180e+00
1.977528e+01
1.241090e+02
1.287772e+01
6.266034e+00
7.233495e+00
3.466235e+04
3.071634e+01
3.914371e+02
7.503356e+00
2.383318e+03
1.850509e+00
1.529199e-03
1.048247e-03
1.213107e-03
1.723119e+02
3.764101e+03
3.762834e-03
1.755465e+04
4.648644e+01
7.711289e-01
3.807199e-01
2.677397e-01
5.104400e-02
1.152941e+03
2.783081e-03
2.460901e+03
8.014689e-03
7.327071e-01
4.370151e-02
3.262656e+01
1.473219e+01
1.242399e+00
5.994052e+00
1.177920e+01
1.545866e+00
4.009933e+01
1.744323e+01
1.011128e+01
1.082386e+00
2.469061e-04
2.117205e-04
1.321422e-04
1.520104e-06
9.860186e-01
1.042367e+01
1.161335e-04
1.468539e-01
1.449646e+00
1.529486e+02
