3.999527e-01
1.117500e+03
3.100812e+01
1.864968e+01
1.147498e+02
2.163681e+01
2.142601e+00
1.510952e-04
1.042542e-02
2.469723e-02
2.516914e+00
6.400211e+04
4.218608e-01
6.306327e-05
6.341717e-03
6.396745e-01
3.075307e-01
8.032101e+06
8.017125e-04
1.808056e+01
1.142465e+00
6.217044e+04
2.000208e+01
7.620778e-01
1.324250e-02
2.643417e-02
1.464706e+02
7.266008e+02
3.417315e+01
9.598596e+00
2.490703e+00
1.392807e+04
8.871028e+00
4.215907e+01
9.911118e-02
6.375633e+01
1.843080e+00
8.147684e-03
1.157453e-03
9.777339e-05
1.256715e+01
1.617011e+04
9.246863e-05
2.447896e+03
1.852562e+00
7.658534e-01
5.256961e-02
6.716695e-03
2.251667e-01
4.817425e+02
1.511374e-01
8.014261e+02
1.134304e-01
3.974980e-01
8.850909e-04
2.264427e+01
4.445075e+00
4.491024e-01
4.391768e+00
1.146536e+01
6.465498e-02
6.098485e+01
2.038112e+00
7.135837e-02
1.056429e+00
1.365992e-03
1.696896e-03
3.205857e-04
6.375302e-05
1.141155e-02
7.436417e-01
2.177102e-06
1.561313e-02
2.396250e+00
1.539750e+02
