6.460296e-01
1.668214e+03
1.448009e+01
2.668126e+00
2.679890e+02
2.074141e+02
1.757735e+00
1.493599e-04
1.725945e-03
1.878485e-03
5.497629e+00
1.098077e+03
1.525860e+01
1.814956e-03
2.139381e-02
3.942107e+00
2.937436e+00
3.808579e+05
9.398635e-04
2.293746e+02
1.985080e-01
1.616805e+04
8.853095e+00
2.010241e-01
1.658811e-01
1.122978e-01
1.275046e+01
7.676499e+02
1.677630e+01
4.976268e+00
6.173031e-02
2.165136e+04
1.308607e+01
4.990192e+01
3.831017e-02
3.165036e+02
1.395459e+00
1.336655e-03
2.318422e-03
6.401604e-06
1.949378e+01
1.847659e+03
4.579728e-03
5.657338e+03
1.455548e+01
8.271663e-02
8.486427e-02
5.497597e-02
5.426582e-01
3.920331e+04
4.075004e-03
1.367625e+03
9.852904e-02
9.890676e-03
1.871447e-03
7.261526e+01
1.154939e+00
6.186556e-02
1.276054e+00
1.687445e+02
5.227153e-02
2.704807e+01
1.716333e-01
1.044919e-01
1.152008e+00
2.607670e-05
9.210403e-04
7.315914e-03
1.496908e-04
1.342883e-03
1.055468e+00
3.180769e-05
5.435690e-01
3.484738e+00
1.951410e+02
