3.455073e-01
9.995341e+02
1.158896e+01
1.553732e+00
2.470128e+02
1.261123e+02
1.748345e+00
1.918200e-04
2.612139e-03
1.506188e-03
1.491989e+00
1.423413e+03
5.472119e+00
1.490455e-03
1.872664e-02
3.170513e+00
2.625868e+00
2.454521e+05
3.234615e-04
7.278090e+01
1.914823e-01
1.896874e+04
6.699826e+00
1.513404e-01
9.954294e-02
1.519391e-01
1.449017e+01
3.534369e+02
1.165981e+01
5.098777e+00
1.188943e-01
3.144552e+04
1.113990e+01
3.863762e+01
5.095660e-02
5.228708e+02
1.585825e+00
1.490269e-03
8.587179e-04
9.077237e-06
2.016763e+01
1.587197e+03
1.517716e-03
2.439867e+03
9.399169e+00
2.977212e-02
1.106701e-01
4.784477e-02
8.150519e-01
2.889416e+04
5.408466e-03
1.483991e+03
4.472954e-02
1.183565e-02
8.246334e-04
2.349363e+01
2.561287e+00
8.657486e-02
2.255579e+00
1.907290e+02
5.369730e-02
3.671447e+01
3.409391e-01
1.100937e-01
1.011142e+00
2.620559e-05
2.181660e-03
7.417744e-03
1.116440e-04
1.464712e-03
1.102042e+00
3.364621e-05
4.499293e-01
3.604958e+00
1.921010e+02
