3.822713e-01
1.921487e+03
1.267514e+01
1.568552e+00
2.357035e+02
1.595598e+02
1.617922e+00
2.912390e-04
1.701147e-03
1.668510e-03
3.382662e+00
7.675585e+02
1.129012e+01
2.818262e-03
1.885680e-02
4.326959e+00
2.548640e+00
1.961067e+05
6.161505e-04
2.538579e+02
2.022938e-01
2.051581e+04
6.635548e+00
1.530743e-01
1.299893e-01
1.519565e-01
8.461737e+00
4.312832e+02
1.216789e+01
3.734142e+00
1.238835e-01
2.488219e+04
1.036311e+01
4.083014e+01
3.429793e-02
3.931432e+02
1.416790e+00
1.137158e-03
2.226318e-03
7.774843e-06
1.211514e+01
2.002690e+03
4.486102e-03
3.140193e+03
1.696729e+01
4.980657e-02
6.448593e-02
3.537761e-02
4.784878e-01
2.204160e+04
5.478684e-03
1.797810e+03
5.584498e-02
8.538566e-03
1.532636e-03
6.030402e+01
1.651250e+00
4.743856e-02
1.272744e+00
1.733016e+02
7.200281e-02
4.740672e+01
2.055746e-01
1.107005e-01
1.108149e+00
2.070311e-05
1.361373e-03
1.335775e-02
1.204721e-04
1.566604e-03
1.762927e+00
2.177534e-05
4.663266e-01
3.377478e+00
2.788555e+02
