7.449197e-01
1.344255e+04
1.624135e+01
1.368870e+01
4.674049e+01
2.491993e+02
1.973179e+00
8.085372e-05
4.016044e-03
9.092534e-04
2.846629e+01
4.533524e+05
5.612214e+00
1.240700e-02
7.451656e-01
1.350797e-02
1.461115e-01
3.346211e+05
5.522118e-03
1.519430e+02
5.804153e-01
1.942932e+05
3.856082e+00
1.390740e+00
1.205843e-02
2.361724e-01
1.344641e+01
2.726232e+02
6.819860e-01
9.736353e+00
5.114606e-01
1.732252e+04
3.754674e+00
2.011449e+02
2.662792e+00
1.080287e+03
1.998189e+00
6.242396e-02
1.017728e-03
1.864200e-04
3.476790e+00
5.724864e+03
8.354481e-03
1.297198e+02
2.503188e+01
2.733258e+00
5.139811e-01
1.120058e-01
2.125322e+00
7.754646e+02
1.283162e-02
1.141640e+04
5.266107e-02
7.639117e-03
3.137238e-04
2.118231e+01
1.753163e-01
3.511305e+00
5.498243e+00
8.115969e+00
1.595588e-03
1.771399e+00
5.841109e+00
4.714592e-01
2.235002e+00
5.411996e-04
1.563783e-04
7.032796e-04
1.532845e-04
3.971887e-02
1.003451e-01
6.121130e-05
8.162914e-02
2.043979e+00
4.027808e+02
