1.045059e+00
2.572325e+02
9.242518e+00
2.227520e+00
5.630732e+00
2.149399e+03
2.764356e+00
8.918478e-05
3.501890e-03
2.600614e-03
1.267533e+00
7.935285e+03
1.114696e+00
3.813884e-04
6.264534e-02
2.822358e-02
4.431615e-02
2.683107e+06
2.951308e-03
2.525823e+03
2.733023e-02
1.270901e+05
1.995694e+00
9.153220e-02
5.566075e-02
6.566319e-02
7.367376e+01
7.007666e+01
1.455679e+00
9.995887e+01
5.656737e-02
3.084172e+02
2.171461e+01
5.271029e+00
2.561962e+00
2.017208e+01
1.944841e+00
1.359547e-03
4.942992e-03
7.273274e-06
3.180688e+00
8.631949e+04
5.151917e-04
1.526202e+02
2.234199e-01
1.479176e+00
1.274466e-01
4.752938e-02
3.162796e+00
2.759718e+03
6.917509e-02
9.113955e+02
3.741088e-02
5.311064e-01
3.529889e-03
6.207399e+00
5.227965e-01
1.297801e+00
2.756283e+00
5.812704e+01
9.095437e-03
4.832113e+00
1.368809e+01
9.639738e-01
1.188110e+00
6.580857e-05
4.509731e-04
1.146661e-03
6.322759e-05
1.679386e-02
1.321327e-01
1.642885e-05
2.549019e-02
1.676938e+00
3.437505e+01
