1.932081e-01
1.820138e+03
4.215276e+01
7.672101e+01
1.939506e+02
7.563673e+01
1.885690e+00
1.095532e-04
7.766703e-03
1.335068e-03
1.179779e+00
1.232651e+04
2.349346e-01
2.821715e-04
3.598611e-01
3.801724e-02
9.857641e-02
7.870625e+05
1.826884e-02
5.534389e+02
1.687664e-01
1.182964e+04
2.353898e+01
4.353390e+00
6.592800e-02
4.350248e-01
3.400741e+01
1.918228e+02
1.186641e+01
6.198758e+00
7.778644e-01
1.694641e+03
1.178393e+01
2.688874e+01
1.431557e+00
8.188738e+02
1.779863e+00
4.915161e-02
6.668663e-04
4.329833e-05
4.447147e+00
7.495392e+03
1.219573e-03
1.910906e+03
2.454561e+00
2.452826e-02
7.268520e-01
5.362592e-01
4.895381e+00
3.391675e+03
3.557198e-01
3.765092e+02
4.430556e-02
4.598432e-02
2.301898e-03
2.893917e+01
7.010232e-01
1.721477e-01
7.570413e-01
1.545227e+01
8.033127e-03
2.705281e+01
6.443731e-02
1.933705e-01
1.577566e+00
9.880024e-05
5.095394e-04
1.707611e-02
1.426307e-05
7.326748e-02
1.413949e-01
2.683481e-05
3.142709e-03
1.804850e+00
3.766050e+02
