2.121046e-01
9.757721e+02
1.614739e+01
9.582786e+01
7.212817e+01
1.010163e+04
1.791023e+00
2.074326e-04
1.461608e-03
3.239160e-02
6.059461e-01
6.867566e+03
5.352435e+01
1.267599e-03
4.710862e-01
2.484703e+00
4.389723e-02
3.665043e+07
6.526222e-02
2.311682e+02
5.000443e-01
1.303829e+04
7.592469e+01
9.267130e+00
1.292974e-01
6.760694e-02
4.014522e+00
9.096001e+03
4.869871e+00
1.877704e-01
1.136138e+01
6.811470e+02
1.398754e+01
7.290595e+01
8.937566e-02
3.552636e+01
3.056842e+00
1.287352e-03
2.972592e-02
1.846520e-03
2.074146e+00
8.950153e+03
4.701637e-04
3.306046e+02
9.272575e-01
3.168384e-02
1.209953e+00
3.811685e-03
3.595245e+00
7.643339e+02
1.894662e-01
1.751991e+03
3.967541e+00
1.079875e+00
2.514320e-02
2.126186e+01
5.595019e-02
3.669593e-01
1.362421e+01
6.142539e+01
7.946799e-02
4.686690e+01
1.223797e+01
6.911795e-02
2.137302e+00
1.047669e-04
1.158574e-03
5.805581e-03
3.859791e-06
1.963974e-02
2.993324e+00
4.997966e-06
2.863871e-01
3.400788e+00
1.685537e+02
