3.560572e-01
2.688225e+02
1.314581e+01
2.925456e+00
3.967024e+02
1.817774e+02
2.078601e+00
3.092819e-04
9.217604e-03
6.238375e-04
2.354216e-01
2.705796e+04
1.523449e+00
3.268801e-04
1.994898e-02
4.847635e-01
4.169323e-02
2.632244e+06
8.767308e-03
3.354160e+02
6.679861e-01
3.934837e+04
4.428540e+01
1.271460e+01
3.898907e-02
1.227284e+00
1.798532e+01
2.029719e+02
3.899005e+00
4.421442e+01
2.187545e-01
5.000204e+03
1.976130e+00
2.307614e+01
1.014442e+00
2.950894e+02
1.567405e+00
6.916914e-03
9.356913e-04
2.591233e-04
2.486668e+01
1.951632e+05
2.118711e-04
1.217975e+02
3.770967e-01
1.489005e-02
2.998648e-01
1.034981e-02
1.075864e-01
8.068760e+02
4.953687e-02
2.037599e+03
8.129627e-02
1.248607e-01
2.470290e-03
5.712544e+01
1.539083e-01
4.876283e-01
8.548230e-01
2.436215e+01
1.172154e-02
1.687094e+01
1.256689e+00
6.455546e-01
1.240451e+00
1.484022e-04
8.626643e-04
1.060732e-03
4.918198e-05
5.087567e-02
1.310744e-01
3.545079e-05
1.058517e-02
2.029718e+00
9.389226e+01
