2.178549e-01
1.258709e+02
6.839143e+02
4.073976e+02
1.529529e+01
1.510062e+02
3.182815e+00
1.261290e-02
1.740153e-04
3.378144e-02
5.910649e-02
3.707765e+04
6.568207e+00
8.004074e-05
2.287795e+00
9.836515e-02
4.851587e-02
7.355987e+03
1.011159e-02
5.751979e+01
1.652535e+00
7.676527e+05
5.140964e+02
2.313465e-02
2.592506e+00
6.128877e-01
2.446642e-01
1.938222e+02
9.315387e-02
3.579827e+00
4.972879e-02
8.767611e+03
1.904753e+01
4.723729e+01
6.552142e+01
3.843583e+02
1.000000e+00
3.719870e-03
4.099486e-03
4.943881e-06
1.501484e+02
2.578097e+05
3.383742e-02
1.200290e+02
1.592118e+00
2.014452e+00
2.678592e-01
3.383644e-01
1.005648e-01
9.748547e+02
8.718833e-02
2.711315e+01
2.531609e+00
2.290627e+00
2.320038e-04
5.947125e+02
6.883819e+00
1.062536e+00
5.520539e-02
2.683920e+01
1.701246e-03
4.201942e-01
2.780252e-01
1.990621e+01
1.666236e+00
2.870630e-05
3.825577e-02
1.143948e-02
1.945582e-05
2.981773e-03
2.741303e-01
2.272457e-04
6.384737e-01
1.854165e+00
2.923217e+02
