2.564974e-01
1.537858e+03
6.350282e+00
3.480884e+01
2.639012e+01
4.028633e+02
2.019029e+00
3.282637e-04
4.681031e-03
4.682432e-04
9.609656e-01
6.994076e+03
4.534747e+00
1.481296e-03
9.015752e-02
1.609423e-01
8.172928e-02
6.008593e+05
8.754141e-04
1.178047e+02
2.828587e-01
1.981520e+05
4.959434e+00
1.003436e+01
2.787310e-02
8.871389e-02
3.783955e+01
8.016624e+01
3.297839e+01
8.642869e+00
4.993516e-01
1.901730e+03
3.894424e+01
1.541092e+00
7.500520e-01
1.978778e+03
1.996855e+00
1.062243e-02
1.930813e-03
1.275075e-04
3.318999e+00
8.706151e+03
2.166742e-03
8.859439e+02
2.658328e-01
2.688301e-01
1.029145e+00
6.928561e-03
1.767724e+00
2.525910e+03
8.499135e-02
1.096570e+04
2.745380e+00
4.436334e-01
7.836774e-04
9.237454e+00
2.391999e-01
1.945874e-01
2.332584e+00
3.379423e+02
1.286311e-02
7.066142e+01
7.807309e-01
5.146286e-01
1.857638e+00
1.175760e-03
3.082998e-03
6.280107e-04
2.207458e-05
2.703850e-01
2.142636e-01
8.049372e-05
1.288800e-02
2.213433e+00
1.173383e+02
