3.255720e-01
2.207221e+02
5.562504e+01
5.440193e+01
1.302456e+02
5.003518e+01
2.701404e+00
6.957225e-04
1.692940e-03
3.003513e-03
7.882852e-01
9.694976e+04
5.137617e+00
3.275574e-03
2.623012e-02
1.137578e-01
4.906312e-03
1.578231e+06
2.265292e-02
3.152571e+02
1.295746e+00
6.416237e+04
4.012155e+01
3.960023e+00
1.146728e-01
7.390089e-01
8.313502e+00
6.995524e+03
6.911843e-01
4.618032e+00
8.615853e+00
9.565998e+03
5.636681e+01
4.735401e+01
8.770892e-01
8.502417e+00
1.536181e+00
2.099695e-02
6.874528e-04
2.352757e-04
8.234027e-01
1.539816e+04
7.627760e-05
3.123185e+02
2.070739e+00
3.514612e-01
4.553088e-01
1.158395e-01
2.454355e-01
5.785131e+03
1.685085e-02
2.293596e+03
3.195659e-01
9.075384e-01
1.043083e-03
1.815491e+02
1.171500e+00
2.739269e+00
2.590868e+00
3.513655e+02
9.822731e-03
1.011199e+02
2.754933e-01
1.846818e-01
1.694048e+00
8.797370e-05
1.101687e-03
3.538286e-03
1.024531e-04
1.541056e-01
5.768742e+00
6.225874e-05
5.789922e-03
2.086536e+00
1.041682e+02
