1.824455e-01
3.391173e+02
1.660854e+01
1.508543e+01
9.340784e+02
5.147212e+02
2.202908e+00
1.091516e-04
2.346753e-03
5.212441e-04
9.439997e-01
6.357692e+04
1.283294e+00
1.109172e-03
2.303952e-02
1.470039e-01
4.723325e-02
1.549120e+06
1.417876e-02
1.424004e+02
1.253165e+00
1.303891e+04
4.244090e+01
4.974532e-01
2.363547e-02
2.333029e-02
1.987168e+01
8.467239e+02
1.920260e+01
1.708425e+01
1.046299e-02
2.354691e+03
3.135152e+00
1.272067e+01
5.703083e-01
8.189822e+01
1.316978e+00
7.706819e-03
8.749000e-04
2.897075e-04
7.465469e-01
2.727906e+03
5.022461e-05
1.281217e+02
4.055441e+00
2.111794e-03
4.944488e-01
1.232905e-02
2.458901e-01
3.780449e+02
4.291626e-01
1.178458e+03
7.898376e-01
1.822879e-03
2.866589e-04
1.186255e+01
2.261281e-01
2.937886e-01
2.673883e+00
3.967395e+01
8.061283e-04
2.154331e+00
8.757566e-01
1.048509e-02
2.171303e+00
2.125879e-04
2.145848e-04
1.845170e-03
3.580706e-05
3.591839e-03
4.935039e-01
1.295004e-05
2.839132e-02
1.861656e+00
2.164389e+02
