8.954138e-01
7.671384e+02
1.313600e+01
1.285972e+01
6.807408e+02
2.346743e+01
1.886505e+00
5.125658e-04
2.136002e-02
3.904751e-04
2.543880e-01
9.128119e+03
1.205183e+01
3.810044e-03
1.494310e-02
9.243023e-02
2.730017e-01
1.103039e+05
1.329872e-03
2.305815e+02
4.313938e-01
1.790425e+05
1.229973e+01
2.794162e+00
7.782241e-03
2.809102e-02
1.503667e+01
5.994180e+02
2.333119e+00
3.018182e+01
4.750763e-01
1.912723e+03
1.825750e+01
8.761188e+01
6.434063e-01
3.350191e+02
1.777219e+00
1.499283e-03
2.107078e-03
8.308802e-04
1.608482e+00
2.563371e+04
6.126304e-04
7.034129e+01
4.113232e-01
1.454574e-01
1.945415e-01
1.724106e-02
5.163227e-02
1.631556e+03
7.180588e+00
1.213668e+02
4.472579e-02
1.465206e-02
2.712279e-03
7.877110e+01
1.061678e+00
3.673373e-02
2.163960e+00
1.361364e+02
3.388386e-03
1.088813e+01
5.481205e+00
3.962546e-01
1.690830e+00
6.860937e-05
1.958008e-04
2.688245e-03
8.380188e-04
4.330427e-03
2.180791e-01
1.706630e-04
8.123169e-03
2.276307e+00
1.240361e+02
