8.104227e-01
2.820486e+03
1.211526e+01
9.004269e+00
2.073980e+03
2.880937e+01
1.734998e+00
9.746192e-05
7.820487e-03
3.394179e-05
2.536560e-01
1.463524e+03
2.172648e+00
1.484191e-04
6.878921e-02
3.148700e+00
4.405563e-01
3.208008e+05
2.241018e-03
9.136849e+02
8.648531e-02
1.072763e+04
1.012501e+02
5.381278e-01
9.032583e-02
2.093583e+00
4.086559e+00
7.480928e+03
2.533204e+00
2.486605e+00
7.290494e-01
2.702517e+03
6.618642e+01
1.247876e+02
2.419837e-02
1.475974e+02
1.385592e+00
8.364080e-04
1.546651e-02
9.408838e-04
9.460665e+01
2.786191e+04
3.546763e-04
6.350064e+01
7.367263e-01
4.607727e-02
9.897623e-02
2.856117e-02
1.103373e-01
9.259520e+03
3.051203e-01
1.005919e+02
1.125299e-02
2.696726e-02
2.149788e-03
1.291131e+01
5.608450e+00
1.127494e-02
8.299839e-01
7.124027e+00
1.033010e-02
8.283929e-01
1.221028e+01
3.232477e-02
1.084440e+00
4.574221e-04
5.771683e-03
3.441814e-04
2.687589e-05
5.930637e-03
6.424365e-01
1.246172e-04
2.881762e-02
2.040786e+00
1.276777e+02
