1.782218e-01
6.830163e+02
1.886347e+01
1.305380e+01
2.985230e+01
7.181557e+01
1.842143e+00
1.918434e-04
3.678425e-03
1.049193e-03
1.680264e+00
2.320228e+04
2.202175e+00
9.235110e-04
2.542379e-03
2.811108e-02
1.105907e-01
1.993208e+05
6.051238e-04
7.022356e+01
1.346794e-01
1.096388e+04
5.939907e+00
8.869317e-01
7.224121e-03
3.124710e-02
8.339074e+00
2.045683e+02
3.377354e+00
6.000771e+01
1.899263e-01
6.851813e+03
5.006287e+00
8.366283e+00
1.045513e-01
1.025303e+02
1.611051e+00
6.807937e-03
8.978278e-04
1.531818e-04
2.707856e+00
2.559357e+03
5.609027e-05
1.245454e+03
4.233994e-01
5.304199e-03
5.809531e-02
8.264689e-03
9.137126e-01
1.896809e+03
2.831486e-02
2.867969e+02
8.203385e-02
2.005860e-02
1.469167e-03
1.054900e+01
2.864614e-01
1.628944e-01
2.189697e+00
3.454344e+01
7.945513e-03
5.491777e+00
2.344841e-01
2.985421e-02
1.709644e+00
4.428026e-04
3.432631e-04
1.837010e-03
1.349818e-05
8.699343e-03
8.958585e-02
2.346096e-05
3.890107e-03
1.673592e+00
2.174145e+02
