9.184119e-01
3.472988e+03
6.515681e+00
1.834559e+01
2.207220e+01
7.638818e+02
2.251261e+00
1.680376e-04
1.298895e-02
1.789388e-03
3.061356e-01
8.921292e+03
4.196034e+01
7.189821e-04
7.102243e-01
2.503205e-01
4.734110e-01
1.754550e+06
2.104571e-02
2.877513e+02
1.035017e-01
7.692862e+03
3.632401e+02
4.956073e+00
8.044581e-02
1.716383e+00
2.680183e+00
2.176146e+01
4.141570e+01
2.676936e+01
1.387221e-01
7.127832e+02
3.003176e+01
3.661318e+01
1.218396e-01
1.848555e+02
2.205209e+00
6.283614e-02
1.367052e-03
4.462722e-05
7.841316e+00
1.203744e+04
8.794376e-04
2.880534e+02
1.453837e+00
6.208990e-02
3.117034e-02
7.105392e-02
6.552240e-01
4.235327e+03
4.977639e-02
4.746206e+02
1.686983e-02
6.318614e-01
1.015867e-04
8.875708e-01
6.050859e-01
6.040806e-01
4.748983e-01
8.364496e+01
5.776367e-03
1.179702e+00
6.061869e-02
3.118596e-01
1.928621e+00
1.428252e-05
1.185658e-02
1.085950e-03
3.577379e-06
9.039103e-04
5.586974e-01
1.916645e-06
9.595929e-03
2.004051e+00
1.024424e+02
