1.177936e-01
4.478508e+02
1.179116e+01
9.796019e+00
4.487355e+02
2.552285e+02
2.175626e+00
8.736475e-05
2.662410e-03
4.939451e-04
6.273413e-01
1.966936e+04
1.085879e+00
3.837827e-04
2.142235e-02
5.556822e-02
4.363531e-02
8.028152e+05
4.688771e-03
6.993388e+01
1.478081e+00
4.224804e+04
3.133489e+01
6.814591e-01
4.800134e-02
1.834736e-02
1.087920e+01
3.810475e+02
1.949986e+01
1.076643e+01
1.078244e-02
1.075271e+03
2.366896e+00
7.825365e+00
8.020867e-01
1.121462e+02
1.251389e+00
6.598497e-03
1.087561e-03
1.656408e-04
4.754536e-01
1.697008e+03
2.026555e-05
1.045169e+02
1.729865e+00
2.002034e-03
3.129314e-01
9.268352e-03
2.320471e-01
6.596656e+02
1.683060e-01
1.707632e+03
4.149833e-01
3.706995e-03
1.794202e-04
5.441433e+00
2.124119e-01
2.023027e-01
2.706667e+00
4.208602e+01
9.056103e-04
3.973018e+00
3.993915e-01
1.519218e-02
2.007066e+00
3.041517e-04
1.557482e-04
1.903803e-03
2.962228e-05
3.411943e-03
1.776612e-01
1.424509e-05
3.435746e-02
1.719019e+00
2.078218e+02
