9.710918e-02
4.058856e+00
7.875871e+00
8.503563e+02
8.720461e+01
9.904726e+01
1.297158e+00
5.851598e-04
2.568431e-03
2.662320e-05
5.621217e+02
5.060023e+05
7.787439e+00
2.995018e-05
1.738775e-02
6.204711e-02
1.393184e-01
1.397358e+07
7.050745e-03
1.427331e+02
3.070292e+00
1.155651e+06
1.579284e+00
5.703796e-02
5.598921e-02
7.174310e-02
6.141247e+02
3.050705e+03
2.520096e+00
1.143534e+00
2.517844e+00
1.567336e+05
5.128612e+02
3.306488e+00
7.058965e-02
5.173882e+02
1.573775e+00
1.155547e-01
3.496852e-04
5.142969e-04
2.458743e+02
3.267485e+04
5.915127e-02
2.356668e+02
1.081886e+02
2.456176e-03
5.847132e-01
7.291870e-01
4.849199e-02
2.758547e+05
1.368140e-01
1.041505e+02
7.186741e+00
3.052409e-03
6.890652e-02
5.209866e+00
4.517005e-02
4.764277e+00
1.349436e+02
1.065977e+03
1.607182e-03
1.243872e+00
7.158002e+00
3.383101e+01
3.701804e+00
4.812663e-04
2.412552e-05
8.567146e-03
6.581344e-06
2.104693e-02
2.765049e+00
5.215895e-07
5.926386e-02
2.132033e+00
1.794510e+02
