1.962442e+01
4.933709e+03
1.039775e+01
4.932567e+02
1.024580e+03
8.102817e+00
2.910888e+00
4.607966e-04
1.190992e-03
3.097518e-03
2.940495e+02
2.780301e+05
6.017702e-01
1.756264e-02
4.941347e-01
9.536645e-01
7.448583e-03
2.001622e+07
1.049624e-02
8.631211e+00
3.449370e-02
1.554805e+03
3.953303e+01
8.429396e-01
1.732856e-02
2.438208e+00
1.924768e+01
4.669436e+02
2.718453e+02
6.669944e+00
1.744393e+00
5.176057e+03
9.231203e+00
3.022352e+02
4.545363e+00
5.070330e+03
2.121882e+00
2.087839e-03
6.988771e-04
1.072809e-04
8.867715e+01
9.715980e+03
1.239500e-05
7.699549e+02
1.307172e+02
2.007255e-02
2.164861e+00
1.419322e+00
1.553251e-02
3.749479e+03
2.945593e-02
2.898247e+04
7.687782e-03
1.153653e-03
1.031648e-02
7.544402e+02
1.708113e-01
1.056065e+01
1.677883e-01
3.857145e+01
8.998372e-04
3.498411e+02
2.276576e+01
1.288832e-01
3.114325e+00
3.077474e-03
5.379043e-02
9.400101e-05
6.502103e-04
7.588822e-04
4.723085e+00
1.802302e-03
2.436218e-01
3.685319e+00
7.871094e+01
