1.882338e+01
8.524135e+03
4.274548e+00
1.802927e+02
5.748514e-01
4.688334e+01
1.660436e+00
3.970718e-04
8.438112e-04
2.620998e-02
8.216941e+01
2.043041e+03
2.665452e+02
1.111166e-03
1.291342e-02
2.151878e-01
4.352615e-02
4.070095e+04
4.696942e-04
1.203380e+03
3.284324e-02
4.654221e+03
1.069266e+01
1.401078e-01
7.048660e-02
1.145917e+00
1.475040e+01
1.354499e+03
3.002531e-01
3.595184e+00
1.022117e+01
1.100962e+04
9.734852e+02
4.003847e+02
2.115182e-02
5.170909e+02
2.125509e+00
8.631200e-04
5.080190e-04
4.523960e-03
5.416379e+01
9.829545e+04
4.016717e-05
9.653297e+03
2.010747e-01
6.752056e+00
3.568203e+00
4.613374e-03
7.746659e-01
6.580304e+02
6.741150e+00
2.838739e+03
2.034679e-01
5.047589e+00
1.507329e-03
2.627506e-01
4.837099e-02
2.522628e-02
9.788463e+00
1.494133e+03
2.949656e-01
3.675637e+02
1.806123e+00
2.478300e+00
2.558041e+00
3.817356e-06
2.347934e-02
3.135859e-04
2.697851e-04
9.998669e-03
3.295447e+00
5.275577e-04
1.802951e-02
1.999534e+00
2.551538e+01
