9.877140e-01
1.822359e+03
1.964941e+01
1.709081e+01
6.867173e+02
3.061864e+01
1.622344e+00
1.383361e-04
1.017440e-02
6.242929e-05
1.867837e-01
5.126705e+03
3.580162e+00
4.734640e-04
1.443905e-01
3.729590e+00
3.012151e-01
1.674140e+05
2.127398e-03
1.051226e+03
1.158217e-01
1.850719e+04
7.432946e+01
4.025345e-01
1.259097e-01
5.161718e-01
1.589151e+00
2.726725e+03
2.789465e+00
3.112519e+00
5.416222e-01
9.322621e+03
1.486972e+01
1.916847e+01
8.120935e-02
6.297077e+01
1.489643e+00
1.421892e-03
3.169145e-02
2.710007e-04
3.314185e+01
1.470902e+05
2.614289e-04
3.363663e+01
5.594004e-01
3.423665e-02
3.360825e-01
1.524335e-02
6.262392e-02
7.351801e+03
2.549042e-01
9.284121e+01
4.519868e-02
1.231173e-02
8.895851e-04
2.549146e+01
1.736233e+00
5.910440e-03
1.247890e+00
2.627341e+01
3.986126e-03
2.979310e-01
4.844811e+00
4.782083e-02
1.044445e+00
2.888700e-04
3.824758e-03
8.717765e-04
2.614434e-05
1.174458e-02
4.185518e-01
7.656155e-05
3.015023e-02
2.246573e+00
1.372752e+02
