3.462734e+00
1.280165e+03
4.041983e+00
1.367680e+02
3.052739e+00
5.894901e+01
1.985924e+00
3.872285e-06
9.823886e-03
1.158063e-01
1.406780e+00
2.956655e+04
5.875013e+01
5.108078e-02
2.068157e-01
3.035467e-01
3.387828e-02
7.355987e+07
4.226672e-03
6.084971e+03
3.018388e+01
2.951607e+06
1.248940e+02
9.139399e+01
1.287736e-03
5.326359e-03
1.004397e+00
1.167028e+01
3.654982e+00
1.776923e-01
5.771550e+00
1.328856e+06
4.036792e+01
2.070680e-01
5.145652e+01
2.761404e+03
2.144707e+00
3.284434e-01
3.206281e-04
7.650000e-03
8.907637e-02
5.420363e+04
2.332527e-04
8.681567e+00
7.487406e-01
4.301195e-01
1.040974e+00
7.440371e-01
5.143564e+01
2.023282e+04
2.567510e-01
2.446185e+03
4.541989e-02
2.885477e-01
2.438332e-03
8.600440e+00
6.756585e+00
1.779487e+00
2.335459e+02
2.362017e+02
8.403668e-03
6.269730e+00
3.505745e+01
3.915818e+01
1.312667e+00
2.262734e-02
7.700387e-03
1.486581e-03
3.227814e-04
8.039892e-04
1.179601e-02
9.126193e-06
1.384439e+00
2.387519e+00
3.628062e+01
