2.566507e-01
8.935433e+02
1.793657e+01
1.179741e+01
2.357910e+01
8.772693e+01
1.888287e+00
2.299427e-04
4.483160e-03
1.347559e-03
1.972450e+00
3.192883e+04
2.358223e+00
1.006893e-03
2.864742e-03
2.909946e-02
1.348320e-01
1.367576e+05
6.213218e-04
1.071978e+02
1.250046e-01
1.481469e+04
5.310974e+00
6.488074e-01
1.114400e-02
3.371839e-02
9.701711e+00
1.945275e+02
3.650805e+00
8.982582e+01
1.827368e-01
6.506601e+03
7.240912e+00
8.607739e+00
1.596901e-01
1.211580e+02
1.676548e+00
1.193203e-02
8.377859e-04
1.496815e-04
2.966683e+00
4.558945e+03
5.534507e-05
2.337448e+03
6.341889e-01
5.195397e-03
4.531655e-02
1.180039e-02
9.551491e-01
2.157498e+03
2.740365e-02
2.372071e+02
9.188634e-02
2.440913e-02
1.626518e-03
1.056448e+01
4.622508e-01
1.939494e-01
2.381347e+00
4.331245e+01
1.103120e-02
7.282309e+00
3.775716e-01
4.935434e-02
1.737031e+00
3.571778e-04
3.429005e-04
2.786696e-03
2.343174e-05
7.215791e-03
7.155084e-02
1.812865e-05
2.860353e-03
1.705862e+00
2.315853e+02
