1.608508e-01
2.460622e+02
1.294640e+01
1.773137e+01
4.054860e+02
4.123267e+02
2.395616e+00
1.194990e-04
1.747181e-03
6.401190e-04
9.511256e-01
3.518169e+04
5.847202e-01
1.162770e-03
1.788649e-02
1.120871e-01
4.928868e-02
2.036543e+06
1.392892e-02
1.495508e+02
7.613387e-01
2.010302e+04
3.222772e+01
4.597050e-01
4.239098e-02
1.993840e-02
2.357095e+01
6.882034e+02
2.941971e+01
3.638052e+01
7.455020e-03
2.314553e+03
3.474661e+00
8.618413e+00
8.463395e-01
5.139264e+01
1.259632e+00
4.966366e-03
8.283284e-04
2.967378e-04
7.955735e-01
3.286840e+03
3.853288e-05
1.337900e+02
6.138740e+00
3.326408e-03
3.760159e-01
1.409791e-02
1.231964e-01
5.064810e+02
3.762858e-01
6.965795e+02
4.477799e-01
1.237382e-03
3.057591e-04
7.972974e+00
2.178039e-01
2.276596e-01
1.929512e+00
3.274629e+01
5.457563e-04
1.829430e+00
1.748035e+00
1.076053e-02
2.235315e+00
1.767199e-04
1.107854e-04
1.213931e-03
2.248808e-05
1.767147e-03
2.744320e-01
9.512895e-06
2.440137e-02
1.887898e+00
2.088426e+02
