1.403201e-02
5.502056e+03
6.421964e-01
2.994074e-01
1.292771e+01
3.514730e+02
1.014903e+00
5.035444e-04
6.136103e-04
4.823716e-02
1.148466e+00
2.068726e+03
1.191842e-01
2.178289e-05
5.451884e-01
4.312591e-02
1.260533e+00
4.789135e+06
7.666281e-03
7.395824e+03
1.173264e-02
2.354338e+03
9.384420e-01
4.115317e+00
7.013777e-01
4.509594e-01
1.954972e+00
4.415834e+00
1.486013e+00
1.547998e-01
8.194722e-02
7.333904e+04
1.379479e+03
1.504397e-01
1.794888e+01
1.574579e+04
1.040163e+00
3.494688e-03
6.699069e-04
1.389825e-06
1.311733e+02
1.743502e+03
1.681790e-02
3.586295e+01
6.993256e+01
5.363032e-03
3.730494e+01
1.644858e-01
3.046737e+00
3.386605e+03
3.937605e-02
1.157116e+01
5.218104e-03
2.424932e+00
6.943460e-04
1.580784e-01
3.216290e+00
2.011865e-02
1.580551e-01
4.275962e-01
3.410604e-03
8.578371e+01
1.391527e+01
2.731966e+00
2.437408e+00
1.489124e-03
7.878666e-03
4.161324e-02
5.779977e-07
3.672462e-02
6.716771e-02
7.214109e-05
4.052744e-04
3.177096e+00
1.242980e+02
