3.992319e+00
5.320789e+02
2.821540e+01
3.287599e-01
6.347921e-01
7.707224e+01
1.869464e+00
9.034827e-05
2.701681e-02
1.453621e-03
1.300910e+00
3.559820e+05
3.961775e+00
5.738973e-04
4.888998e-03
3.166469e-01
1.797312e-01
1.123835e+05
4.987058e-04
1.117200e+03
4.353025e-01
9.441445e+03
5.389593e+00
5.526554e-01
2.792950e-04
1.290886e-01
1.230260e+00
7.619332e+02
8.462477e-02
8.375500e-01
6.583367e-02
1.747673e+05
5.817155e+02
2.270213e+01
3.396866e+01
1.093015e+04
1.637526e+00
1.641446e-03
8.708572e-03
1.310370e-05
5.418037e-01
1.143607e+04
2.984293e-04
3.341707e+01
1.219255e-01
6.042062e-03
8.652024e+00
3.523719e+00
7.365323e-02
1.087614e+05
2.570050e-01
9.711035e+01
4.572977e+00
1.736604e-03
5.091240e-04
1.656833e-01
1.795234e+00
6.086825e-02
1.140865e+00
8.795613e-01
1.182784e+00
1.302244e+01
2.042453e-02
2.794083e-02
1.318495e+00
1.404516e-02
2.817941e-05
8.060367e-04
1.855392e-05
2.691861e-04
7.930179e+00
1.501565e-03
9.833813e-02
2.522291e+00
8.846012e+00
