1.500960e-01
8.561267e+02
3.370550e+01
1.109884e+02
4.080804e+01
1.188828e+02
2.693105e+00
1.504545e-04
6.557079e-03
1.781543e-03
1.304731e+01
4.138694e+04
1.773781e+00
8.052830e-04
4.953363e-01
6.244022e+00
7.930103e-02
4.093216e+05
1.261561e-02
1.932542e+02
5.304728e-01
9.335074e+04
2.508559e+01
5.432022e-01
5.752644e-02
1.652674e-01
1.660300e+01
3.062242e+02
1.163432e+01
3.612577e+01
8.797256e-01
6.342310e+04
7.694284e+00
1.066558e+02
2.558498e+00
5.322949e+02
1.379837e+00
1.454018e-02
8.977014e-04
6.982986e-05
1.699195e+01
5.627481e+03
1.156413e-03
1.376489e+03
6.677979e+00
5.705053e-02
5.445230e-01
1.187670e-02
1.067796e+00
2.031425e+03
1.339966e-01
2.471161e+04
5.497841e-02
1.530354e-01
9.968359e-04
1.854368e+01
1.476300e+00
8.479562e-01
3.287686e+00
8.242056e+01
1.320842e-02
2.164364e+00
6.102073e-01
3.473760e-01
1.785302e+00
3.672623e-04
4.677327e-04
5.330979e-03
2.264228e-04
8.843606e-03
2.077012e+00
6.989111e-05
8.130179e-03
1.696007e+00
3.629265e+02
