1.298823e+01
2.289300e+02
1.164748e+01
3.475655e+02
4.398376e+01
1.715523e+03
3.568399e+00
7.382447e-04
1.102440e-04
1.245747e-01
8.986826e-01
2.109163e+06
4.603479e+00
3.310595e-04
3.134827e-01
2.208502e-02
1.444770e+01
2.724460e+06
8.922801e-03
1.899553e+03
5.503461e-03
1.561809e+03
1.038268e+02
6.872175e-01
3.572899e-01
4.996257e+00
1.093330e+01
1.118530e+02
1.818520e+02
3.622098e-01
3.617721e-01
5.371495e+04
1.182802e+01
1.504397e+03
3.847000e+00
2.770752e+03
1.171826e+00
3.645842e-04
6.012340e-02
7.381492e-04
8.907637e+02
7.321381e+03
1.859698e-03
8.263582e+03
1.426448e+00
1.544820e-03
4.002387e+00
1.332498e+01
5.051267e+01
5.919106e+04
1.582937e+00
2.864961e+02
1.208128e-03
2.434899e-03
7.008926e-02
2.676345e+00
6.098282e-02
1.027172e-01
2.886135e+00
1.274904e+02
5.439479e-03
1.331727e+02
1.918975e-01
6.783490e+00
2.479548e+00
3.325419e-06
4.857947e-05
1.589023e-01
2.861886e-04
5.287218e-04
7.879362e-01
1.178845e-05
1.384439e+00
1.173871e+00
6.999476e+00
