1.862545e-01
1.211550e+02
1.076016e+01
7.125196e+00
2.426044e+02
9.648248e+01
1.762598e+00
3.234747e-04
6.521326e-03
3.292639e-05
4.349779e+00
5.454716e+03
1.618096e+00
1.040570e-03
7.425143e-02
3.348713e-02
1.990261e-02
6.659533e+05
1.501812e-02
6.483630e+01
1.541389e+00
1.995684e+05
3.573896e+00
7.613280e-01
1.957172e-03
4.273569e-01
5.874780e+01
1.331375e+02
1.781362e+01
4.845306e+00
1.707615e-01
1.907833e+04
8.299200e-01
8.779345e+00
1.296956e+00
2.738557e+02
1.774324e+00
1.197755e-02
1.117337e-03
2.656512e-05
2.699253e+00
1.043794e+04
6.116765e-04
6.219465e+00
9.180765e-01
5.276888e-03
4.900543e-01
4.005353e-02
3.690934e+00
3.013716e+03
4.333642e-01
1.005157e+03
3.825533e-02
1.472949e-01
4.621588e-03
6.071835e+00
2.611536e+00
8.038671e-02
2.065317e-01
4.454445e+01
7.853849e-03
2.239796e+00
5.631876e-02
1.944159e-01
1.552043e+00
2.125806e-04
2.323448e-04
1.414753e-03
5.130718e-05
2.767723e-03
4.282312e-02
9.838841e-06
2.781631e-03
1.847579e+00
1.415143e+02
