3.873557e-01
5.341720e+02
2.008824e+01
2.391759e+00
4.009392e+00
6.203568e+01
1.972723e+00
1.681972e-04
8.103134e-03
1.041044e-03
3.481587e-01
4.201134e+03
3.070041e+00
2.077814e-03
3.404336e-02
2.927643e-02
2.293840e-01
1.228517e+06
2.219792e-03
5.697421e+02
3.334784e-01
3.431827e+04
1.842289e+01
1.204966e+01
4.103023e-03
4.869270e-02
9.995597e+00
6.831124e+01
6.225568e+00
7.374184e+00
3.608409e-01
1.522078e+04
4.100869e+01
8.487173e+00
7.168225e-01
2.910299e+01
1.975200e+00
4.400807e-03
1.287138e-03
2.535384e-05
5.081905e+00
8.221330e+02
6.997003e-05
9.686367e+01
5.872979e+00
5.524655e-02
4.269704e-01
8.771872e-03
5.647711e-01
2.590561e+03
2.491049e-02
6.154330e+01
7.745022e-03
8.404291e-02
9.525177e-04
1.399138e+01
9.121468e-01
5.759301e-01
3.297519e+00
1.298046e+02
1.622360e-01
3.922083e+00
3.745330e-01
8.962137e-01
1.776867e+00
8.521079e-05
5.499655e-04
2.064947e-04
2.818972e-05
3.026884e-03
9.497181e-02
2.116737e-05
2.025230e-02
1.478322e+00
1.499555e+02
