3.774815e-01
4.357059e+02
1.954802e+01
1.528632e+00
4.961932e+00
6.957058e+01
1.839774e+00
1.514200e-04
7.622393e-03
1.477316e-03
2.933403e-01
2.201620e+03
3.140655e+00
1.670926e-03
4.184555e-02
2.147826e-02
1.989534e-01
6.226222e+05
1.285535e-03
5.278351e+02
2.335617e-01
2.666908e+04
1.497408e+01
1.820662e+01
2.703315e-03
5.436948e-02
9.201213e+00
7.843002e+01
7.473260e+00
8.520090e+00
3.611366e-01
7.179743e+03
5.339919e+01
6.346166e+00
7.336506e-01
2.674542e+01
1.857512e+00
3.948335e-03
9.673300e-04
1.544247e-05
3.072673e+00
7.713972e+02
6.680999e-05
1.175703e+02
8.798074e+00
8.424754e-02
3.532381e-01
8.621816e-03
5.365954e-01
1.854194e+03
1.199258e-02
9.249219e+01
8.575755e-03
4.728010e-02
5.171972e-04
1.208777e+01
5.561489e-01
6.220762e-01
2.419627e+00
9.889758e+01
1.918580e-01
2.752622e+00
4.450949e-01
7.638874e-01
1.802652e+00
9.008190e-05
5.010738e-04
1.140181e-04
2.229664e-05
2.213369e-03
9.469780e-02
2.082216e-05
1.513587e-02
1.482778e+00
1.355885e+02
