9.691088e-01
1.945956e+03
8.985682e+00
1.795541e+02
9.142856e+00
1.636127e+02
2.147523e+00
1.990422e-05
8.065656e-03
1.617421e-02
1.453047e+01
5.583632e+02
1.240503e+00
4.031653e-03
1.222443e-02
9.018684e-03
3.118591e-01
4.719820e+05
9.244140e-04
2.075639e+03
7.366923e-02
6.379215e+03
2.857555e+01
4.875802e-02
6.652816e-02
4.827106e-01
1.577640e+02
3.874526e+01
2.641108e+01
1.256840e+01
2.877051e-02
2.665565e+04
9.143471e+00
4.151016e+01
3.239638e-02
4.819107e+01
1.155218e+00
2.365519e-03
1.914639e-03
2.944260e-05
4.323305e+00
5.026790e+02
8.555991e-04
1.608881e+02
1.380450e+02
2.162225e-01
1.905107e-02
2.648725e-02
1.695079e+00
9.408053e+04
7.569792e-02
5.689439e+01
2.748453e+00
3.078391e-01
2.039150e-02
4.382118e+02
1.944229e+00
5.696656e+00
1.392354e+00
7.890160e+00
1.160526e-02
1.272791e+01
1.380174e-01
3.154077e-01
1.533919e+00
2.373418e-05
1.998202e-04
9.806797e-03
7.072219e-06
5.416418e-03
3.104175e-02
1.469604e-05
5.080142e-04
1.281445e+00
8.732846e+01
