1.761966e-01
8.905134e+01
2.167852e+01
2.919561e+01
2.269279e+01
6.190706e+01
1.712909e+00
1.176281e-04
8.371032e-03
7.195604e-03
4.480731e-01
2.136793e+04
1.735042e+00
2.254311e-04
2.384128e-02
1.302417e-01
2.072068e-01
2.406486e+06
1.273123e-02
2.667747e+02
5.175750e-01
2.186761e+04
1.512151e+01
1.141937e+00
1.263114e-01
6.470248e-01
2.575856e+00
4.958050e+02
3.877207e+00
3.260766e+00
1.249995e+00
2.898695e+03
6.467763e+00
3.877720e+01
1.567613e+00
7.005671e+02
1.460207e+00
1.432210e-03
1.513746e-03
3.163967e-04
1.278787e+01
1.652435e+04
5.485040e-04
4.015985e+03
1.432800e+00
3.634352e-02
5.982408e-02
1.337543e-01
5.365158e-01
4.859688e+03
1.071351e-01
6.712754e+02
2.095883e-02
6.652896e-02
3.661991e-04
1.550540e+01
2.487964e+00
1.264940e+00
1.185436e+00
1.412615e+01
8.217993e-03
5.037983e+00
6.781297e+00
1.504144e-01
2.022132e+00
3.826106e-04
2.954070e-03
4.249001e-03
1.546582e-05
3.917932e-02
2.015461e+00
3.714078e-05
1.192483e-02
2.092108e+00
2.126136e+02
