7.047401e-01
1.875161e+03
2.054307e+01
2.315865e+01
4.639071e+01
6.479071e+01
2.077367e+00
1.918532e-04
3.593794e-03
5.552878e-04
1.265899e+00
4.291370e+04
5.190052e-01
2.763800e-04
4.724054e-01
7.132197e-03
2.323135e-01
1.507239e+06
1.740355e-03
1.317292e+02
2.222378e-01
1.206521e+04
1.528886e+01
2.702190e-01
2.385296e-01
1.798895e-01
3.989270e+00
2.796360e+02
6.870590e+00
2.626781e+01
8.324168e-02
1.268656e+04
1.444715e+01
3.217111e+01
1.175293e+00
1.631282e+01
1.826287e+00
4.565906e-03
6.137557e-04
3.691465e-04
2.543689e+01
1.903402e+04
1.801234e-03
1.018589e+03
1.646904e+00
2.379506e-02
4.269321e+00
4.546160e-02
9.125876e-01
1.408082e+03
3.222050e-01
1.868035e+03
8.705221e-02
1.052993e-01
2.420901e-04
1.410208e+01
4.162241e+00
3.812142e-01
8.122067e-01
8.103750e+00
3.612315e-02
1.878834e+01
1.673099e-01
3.834921e-01
1.515684e+00
3.845215e-04
4.190565e-04
1.083238e-03
5.022183e-06
1.168528e-02
5.513835e-01
7.909358e-05
7.716598e-02
2.001019e+00
8.384175e+01
