1.496571e-01
1.207677e+03
1.617600e+01
4.325395e+00
8.397993e+01
1.415846e+02
2.300114e+00
6.881699e-04
4.197924e-04
2.575354e-04
6.852516e-01
9.247656e+03
3.709945e+00
3.559943e-03
2.757755e-02
4.824521e-01
1.411200e+00
1.682991e+06
2.464627e-03
1.129757e+04
2.855373e+00
7.655955e+04
1.076805e+02
4.632219e-01
1.687349e+00
1.159385e+00
2.549003e+02
1.567141e+03
1.809028e+02
2.671858e+01
7.574850e-01
2.495202e+04
3.258914e+02
1.179662e+01
8.730576e-01
9.531331e+02
1.878140e+00
1.067968e-03
6.595181e-04
4.633944e-05
3.852029e+00
9.802071e+03
3.632257e-04
3.199533e+01
2.367147e-01
6.641964e-02
8.225236e-01
6.048699e-01
1.976511e+00
3.738806e+03
1.621994e-01
4.005421e+03
1.334819e-01
1.095185e+00
2.664211e-03
2.482676e+01
4.867870e-01
1.822574e-01
1.703713e+00
1.753512e+01
2.589872e-03
1.005672e+02
4.398939e-01
2.632299e-01
2.756457e+00
3.661272e-04
1.999264e-02
1.709589e-03
2.443921e-05
4.502348e-01
1.636208e-02
3.207645e-05
4.644447e-02
2.151443e+00
3.416408e+02
