2.029673e-02
6.568469e+03
7.565655e+00
4.900126e+00
7.465233e-01
5.254615e+00
2.649591e+00
1.988831e-03
2.801531e-02
8.505296e-02
8.385718e-02
2.397452e+05
1.566330e-01
8.088840e-04
8.037937e-03
2.532165e-01
1.576787e+01
2.948712e+06
1.543882e-02
3.878377e+04
9.366074e-02
2.951607e+06
1.063961e+02
1.485555e-01
2.482248e-03
3.019518e-02
5.858138e-01
4.415834e+04
4.739888e+01
1.094647e+03
6.462720e-03
7.366892e+03
1.030660e+01
1.364492e+01
6.552142e+01
5.536492e+03
1.096189e+00
8.113399e-04
3.452934e-03
9.774474e-04
3.416739e+02
1.875126e+05
3.819462e-05
6.416478e+03
3.943931e-02
2.834841e+00
5.694610e+00
4.495248e-02
3.536958e-01
1.796392e+04
6.649312e-03
9.076453e+04
1.079626e-02
3.773162e+00
2.652655e-05
1.195561e+03
1.483230e-02
3.376152e-02
5.351555e+01
1.766837e+03
7.931682e-03
7.677137e-01
3.078125e+00
5.842689e-02
1.336098e+00
4.301751e-04
7.035030e-02
4.348318e-02
2.092698e-05
3.015502e-03
3.009091e-02
2.354579e-05
2.178398e-03
3.768123e+00
3.051652e+03
