4.807241e+00
3.070415e+04
1.666345e+03
6.259850e+01
8.734041e-01
6.872430e+00
1.000000e+00
1.815944e-05
6.463862e-02
3.286622e-03
1.481604e+01
3.552788e+02
2.992347e-02
2.237943e-05
2.426976e-04
1.289360e-03
3.191821e-01
6.484404e+06
1.568470e-02
6.054813e+01
2.206395e+01
3.857995e+05
5.534265e+00
1.712701e-01
5.347937e-02
3.585328e-01
1.923118e-01
2.400690e+03
1.164969e+00
6.816178e+00
6.542313e-02
1.325715e+04
2.628906e-01
1.554716e-01
3.581374e+00
5.815840e+01
1.146333e+00
2.701306e-02
5.451449e-03
7.365427e-03
1.284344e+02
8.358672e+02
2.165193e-03
5.285524e+04
1.925236e+01
8.561822e-01
8.344064e-01
1.167030e-01
9.099687e-03
6.344675e+01
2.300135e+00
8.209754e+03
1.949374e-01
1.591927e-02
1.528010e-04
7.282616e+00
2.782736e-02
5.377243e-03
1.509107e-01
1.388124e+03
4.066409e-03
1.199711e+00
2.220069e+00
1.135606e-01
3.264642e+00
1.415760e-02
5.414982e-03
5.171793e-02
8.007072e-04
6.108755e-01
2.198145e-02
5.291235e-07
1.356525e-01
4.000000e+00
7.290798e+00
