7.298564e-01
1.022982e+04
1.244754e+02
3.448661e+01
3.580326e+01
2.898110e+02
2.024367e+00
1.658854e-04
2.133873e-02
8.979655e-05
4.520289e+01
1.316922e+04
4.456818e+00
1.498332e-03
1.043303e+00
8.685542e-02
3.339281e-01
5.064423e+05
6.168470e-04
2.769264e+01
8.794593e-01
2.010893e+04
2.883561e+00
9.060775e+00
1.657207e-02
2.737235e-01
1.823286e+00
3.059591e+01
7.536009e+01
4.505908e+01
2.398263e-01
1.592614e+03
7.292818e+00
1.058709e+00
1.160992e-01
5.395891e+01
1.757226e+00
5.313044e-03
2.265506e-03
1.501077e-05
8.639193e+00
1.925254e+03
6.932371e-04
3.188931e+01
2.133357e-01
1.647340e-02
1.274587e+01
4.616718e-03
2.259851e+01
2.411228e+03
2.580353e-01
2.161948e+02
7.919665e-01
7.905118e-01
2.629370e-02
3.633195e+01
2.708093e-02
1.157332e+00
4.233876e+01
3.990795e+01
5.539930e-01
3.269970e+00
5.251789e-01
1.962164e-01
1.233249e+00
2.618826e-05
1.772691e-04
9.650883e-05
2.372319e-06
7.795017e-03
1.858465e-02
1.437729e-05
2.179726e-04
1.780346e+00
3.485427e+02
