1.693364e+00
5.432112e+03
3.133121e+01
7.620314e+01
1.667423e+02
1.163169e+02
2.215939e+00
1.241293e-04
3.675249e-03
3.970810e-04
3.117266e+00
5.389325e+04
4.651577e-01
3.275426e-04
1.056126e+00
4.415687e-03
3.532691e-01
1.359097e+06
1.973272e-03
1.389442e+02
4.139105e-01
5.517369e+03
5.851353e+01
1.259397e-01
4.880015e-01
1.023489e-01
5.949636e+00
1.951023e+02
9.039179e+00
7.466863e+01
5.333019e-02
3.398727e+04
2.777741e+01
4.554436e+01
1.021339e+00
6.552462e+00
1.730473e+00
3.994316e-03
5.282432e-04
6.094714e-04
3.388750e+01
7.111971e+04
2.499271e-03
1.595217e+03
7.974184e-01
2.436717e-02
2.199349e+00
3.270935e-02
1.378718e+00
8.181304e+03
9.159601e-01
4.057206e+03
1.913740e-02
2.187860e-02
1.963043e-04
1.248003e+01
3.616243e+00
9.243436e-01
1.641241e+00
1.632314e+01
2.962384e-02
3.931104e+01
2.776234e-01
4.403285e-01
1.636665e+00
1.571647e-04
7.207473e-04
1.411199e-03
6.109110e-06
2.359752e-02
4.276704e-01
1.061352e-04
3.693304e-02
1.831620e+00
1.771401e+02
