1.831973e-01
1.379614e+02
1.021255e+01
9.168770e+00
1.637480e+02
1.136952e+02
1.865269e+00
3.041284e-04
2.358328e-03
3.647211e-05
3.690457e+00
5.579613e+03
1.485715e+00
6.379215e-04
5.043198e-02
2.671399e-02
5.156778e-02
4.749067e+05
8.940552e-03
9.747790e+01
9.287155e-01
1.022270e+05
3.775568e+00
7.039983e-01
2.529978e-03
2.267977e-01
8.196396e+01
1.269453e+02
1.657879e+01
3.425362e+00
8.276426e-02
4.643646e+04
8.960938e-01
9.442361e+00
1.338119e+00
1.411945e+02
1.915399e+00
1.074517e-02
1.184170e-03
2.366584e-05
1.926476e+00
9.704175e+03
1.123361e-03
5.773267e+00
1.417542e+00
7.014898e-03
1.523932e-01
1.920886e-02
2.693783e+00
5.814626e+03
1.256287e-01
8.840044e+02
4.406398e-02
1.182459e-01
1.537886e-03
3.633674e+00
1.449880e+00
9.831433e-02
1.535094e-01
3.375059e+01
6.647356e-03
3.410687e+00
8.973779e-02
2.113916e-01
1.525897e+00
1.857597e-04
1.697913e-04
1.502227e-03
7.448742e-05
5.909917e-03
2.447068e-02
5.956736e-06
2.920000e-03
1.659922e+00
1.138256e+02
