5.754825e-02
9.616221e+02
1.235384e+01
5.447387e+00
2.045113e+02
4.184277e+02
2.781039e+00
3.702010e-04
5.044972e-04
2.128088e-04
1.142065e+00
1.829130e+04
4.059638e+00
1.369104e-03
2.610956e-02
1.009056e-01
1.275877e+00
3.874222e+06
8.606951e-04
2.259596e+03
8.036669e-01
2.638046e+04
1.062387e+02
3.730786e+00
1.101082e+00
2.847374e+00
2.959740e+02
9.681945e+02
2.460962e+02
2.527213e+01
3.448941e-01
2.131401e+04
3.448387e+02
1.865504e+01
7.639332e-01
1.191877e+03
2.669419e+00
1.690915e-03
6.936338e-04
6.703319e-05
5.515910e+00
5.364480e+03
2.313468e-03
7.884676e+01
1.424687e-01
3.015770e-02
2.940727e+00
4.506748e-01
3.524741e+00
1.381794e+04
5.148467e-02
2.941876e+03
4.369554e-01
5.184343e-01
4.774102e-03
3.131033e+01
9.435688e-01
2.143191e-01
2.586100e+00
5.217924e+01
2.764488e-03
2.075384e+02
1.296244e-01
1.914917e-01
2.493614e+00
2.722496e-04
5.836297e-02
2.105945e-03
1.828446e-05
1.760728e+00
2.785142e-02
2.269218e-05
1.426687e-01
2.241958e+00
3.836763e+02
