3.172175e-01
7.352519e+03
3.371074e+01
6.749588e+01
9.589721e+00
7.595314e+01
1.516567e+00
6.841575e-05
6.520726e-02
1.591168e-05
3.153449e+01
1.761570e+04
1.878301e+00
1.177937e-03
1.821701e+00
2.027849e-01
2.114810e-01
2.090465e+05
6.135822e-04
2.623795e+01
1.820963e+00
1.426267e+04
2.158973e+00
9.850515e+00
4.948104e-03
4.383220e-01
3.337114e+00
2.467696e+01
5.520213e+01
1.556603e+01
1.243606e-01
6.999865e+03
7.704928e+00
7.784809e+00
1.027451e-01
9.267782e+00
1.681487e+00
1.114956e-03
9.909267e-03
1.177956e-04
4.156093e+00
1.225316e+03
2.739842e-04
8.878889e+01
1.569867e-01
1.260671e-02
8.181757e+00
4.644265e-03
1.382567e+01
6.258382e+02
1.259095e-01
3.399698e+02
3.135047e-01
8.999647e-01
1.939227e-02
2.683638e+01
2.468965e-02
2.012533e-01
6.767204e+00
1.044818e+02
5.116711e-01
4.412790e+00
2.453464e-01
1.883223e-01
1.066171e+00
2.680804e-05
4.315279e-05
3.313885e-04
1.473121e-06
1.905642e-03
3.653276e-02
9.384662e-06
3.517200e-04
1.950066e+00
2.005472e+02
