1.912605e-01
7.337320e+02
1.618176e+01
2.161916e+01
1.867999e+01
1.709866e+02
1.753446e+00
6.825405e-05
1.765920e-03
9.328904e-04
1.326041e+01
1.044976e+05
4.245700e+00
7.038585e-05
7.593345e-02
9.940931e-02
1.191115e-01
1.107639e+05
7.305267e-04
4.709058e+02
4.985370e-01
4.496632e+03
3.343460e+01
1.981984e-01
2.853678e-03
6.428903e-02
1.486810e+01
3.596168e+01
6.653140e+00
1.598941e+01
8.354704e-01
1.579433e+03
3.988291e+01
2.904544e+00
3.497663e-01
7.487655e+01
1.856718e+00
2.111590e-03
2.635953e-03
7.361956e-05
7.211854e+00
8.347496e+03
2.414726e-04
1.010584e+03
8.959785e-01
6.924843e-02
5.149613e-02
3.145598e-01
1.385478e-01
1.476734e+04
6.484529e-02
3.974846e+01
4.592652e-02
4.131426e-02
1.183824e-03
4.834078e+00
2.102989e+00
2.559834e-01
9.633553e-02
2.331242e+00
5.604710e-02
6.056062e+01
2.678022e-01
1.397061e+00
1.266842e+00
3.166451e-04
1.015113e-02
1.298371e-03
4.867157e-06
1.096444e-02
1.978935e-01
2.931872e-05
6.349007e-03
1.806354e+00
3.091862e+02
