2.917876e-02
3.242589e+00
1.045761e+03
1.419080e+03
5.220422e+01
4.191538e+00
1.357586e+00
2.473342e-05
1.233572e-01
2.085763e-02
2.222715e+00
4.156870e+04
1.830923e+00
9.931972e-05
1.330498e-01
1.581769e-02
5.398145e-01
3.220703e+06
1.525621e-01
2.672688e+02
4.223749e+00
5.188727e+04
5.237123e+01
4.278043e+01
7.895958e-04
1.298040e+01
1.433025e+02
8.043195e+00
8.095525e-01
3.406548e+00
6.060512e-02
2.131269e+06
6.745502e+01
9.634423e+00
3.412599e-02
1.945045e+03
1.758263e+00
3.087902e-03
1.571478e-03
7.650000e-03
3.542398e+02
8.801251e+04
2.160102e-02
5.783709e+03
1.745848e+02
3.022441e-01
5.452852e+01
7.732875e-03
5.486743e-01
2.613323e+02
9.355707e-03
3.519461e+04
7.834431e+00
5.116820e+00
1.083914e-03
1.483678e+03
2.125884e+01
1.111075e+00
2.561990e+00
2.741012e+00
1.642694e-01
8.717761e+00
5.091259e+01
1.283019e-01
1.203951e+00
1.268510e-03
1.387886e-03
6.616602e-04
6.530589e-07
2.065147e-03
8.197903e-01
4.736313e-06
4.899328e-01
3.556867e+00
7.466374e+02
