3.631364e-02
1.359119e+02
2.251599e-01
5.139754e+02
1.791223e+00
5.078576e+01
1.152587e+00
2.808611e-04
7.674701e-03
5.844385e-03
2.027131e+01
3.529113e+03
2.992347e+02
7.389745e-05
5.177983e-01
1.237091e+00
5.223612e-02
1.288607e+07
2.614857e-03
2.283413e+03
1.546404e-02
5.501193e+04
1.009064e+03
3.369443e+01
2.653517e-03
5.800984e-02
3.174224e+02
5.645829e+00
3.791104e+00
9.464048e-01
8.096631e-01
1.572018e+06
9.489258e-01
3.898373e+02
1.202514e+00
2.079619e+01
4.000000e+00
2.953014e-01
1.325225e-02
7.650000e-03
1.432888e+00
4.905366e+03
2.809351e-02
3.214154e+04
6.886627e+00
4.120700e-02
1.601010e-02
2.120807e-03
1.284962e-01
2.487287e+04
3.477890e-01
9.021098e+02
1.154578e-02
9.992707e-01
1.783371e-04
3.422877e-01
7.068864e-01
2.303886e-01
9.330823e-01
9.410965e+00
1.139174e-03
3.056307e+02
9.883569e-02
1.445317e-02
1.908852e+00
1.553673e-05
1.021438e-03
1.414568e-03
1.496039e-04
5.863304e-01
3.969506e+01
2.861159e-03
1.384439e+00
2.405527e+00
4.142606e+02
