6.223218e+00
2.852685e+04
1.435214e+01
6.279179e+00
1.673443e+02
1.893668e+02
2.266348e+00
7.220277e-06
1.520826e-02
6.476739e-03
1.746522e+01
7.353051e+05
6.073068e+00
2.522740e-04
1.161059e-01
1.624788e-01
1.399896e+00
3.621779e+07
8.329956e-04
1.218660e+02
1.256449e-01
6.411485e+04
1.012521e+01
9.392364e-01
5.778199e-03
6.566945e-01
6.826226e+01
8.604754e+01
1.946620e+01
3.910560e+01
3.071497e+00
9.685974e+03
3.098160e+01
1.395067e+01
5.382257e-01
2.291356e+02
1.902605e+00
1.952379e-01
7.884923e-04
8.295801e-05
1.898394e+01
3.692902e+03
6.114784e-03
5.242867e+02
1.410081e+01
1.230514e-01
8.985042e-01
4.581316e-01
3.445972e-01
1.045797e+04
2.248619e-01
1.721368e+04
7.826262e-02
8.132883e-03
1.772979e-03
1.950527e+01
1.751235e-01
9.408812e-01
1.030614e+00
3.336951e+01
4.607503e-02
9.300408e+00
2.335042e-01
2.242313e-01
2.235905e+00
3.768668e-04
5.096883e-04
2.843948e-03
3.729866e-06
2.923526e-01
1.226040e+00
1.642484e-05
3.431636e-01
2.591885e+00
1.701377e+02
