8.783053e-03
1.413743e+02
2.379901e+02
2.130369e+01
1.449288e+01
2.577934e+01
1.278158e+00
9.790338e-04
3.654104e-04
5.981689e-03
2.209758e+00
2.619473e+06
6.739376e+01
1.172165e-01
2.426976e+00
3.564615e-03
2.954461e-02
6.896080e+07
6.000684e-04
3.200549e+04
9.369154e-02
1.485524e+06
1.150904e+00
7.062217e-01
5.628805e-01
3.899882e-01
1.318511e+01
1.061706e+02
6.703957e+00
4.331981e+02
2.662294e-02
2.025462e+06
5.239741e+01
4.708980e-01
1.351083e+00
4.010700e+03
1.716539e+00
1.000229e-03
4.594290e-02
1.460492e-06
3.231511e-01
2.416330e+03
1.081266e-05
1.008378e+04
1.109648e-01
2.285972e+00
2.653414e-02
1.233582e+00
5.097205e+01
2.555814e+04
1.830471e-01
3.876691e+01
7.834431e+00
3.254479e-01
1.988501e-02
9.544582e+01
1.367256e+01
1.631935e-01
1.905961e+00
1.421278e+00
5.373415e-01
9.544308e+02
6.783027e-01
4.132316e+01
1.238003e+00
2.704880e-02
3.215323e-03
1.144041e-01
3.500000e-03
3.097547e-01
8.621297e-02
5.714144e-07
2.302137e-02
1.354958e+00
1.480749e+03
