9.615030e-02
5.374096e+02
3.407735e+02
5.400730e+02
4.205371e+01
3.848767e+01
1.492532e+00
3.085404e-04
1.058941e-02
5.398390e-03
1.326872e+01
8.126512e+04
2.533122e-01
1.729708e-02
1.191042e-01
1.106588e-01
4.957501e-01
7.208075e+05
1.525735e-04
2.456076e+02
3.981739e+00
9.624801e+04
1.407658e+02
1.228806e+00
8.740081e-03
5.173432e-02
3.963346e+00
1.161527e+03
9.551008e-01
2.612354e+00
7.754400e-01
7.036304e+04
1.337841e+01
8.465015e+00
7.511989e-01
6.599557e+02
2.364670e+00
1.255015e-03
1.043289e-02
2.516257e-04
5.338277e+00
4.056466e+04
1.156385e-04
1.384971e+03
6.748024e+00
1.021208e-02
5.883356e-02
1.661480e-02
1.046002e+00
3.112383e+04
2.619448e-02
1.897048e+01
4.748199e-01
3.306126e-02
2.023705e-02
1.443379e+02
3.419067e-01
9.853057e-02
1.180674e+01
6.227269e+01
3.757628e-03
8.221100e+00
3.693450e+00
3.693903e-01
1.444757e+00
1.782568e-05
1.341733e-02
2.309696e-03
2.650302e-05
4.412236e-03
8.957088e-01
1.419838e-04
2.430154e-02
3.744473e+00
3.212664e+02
