1.119860e-02
7.168087e+02
7.418144e+02
1.632627e+03
1.173932e+02
3.597705e+02
1.525547e+00
2.711163e-04
1.859569e-03
2.522673e-03
5.481661e+01
1.021351e+06
1.196552e+02
3.188412e-03
4.735480e-02
1.745103e-03
7.664993e-01
8.971912e+06
1.146429e-01
1.192178e+04
4.053675e+00
5.122242e+05
2.441380e+01
7.663819e-01
1.114810e-03
3.899385e-03
1.614516e+03
1.537198e+02
1.039576e+02
3.098603e+01
2.538090e-02
8.489914e+04
3.110656e+02
8.541771e-01
2.935794e-01
1.092766e+02
1.215091e+00
3.203008e-03
2.981030e-02
1.520066e-05
1.799566e+02
2.042822e+05
8.878345e-04
1.555928e+03
5.191578e-01
1.658009e-02
2.452130e-02
2.594730e+00
1.393129e+01
4.993069e+04
6.032925e-01
2.320605e+03
4.037187e+00
1.748650e-03
1.319895e-03
9.656509e+02
5.899652e+01
2.828075e+00
1.170269e+02
6.583302e+00
6.276902e-03
1.269062e+01
4.812803e+00
5.554373e-01
1.257230e+00
2.772568e-06
6.953751e-02
4.259794e-02
8.824418e-05
5.408499e-01
7.823826e+00
8.723342e-06
7.717887e-02
2.902167e+00
2.098451e+03
