7.509055e-02
5.387103e+03
3.434701e+01
2.925596e+01
7.341350e-01
7.442164e+01
2.470430e+00
4.806169e-04
6.091953e-01
7.454718e-03
2.045585e+02
3.974504e+05
5.144287e+00
1.524050e-04
7.246196e-04
2.455701e-03
1.437499e+00
2.531858e+07
2.966422e-01
1.910419e+01
1.962558e-02
2.117677e+04
6.626432e-01
2.595847e+00
1.645704e-03
9.529697e-02
1.661589e+00
6.772488e+03
5.170788e-01
1.348924e+00
1.695894e-01
1.176091e+06
9.656625e-01
4.979167e-01
1.339291e+00
1.562064e+01
2.001607e+00
1.633355e-02
9.021069e-04
8.438783e-06
1.124562e+01
1.294684e+04
5.265567e-05
3.470218e+01
8.263006e-02
1.347174e-02
1.604946e-02
3.450750e+00
3.803562e-02
1.130421e+05
1.644196e-01
2.340888e+01
2.437041e+00
1.253004e-03
4.173929e-04
1.668078e+00
2.852539e+00
1.704143e-01
8.644422e+01
5.386239e+02
4.129007e-04
5.394995e+02
6.200994e+01
2.078626e-01
1.602531e+00
2.392440e-05
6.849027e-02
4.672863e-02
1.494607e-04
9.755647e-02
1.125918e+00
8.014947e-04
1.532115e-01
3.115506e+00
2.465043e+03
