9.633200e-02
8.636775e+01
3.445378e+01
3.292690e+01
7.697855e+00
1.063562e+02
1.762698e+00
3.075415e-04
2.719502e-03
8.635273e-04
1.615461e+01
2.220184e+04
3.981389e-01
2.055281e-03
1.174196e-02
1.696286e-02
8.959718e-02
2.380765e+05
3.840636e-02
2.802364e+02
9.953478e-02
2.586784e+05
2.563609e+00
7.422787e-01
3.659812e-02
2.990073e-02
1.161577e+01
2.776833e+01
1.298590e+00
3.878934e+00
1.331520e-01
1.426725e+04
4.738319e+00
1.686409e+01
9.495488e-01
1.119946e+02
1.411750e+00
5.469767e-03
1.062140e-03
1.530790e-05
1.132624e+01
9.966637e+03
2.711130e-04
1.748431e+02
1.664546e+00
3.983227e-02
2.274682e-02
2.539344e-02
3.577695e-01
1.265279e+03
6.103116e-02
5.192959e+01
2.457407e-02
7.499095e-02
3.377310e-04
8.664110e+00
1.451857e-01
1.338685e-01
9.339771e-01
1.550621e+01
1.829132e-02
6.110351e+00
1.995098e-01
4.864344e+00
1.209986e+00
4.064532e-04
9.947226e-05
1.179689e-02
1.948866e-05
1.165895e-02
3.663809e-01
1.110356e-04
8.954342e-02
2.837547e+00
2.745396e+02
