2.006983e-01
1.501613e+03
1.179089e+01
3.691118e+00
4.011898e+01
3.078159e+01
2.047278e+00
1.321785e-04
1.364231e-02
1.665176e-03
3.058080e+00
4.205555e+04
1.192739e-01
9.273302e-04
2.606696e-02
1.792478e-02
1.162957e-02
2.451349e+06
5.457402e-02
4.178520e+02
1.437097e-01
2.652477e+04
1.342728e+01
3.234096e-01
4.149709e-02
4.865908e-02
6.206359e+00
2.644928e+02
9.143761e-01
1.043633e+01
1.713463e+00
2.088779e+04
1.751206e+01
5.666484e+01
3.214546e-01
2.118681e+02
2.426450e+00
4.753414e-03
1.165372e-03
3.102975e-05
2.642393e+00
2.778991e+04
1.300701e-03
1.005977e+02
7.790936e+00
1.398993e-01
2.220065e-02
5.260410e-02
3.776515e+00
1.336633e+03
1.902295e-01
4.805320e+03
1.259439e-02
5.443155e-02
3.649810e-03
3.050663e+01
1.723339e+00
8.840554e-01
1.068151e+00
1.622264e+01
3.243401e-03
8.011496e+00
2.147584e-01
9.865807e-02
1.873292e+00
4.557345e-05
8.139866e-03
3.551592e-04
4.749375e-05
5.844634e-03
1.638174e+00
2.236979e-06
4.166349e-01
1.878887e+00
2.488807e+02
