3.735828e-01
4.491574e+02
4.181223e+01
6.954005e+01
1.090307e+01
8.527404e+01
1.726929e+00
3.859847e-04
2.410281e-03
8.053625e-04
1.956328e+01
4.703826e+04
2.472016e+00
3.065921e-03
2.920414e-01
6.323432e-03
3.241619e-01
3.295140e+06
3.107543e-03
1.571037e+02
2.571153e-01
3.710182e+04
5.207319e+00
7.412428e-01
2.247476e-02
2.076632e-01
8.590255e+00
1.116833e+03
2.796190e+01
9.925048e+00
4.501900e+00
4.368549e+02
2.733259e+00
1.444504e+02
1.914715e+00
1.267517e+02
1.923962e+00
2.334035e-03
1.439253e-03
9.450595e-05
1.519479e+00
1.972302e+03
8.539839e-05
1.108630e+03
9.058670e-01
5.506445e-02
7.076802e-01
6.477119e-02
2.298572e+00
1.729846e+03
7.199441e-03
5.469744e+02
7.690751e-03
1.996874e-02
1.373076e-02
1.071440e+02
8.378459e-02
2.940222e-01
3.537673e-01
4.493707e+01
5.757867e-03
2.602351e+00
3.151185e-01
7.782687e-01
1.638547e+00
1.000625e-03
2.665622e-03
5.769054e-04
2.325267e-05
1.467509e-02
1.283048e-01
5.842515e-05
1.160431e-02
2.312145e+00
1.262625e+02
