9.539471e+00
1.054475e+04
1.745447e+00
1.370744e+00
2.178684e+00
1.416727e+03
1.371275e+00
4.686346e-05
3.593608e-03
1.326200e-02
1.327518e+01
1.665113e+06
1.001308e+01
2.649992e-02
1.004500e-02
2.027765e-03
5.647571e-02
7.913912e+06
7.547910e-03
7.586048e+01
7.788927e-02
1.125231e+05
3.500091e+01
1.482592e+01
2.680558e-02
3.082389e-02
4.555350e-01
8.381055e+02
1.482238e+00
6.991386e+00
2.118540e+00
1.420022e+05
3.233235e+02
3.588403e+02
1.393591e+00
1.052457e+01
2.854504e+00
3.159725e-03
4.997906e-03
2.644958e-06
2.987094e+02
1.003473e+05
9.653848e-06
5.250015e+02
7.252453e+01
2.248144e+00
3.353993e-01
3.930604e-02
1.250748e-01
1.822057e+02
5.215166e-02
1.535141e+02
2.511663e-01
1.492531e+00
1.444892e-01
5.420729e+02
7.995820e+00
4.562974e-02
1.340799e+01
1.832946e+00
4.849008e-01
8.122796e-01
1.251635e+00
5.230755e+00
3.827041e+00
1.785737e-05
1.900790e-02
8.876752e-04
2.908403e-04
1.754605e-03
5.148039e-01
2.086341e-04
3.246809e-01
1.020860e+00
2.346368e+01
