4.927849e-01
3.383195e+02
1.827679e+01
7.621889e+00
2.595872e+02
1.085753e+02
1.960381e+00
3.707693e-05
2.774334e-02
1.138091e-03
2.059502e+00
3.382078e+04
1.888991e+01
2.385130e-04
7.478539e-02
2.314096e-01
8.103399e-02
1.581885e+05
1.288005e-03
1.431076e+02
9.715738e-02
3.259764e+04
5.728086e+00
1.644936e-01
1.042324e-02
4.250975e-02
2.859126e+01
2.885409e+02
1.376772e+00
1.390986e+01
1.460776e-01
1.723833e+04
1.935556e+01
1.920245e+00
1.319499e+00
7.561979e+01
2.110650e+00
2.130791e-03
7.960401e-04
5.265696e-05
1.270375e+01
3.348855e+05
4.600110e-04
7.335748e+01
3.333136e-01
4.454610e-01
8.870724e-02
6.667270e-01
2.000141e-01
8.949367e+03
2.437084e-02
1.010618e+04
1.467831e-02
3.471043e-02
1.929499e-03
2.831812e+00
3.332123e-01
1.018472e+00
1.303560e+01
2.702329e+01
3.394409e-01
1.592490e+01
1.891128e+00
1.601333e+00
1.948829e+00
7.371241e-05
2.859286e-03
9.271008e-03
5.915614e-05
6.164803e-04
1.145598e-01
3.596345e-05
3.639412e-03
1.801336e+00
1.336604e+02
